1.000000000000000000e+00 -4.601226993865030999e-03
6.200000000000000000e+01 1.137958521281776970e-03
5.660000000000000000e+02 6.350709727633876934e-04
4.700000000000000000e+01 4.433582691641014574e-03
8.000000000000000000e+00 -1.255845500626944639e-03
1.220000000000000000e+02 -1.395294581338885932e-03
2.000000000000000000e+00 -2.785923884736542754e-03
1.330000000000000000e+02 1.203614475115272415e-03
1.200000000000000000e+01 9.340190102930632935e-04
5.000000000000000000e+00 -3.432138763148945455e-03
1.200000000000000000e+01 -1.860040011420789965e-03
1.000000000000000000e+00 -6.779661016949117651e-03
2.000000000000000000e+00 -1.679507256463796949e-02
1.000000000000000000e+00 -8.687558175612817429e-03
1.000000000000000000e+00 -4.694835680751173815e-03
1.000000000000000000e+00 1.943048576214409170e-02
1.000000000000000000e+00 4.173512980611235323e-02
1.000000000000000000e+00 2.839116719242902251e-02
5.000000000000000000e+00 4.357891240002878704e-03
9.000000000000000000e+00 3.959389401037309922e-03
2.000000000000000000e+00 8.166775560307277387e-03
1.000000000000000000e+00 -3.686686963742037693e-02
2.000000000000000000e+00 -3.095509401997664084e-02
2.000000000000000000e+00 -3.521030479120721476e-03
4.000000000000000000e+00 -3.515098505750951022e-03
6.600000000000000000e+01 8.828456034774833120e-04
6.150000000000000000e+02 -2.153014689080514840e-04
1.000000000000000000e+00 -9.059729502362001696e-03
2.000000000000000000e+00 -9.106754350515096005e-03
3.000000000000000000e+00 1.081053742915773740e-02
1.000000000000000000e+00 2.820891118323986743e-02
1.000000000000000000e+00 3.334672559260755398e-02
2.000000000000000000e+00 9.630766849434762786e-03
9.000000000000000000e+00 3.305179733776303710e-03
8.700000000000000000e+01 5.188314667862348618e-04
2.000000000000000000e+00 3.056419931196915213e-02
1.300000000000000000e+01 3.181988528165044033e-06
9.300000000000000000e+01 -1.752515556508132702e-05
2.000000000000000000e+00 6.368452035395147891e-03
2.300000000000000000e+02 4.150268910691172898e-04
1.000000000000000000e+00 -1.945003353454057698e-02
1.040000000000000000e+02 1.369807128313021028e-03
4.300000000000000000e+01 2.000911111166270382e-03
6.000000000000000000e+00 2.941950560364104544e-03
2.000000000000000000e+00 -4.199249988090045932e-04
2.000000000000000000e+00 1.544369725738400749e-02
3.100000000000000000e+01 2.577566321828275286e-03
3.000000000000000000e+00 -1.815989666570230548e-04
6.100000000000000000e+01 -9.523053284392873474e-04
2.630000000000000000e+02 8.758652199089959380e-04
1.000000000000000000e+00 3.344768439108139740e-03
1.600000000000000000e+01 2.394572596508106124e-03
1.000000000000000000e+00 -1.138785701236210909e-02
1.500000000000000000e+01 9.738955832089291878e-04
1.610000000000000000e+02 1.272926705870140946e-03
5.300000000000000000e+01 1.350221515583753561e-04
7.100000000000000000e+01 7.748213267591538876e-04
3.000000000000000000e+00 7.343999333484935339e-03
6.000000000000000000e+00 8.453888425821287633e-03
1.000000000000000000e+00 8.816368063379081271e-03
2.000000000000000000e+00 1.507768756242496878e-02
2.000000000000000000e+00 1.535261616798156911e-02
4.000000000000000000e+00 -9.719085393752711563e-03
1.000000000000000000e+00 1.158828021154451569e-02
3.000000000000000000e+00 2.194623263504380528e-02
3.560000000000000000e+02 -4.438774147894171884e-04
2.370000000000000000e+02 2.039049532477390223e-04
1.010000000000000000e+02 6.313357642488015174e-04
4.100000000000000000e+01 -3.631011229503154614e-04
1.200000000000000000e+01 -5.643044619313637537e-03
1.000000000000000000e+00 1.587254406563021886e-02
1.000000000000000000e+00 6.415132984170628279e-03
1.800000000000000000e+01 2.205616150561606238e-03
2.000000000000000000e+00 -2.091611759361210535e-02
1.220000000000000000e+02 1.786125725615752495e-04
6.000000000000000000e+00 3.944311585277322958e-03
1.700000000000000000e+01 5.948852808374610439e-03
1.500000000000000000e+02 5.516882671226778665e-04
3.300000000000000000e+02 7.095373054341393452e-04
7.000000000000000000e+00 1.634782450399436052e-02
3.000000000000000000e+00 -2.470547772821407584e-02
1.000000000000000000e+00 -1.954397394136807645e-02
1.000000000000000000e+00 1.661129568106312331e-03
1.900000000000000000e+01 5.180713947738389488e-03
7.000000000000000000e+00 -7.339904840793745784e-03
2.000000000000000000e+00 -3.981887701255904660e-02
1.310000000000000000e+02 2.208407079890522488e-03
1.800000000000000000e+01 -6.419082470616763007e-04
6.800000000000000000e+01 -1.914849717096517301e-03
7.000000000000000000e+01 -1.284612772916761490e-03
1.000000000000000000e+00 3.163349235071560850e-02
9.000000000000000000e+00 -4.997631337480367211e-03
1.000000000000000000e+00 1.033810108483611441e-02
4.100000000000000000e+01 -2.421642748138272579e-03
2.250000000000000000e+02 1.164964627680654355e-04
5.300000000000000000e+01 -2.329873181968901419e-03
1.500000000000000000e+01 4.945796897852764058e-03
3.000000000000000000e+00 4.214222065485230193e-03
3.000000000000000000e+00 -1.970074898640138475e-04
6.000000000000000000e+00 -3.010992083575999840e-04
8.000000000000000000e+00 -3.085633576353934149e-03
4.100000000000000000e+01 -1.522476500094418171e-03
9.000000000000000000e+00 -6.128597204170536982e-04
1.490000000000000000e+02 -6.382166450565814357e-04
2.200000000000000000e+02 5.171458926948955398e-04
1.550000000000000000e+02 6.508137728574329766e-04
5.600000000000000000e+01 6.895520442097730638e-04
1.200000000000000000e+02 -1.056679045270030601e-03
3.000000000000000000e+00 -1.253194480594478069e-03
3.200000000000000000e+01 -5.560749907910464722e-04
5.000000000000000000e+00 4.063833579939189755e-03
6.000000000000000000e+00 -6.878682127937277421e-04
1.630000000000000000e+02 -2.308830871811186119e-04
3.000000000000000000e+00 1.109329839455627797e-02
1.400000000000000000e+01 -8.478599917565354718e-04
1.600000000000000000e+02 -4.088501800319708753e-04
3.000000000000000000e+00 -2.301997830710931711e-02
2.000000000000000000e+00 -7.153277448039003020e-03
7.300000000000000000e+01 -1.574173865565756981e-03
6.100000000000000000e+01 -6.263749724501210423e-04
6.000000000000000000e+00 -6.490496406286375532e-04
4.200000000000000000e+01 -2.225588590225759025e-03
3.000000000000000000e+00 1.942086373979274097e-02
1.420000000000000000e+02 -9.091003114102886489e-05
2.900000000000000000e+01 -2.162845992172595429e-03
1.400000000000000000e+02 -3.003202973207152191e-04
5.000000000000000000e+00 5.688382067030836250e-03
4.200000000000000000e+01 -1.950826970803122692e-04
