4.570000000000000000e+02 3.820000000000000000e+02 3.832500000000000000e+02 3.815000000000000000e+02 3.801000000000000227e+02 3.835000000000000000e+02 3.830000000000000000e+02 3.833000000000000114e+02 3.825000000000000000e+02 3.797500000000000000e+02 3.799499999999999886e+02 3.776000000000000227e+02 1.200000000000000000e+01
4.580000000000000000e+02 3.832500000000000000e+02 3.815000000000000000e+02 3.801000000000000227e+02 3.835000000000000000e+02 3.830000000000000000e+02 3.833000000000000114e+02 3.825000000000000000e+02 3.797500000000000000e+02 3.799499999999999886e+02 3.776000000000000227e+02 3.775000000000000000e+02 1.200000000000000000e+01
5.250000000000000000e+02 3.805000000000000000e+02 3.823999999999999773e+02 3.810000000000000000e+02 3.815000000000000000e+02 3.811999999999999886e+02 3.854499999999999886e+02 3.888000000000000114e+02 3.868500000000000227e+02 3.865000000000000000e+02 3.841999999999999886e+02 3.845000000000000000e+02 1.200000000000000000e+01
5.760000000000000000e+02 3.848500000000000227e+02 3.868500000000000227e+02 3.873999999999999773e+02 3.851000000000000227e+02 3.831999999999999886e+02 3.835000000000000000e+02 3.793999999999999773e+02 3.780000000000000000e+02 3.776000000000000227e+02 3.776999999999999886e+02 3.768000000000000114e+02 1.200000000000000000e+01
5.770000000000000000e+02 3.868500000000000227e+02 3.873999999999999773e+02 3.851000000000000227e+02 3.831999999999999886e+02 3.835000000000000000e+02 3.793999999999999773e+02 3.780000000000000000e+02 3.776000000000000227e+02 3.776999999999999886e+02 3.768000000000000114e+02 3.777500000000000000e+02 1.200000000000000000e+01
5.780000000000000000e+02 3.873999999999999773e+02 3.851000000000000227e+02 3.831999999999999886e+02 3.835000000000000000e+02 3.793999999999999773e+02 3.780000000000000000e+02 3.776000000000000227e+02 3.776999999999999886e+02 3.768000000000000114e+02 3.777500000000000000e+02 3.773999999999999773e+02 1.200000000000000000e+01
5.790000000000000000e+02 3.851000000000000227e+02 3.831999999999999886e+02 3.835000000000000000e+02 3.793999999999999773e+02 3.780000000000000000e+02 3.776000000000000227e+02 3.776999999999999886e+02 3.768000000000000114e+02 3.777500000000000000e+02 3.773999999999999773e+02 3.786499999999999773e+02 1.200000000000000000e+01
5.800000000000000000e+02 3.831999999999999886e+02 3.835000000000000000e+02 3.793999999999999773e+02 3.780000000000000000e+02 3.776000000000000227e+02 3.776999999999999886e+02 3.768000000000000114e+02 3.777500000000000000e+02 3.773999999999999773e+02 3.786499999999999773e+02 3.766000000000000227e+02 1.200000000000000000e+01
5.810000000000000000e+02 3.835000000000000000e+02 3.793999999999999773e+02 3.780000000000000000e+02 3.776000000000000227e+02 3.776999999999999886e+02 3.768000000000000114e+02 3.777500000000000000e+02 3.773999999999999773e+02 3.786499999999999773e+02 3.766000000000000227e+02 3.773999999999999773e+02 1.200000000000000000e+01
5.830000000000000000e+02 3.780000000000000000e+02 3.776000000000000227e+02 3.776999999999999886e+02 3.768000000000000114e+02 3.777500000000000000e+02 3.773999999999999773e+02 3.786499999999999773e+02 3.766000000000000227e+02 3.773999999999999773e+02 3.772500000000000000e+02 3.771999999999999886e+02 1.200000000000000000e+01
5.840000000000000000e+02 3.776000000000000227e+02 3.776999999999999886e+02 3.768000000000000114e+02 3.777500000000000000e+02 3.773999999999999773e+02 3.786499999999999773e+02 3.766000000000000227e+02 3.773999999999999773e+02 3.772500000000000000e+02 3.771999999999999886e+02 3.811499999999999773e+02 1.200000000000000000e+01
5.850000000000000000e+02 3.776999999999999886e+02 3.768000000000000114e+02 3.777500000000000000e+02 3.773999999999999773e+02 3.786499999999999773e+02 3.766000000000000227e+02 3.773999999999999773e+02 3.772500000000000000e+02 3.771999999999999886e+02 3.811499999999999773e+02 3.818999999999999773e+02 1.200000000000000000e+01
5.860000000000000000e+02 3.768000000000000114e+02 3.777500000000000000e+02 3.773999999999999773e+02 3.786499999999999773e+02 3.766000000000000227e+02 3.773999999999999773e+02 3.772500000000000000e+02 3.771999999999999886e+02 3.811499999999999773e+02 3.818999999999999773e+02 3.815000000000000000e+02 1.200000000000000000e+01
6.530000000000000000e+02 3.836999999999999886e+02 3.848500000000000227e+02 3.850000000000000000e+02 3.846499999999999773e+02 3.863000000000000114e+02 3.861000000000000227e+02 3.852500000000000000e+02 3.841000000000000227e+02 3.831499999999999773e+02 3.834499999999999886e+02 3.844499999999999886e+02 1.200000000000000000e+01
6.540000000000000000e+02 3.848500000000000227e+02 3.850000000000000000e+02 3.846499999999999773e+02 3.863000000000000114e+02 3.861000000000000227e+02 3.852500000000000000e+02 3.841000000000000227e+02 3.831499999999999773e+02 3.834499999999999886e+02 3.844499999999999886e+02 3.843500000000000227e+02 1.200000000000000000e+01
6.550000000000000000e+02 3.850000000000000000e+02 3.846499999999999773e+02 3.863000000000000114e+02 3.861000000000000227e+02 3.852500000000000000e+02 3.841000000000000227e+02 3.831499999999999773e+02 3.834499999999999886e+02 3.844499999999999886e+02 3.843500000000000227e+02 3.848000000000000114e+02 1.200000000000000000e+01
6.560000000000000000e+02 3.846499999999999773e+02 3.863000000000000114e+02 3.861000000000000227e+02 3.852500000000000000e+02 3.841000000000000227e+02 3.831499999999999773e+02 3.834499999999999886e+02 3.844499999999999886e+02 3.843500000000000227e+02 3.848000000000000114e+02 3.831000000000000227e+02 1.200000000000000000e+01
6.570000000000000000e+02 3.863000000000000114e+02 3.861000000000000227e+02 3.852500000000000000e+02 3.841000000000000227e+02 3.831499999999999773e+02 3.834499999999999886e+02 3.844499999999999886e+02 3.843500000000000227e+02 3.848000000000000114e+02 3.831000000000000227e+02 3.829499999999999886e+02 1.200000000000000000e+01
6.580000000000000000e+02 3.861000000000000227e+02 3.852500000000000000e+02 3.841000000000000227e+02 3.831499999999999773e+02 3.834499999999999886e+02 3.844499999999999886e+02 3.843500000000000227e+02 3.848000000000000114e+02 3.831000000000000227e+02 3.829499999999999886e+02 3.810500000000000114e+02 1.200000000000000000e+01
6.590000000000000000e+02 3.852500000000000000e+02 3.841000000000000227e+02 3.831499999999999773e+02 3.834499999999999886e+02 3.844499999999999886e+02 3.843500000000000227e+02 3.848000000000000114e+02 3.831000000000000227e+02 3.829499999999999886e+02 3.810500000000000114e+02 3.793999999999999773e+02 1.200000000000000000e+01
6.600000000000000000e+02 3.841000000000000227e+02 3.831499999999999773e+02 3.834499999999999886e+02 3.844499999999999886e+02 3.843500000000000227e+02 3.848000000000000114e+02 3.831000000000000227e+02 3.829499999999999886e+02 3.810500000000000114e+02 3.793999999999999773e+02 3.765500000000000114e+02 1.200000000000000000e+01
7.870000000000000000e+02 3.843000000000000114e+02 3.830000000000000000e+02 3.830500000000000114e+02 3.820000000000000000e+02 3.816999999999999886e+02 3.828500000000000227e+02 3.838000000000000114e+02 3.851499999999999773e+02 3.855000000000000000e+02 3.867500000000000000e+02 3.840000000000000000e+02 1.200000000000000000e+01
7.880000000000000000e+02 3.830000000000000000e+02 3.830500000000000114e+02 3.820000000000000000e+02 3.816999999999999886e+02 3.828500000000000227e+02 3.838000000000000114e+02 3.851499999999999773e+02 3.855000000000000000e+02 3.867500000000000000e+02 3.840000000000000000e+02 3.838500000000000227e+02 1.200000000000000000e+01
7.890000000000000000e+02 3.830500000000000114e+02 3.820000000000000000e+02 3.816999999999999886e+02 3.828500000000000227e+02 3.838000000000000114e+02 3.851499999999999773e+02 3.855000000000000000e+02 3.867500000000000000e+02 3.840000000000000000e+02 3.838500000000000227e+02 3.841999999999999886e+02 1.200000000000000000e+01
7.900000000000000000e+02 3.820000000000000000e+02 3.816999999999999886e+02 3.828500000000000227e+02 3.838000000000000114e+02 3.851499999999999773e+02 3.855000000000000000e+02 3.867500000000000000e+02 3.840000000000000000e+02 3.838500000000000227e+02 3.841999999999999886e+02 3.833000000000000114e+02 1.200000000000000000e+01
7.910000000000000000e+02 3.816999999999999886e+02 3.828500000000000227e+02 3.838000000000000114e+02 3.851499999999999773e+02 3.855000000000000000e+02 3.867500000000000000e+02 3.840000000000000000e+02 3.838500000000000227e+02 3.841999999999999886e+02 3.833000000000000114e+02 3.841000000000000227e+02 1.200000000000000000e+01
7.920000000000000000e+02 3.828500000000000227e+02 3.838000000000000114e+02 3.851499999999999773e+02 3.855000000000000000e+02 3.867500000000000000e+02 3.840000000000000000e+02 3.838500000000000227e+02 3.841999999999999886e+02 3.833000000000000114e+02 3.841000000000000227e+02 3.843000000000000114e+02 1.200000000000000000e+01
7.930000000000000000e+02 3.838000000000000114e+02 3.851499999999999773e+02 3.855000000000000000e+02 3.867500000000000000e+02 3.840000000000000000e+02 3.838500000000000227e+02 3.841999999999999886e+02 3.833000000000000114e+02 3.841000000000000227e+02 3.843000000000000114e+02 3.858500000000000227e+02 1.200000000000000000e+01
7.940000000000000000e+02 3.851499999999999773e+02 3.855000000000000000e+02 3.867500000000000000e+02 3.840000000000000000e+02 3.838500000000000227e+02 3.841999999999999886e+02 3.833000000000000114e+02 3.841000000000000227e+02 3.843000000000000114e+02 3.858500000000000227e+02 3.862500000000000000e+02 1.200000000000000000e+01
7.950000000000000000e+02 3.855000000000000000e+02 3.867500000000000000e+02 3.840000000000000000e+02 3.838500000000000227e+02 3.841999999999999886e+02 3.833000000000000114e+02 3.841000000000000227e+02 3.843000000000000114e+02 3.858500000000000227e+02 3.862500000000000000e+02 3.876999999999999886e+02 1.200000000000000000e+01
9.950000000000000000e+02 3.936999999999999886e+02 3.933999999999999773e+02 3.930000000000000000e+02 3.951999999999999886e+02 3.968500000000000227e+02 3.953999999999999773e+02 3.963000000000000114e+02 3.966999999999999886e+02 3.955000000000000000e+02 3.960000000000000000e+02 3.953500000000000227e+02 1.200000000000000000e+01
9.960000000000000000e+02 3.933999999999999773e+02 3.930000000000000000e+02 3.951999999999999886e+02 3.968500000000000227e+02 3.953999999999999773e+02 3.963000000000000114e+02 3.966999999999999886e+02 3.955000000000000000e+02 3.960000000000000000e+02 3.953500000000000227e+02 3.951000000000000227e+02 1.200000000000000000e+01
9.970000000000000000e+02 3.930000000000000000e+02 3.951999999999999886e+02 3.968500000000000227e+02 3.953999999999999773e+02 3.963000000000000114e+02 3.966999999999999886e+02 3.955000000000000000e+02 3.960000000000000000e+02 3.953500000000000227e+02 3.951000000000000227e+02 3.956999999999999886e+02 1.200000000000000000e+01
1.001000000000000000e+03 3.963000000000000114e+02 3.966999999999999886e+02 3.955000000000000000e+02 3.960000000000000000e+02 3.953500000000000227e+02 3.951000000000000227e+02 3.956999999999999886e+02 3.977500000000000000e+02 3.981000000000000227e+02 3.986000000000000227e+02 4.000000000000000000e+02 1.200000000000000000e+01
1.002000000000000000e+03 3.966999999999999886e+02 3.955000000000000000e+02 3.960000000000000000e+02 3.953500000000000227e+02 3.951000000000000227e+02 3.956999999999999886e+02 3.977500000000000000e+02 3.981000000000000227e+02 3.986000000000000227e+02 4.000000000000000000e+02 3.998999999999999773e+02 1.200000000000000000e+01
1.003000000000000000e+03 3.955000000000000000e+02 3.960000000000000000e+02 3.953500000000000227e+02 3.951000000000000227e+02 3.956999999999999886e+02 3.977500000000000000e+02 3.981000000000000227e+02 3.986000000000000227e+02 4.000000000000000000e+02 3.998999999999999773e+02 3.962500000000000000e+02 1.200000000000000000e+01
1.524000000000000000e+03 2.916999999999999886e+02 2.908999999999999773e+02 2.913000000000000114e+02 2.915000000000000000e+02 2.986999999999999886e+02 2.993999999999999773e+02 2.988000000000000114e+02 3.013000000000000114e+02 3.026000000000000227e+02 3.013999999999999773e+02 3.006999999999999886e+02 1.200000000000000000e+01
1.700000000000000000e+03 2.970000000000000000e+02 2.955000000000000000e+02 2.958000000000000114e+02 2.965000000000000000e+02 2.960000000000000000e+02 2.963999999999999773e+02 2.963000000000000114e+02 2.956000000000000227e+02 2.926999999999999886e+02 2.935000000000000000e+02 2.928000000000000114e+02 1.200000000000000000e+01
1.701000000000000000e+03 2.955000000000000000e+02 2.958000000000000114e+02 2.965000000000000000e+02 2.960000000000000000e+02 2.963999999999999773e+02 2.963000000000000114e+02 2.956000000000000227e+02 2.926999999999999886e+02 2.935000000000000000e+02 2.928000000000000114e+02 2.916000000000000227e+02 1.200000000000000000e+01
1.705000000000000000e+03 2.963999999999999773e+02 2.963000000000000114e+02 2.956000000000000227e+02 2.926999999999999886e+02 2.935000000000000000e+02 2.928000000000000114e+02 2.916000000000000227e+02 2.922500000000000000e+02 2.948999999999999773e+02 2.933999999999999773e+02 2.938000000000000114e+02 1.200000000000000000e+01
1.706000000000000000e+03 2.963000000000000114e+02 2.956000000000000227e+02 2.926999999999999886e+02 2.935000000000000000e+02 2.928000000000000114e+02 2.916000000000000227e+02 2.922500000000000000e+02 2.948999999999999773e+02 2.933999999999999773e+02 2.938000000000000114e+02 2.940000000000000000e+02 1.200000000000000000e+01
1.709000000000000000e+03 2.935000000000000000e+02 2.928000000000000114e+02 2.916000000000000227e+02 2.922500000000000000e+02 2.948999999999999773e+02 2.933999999999999773e+02 2.938000000000000114e+02 2.940000000000000000e+02 2.906000000000000227e+02 2.911000000000000227e+02 2.925000000000000000e+02 1.200000000000000000e+01
1.714000000000000000e+03 2.933999999999999773e+02 2.938000000000000114e+02 2.940000000000000000e+02 2.906000000000000227e+02 2.911000000000000227e+02 2.925000000000000000e+02 2.948000000000000114e+02 2.915000000000000000e+02 2.890000000000000000e+02 2.886999999999999886e+02 2.878500000000000227e+02 1.200000000000000000e+01
1.715000000000000000e+03 2.938000000000000114e+02 2.940000000000000000e+02 2.906000000000000227e+02 2.911000000000000227e+02 2.925000000000000000e+02 2.948000000000000114e+02 2.915000000000000000e+02 2.890000000000000000e+02 2.886999999999999886e+02 2.878500000000000227e+02 2.865000000000000000e+02 1.200000000000000000e+01
2.380000000000000000e+03 2.706000000000000227e+02 2.691000000000000227e+02 2.676999999999999886e+02 2.676999999999999886e+02 2.651000000000000227e+02 2.660000000000000000e+02 2.663999999999999773e+02 2.661000000000000227e+02 2.685000000000000000e+02 2.666000000000000227e+02 2.671000000000000227e+02 1.200000000000000000e+01
2.381000000000000000e+03 2.691000000000000227e+02 2.676999999999999886e+02 2.676999999999999886e+02 2.651000000000000227e+02 2.660000000000000000e+02 2.663999999999999773e+02 2.661000000000000227e+02 2.685000000000000000e+02 2.666000000000000227e+02 2.671000000000000227e+02 2.668999999999999773e+02 1.200000000000000000e+01
2.382000000000000000e+03 2.676999999999999886e+02 2.676999999999999886e+02 2.651000000000000227e+02 2.660000000000000000e+02 2.663999999999999773e+02 2.661000000000000227e+02 2.685000000000000000e+02 2.666000000000000227e+02 2.671000000000000227e+02 2.668999999999999773e+02 2.681999999999999886e+02 1.200000000000000000e+01
2.383000000000000000e+03 2.676999999999999886e+02 2.651000000000000227e+02 2.660000000000000000e+02 2.663999999999999773e+02 2.661000000000000227e+02 2.685000000000000000e+02 2.666000000000000227e+02 2.671000000000000227e+02 2.668999999999999773e+02 2.681999999999999886e+02 2.705000000000000000e+02 1.200000000000000000e+01
2.384000000000000000e+03 2.651000000000000227e+02 2.660000000000000000e+02 2.663999999999999773e+02 2.661000000000000227e+02 2.685000000000000000e+02 2.666000000000000227e+02 2.671000000000000227e+02 2.668999999999999773e+02 2.681999999999999886e+02 2.705000000000000000e+02 2.691999999999999886e+02 1.200000000000000000e+01
2.385000000000000000e+03 2.660000000000000000e+02 2.663999999999999773e+02 2.661000000000000227e+02 2.685000000000000000e+02 2.666000000000000227e+02 2.671000000000000227e+02 2.668999999999999773e+02 2.681999999999999886e+02 2.705000000000000000e+02 2.691999999999999886e+02 2.698999999999999773e+02 1.200000000000000000e+01
2.386000000000000000e+03 2.663999999999999773e+02 2.661000000000000227e+02 2.685000000000000000e+02 2.666000000000000227e+02 2.671000000000000227e+02 2.668999999999999773e+02 2.681999999999999886e+02 2.705000000000000000e+02 2.691999999999999886e+02 2.698999999999999773e+02 2.686000000000000227e+02 1.200000000000000000e+01
2.387000000000000000e+03 2.661000000000000227e+02 2.685000000000000000e+02 2.666000000000000227e+02 2.671000000000000227e+02 2.668999999999999773e+02 2.681999999999999886e+02 2.705000000000000000e+02 2.691999999999999886e+02 2.698999999999999773e+02 2.686000000000000227e+02 2.695000000000000000e+02 1.200000000000000000e+01
2.388000000000000000e+03 2.685000000000000000e+02 2.666000000000000227e+02 2.671000000000000227e+02 2.668999999999999773e+02 2.681999999999999886e+02 2.705000000000000000e+02 2.691999999999999886e+02 2.698999999999999773e+02 2.686000000000000227e+02 2.695000000000000000e+02 2.676999999999999886e+02 1.200000000000000000e+01
2.502000000000000000e+03 2.801000000000000227e+02 2.756999999999999886e+02 2.758999999999999773e+02 2.778999999999999773e+02 2.778000000000000114e+02 2.790000000000000000e+02 2.790000000000000000e+02 2.768000000000000114e+02 2.763000000000000114e+02 2.786999999999999886e+02 2.786000000000000227e+02 1.200000000000000000e+01
2.657000000000000000e+03 3.105000000000000000e+02 3.100000000000000000e+02 3.035000000000000000e+02 3.023000000000000114e+02 3.045000000000000000e+02 3.033000000000000114e+02 3.043999999999999773e+02 3.071499999999999773e+02 3.078999999999999773e+02 3.061000000000000227e+02 3.138000000000000114e+02 1.200000000000000000e+01
2.732000000000000000e+03 3.180000000000000000e+02 3.208500000000000227e+02 3.213000000000000114e+02 3.213999999999999773e+02 3.241999999999999886e+02 3.187500000000000000e+02 3.181000000000000227e+02 3.203000000000000114e+02 3.191000000000000227e+02 3.188000000000000114e+02 3.176000000000000227e+02 1.200000000000000000e+01
2.733000000000000000e+03 3.208500000000000227e+02 3.213000000000000114e+02 3.213999999999999773e+02 3.241999999999999886e+02 3.187500000000000000e+02 3.181000000000000227e+02 3.203000000000000114e+02 3.191000000000000227e+02 3.188000000000000114e+02 3.176000000000000227e+02 3.173999999999999773e+02 1.200000000000000000e+01
2.734000000000000000e+03 3.213000000000000114e+02 3.213999999999999773e+02 3.241999999999999886e+02 3.187500000000000000e+02 3.181000000000000227e+02 3.203000000000000114e+02 3.191000000000000227e+02 3.188000000000000114e+02 3.176000000000000227e+02 3.173999999999999773e+02 3.208000000000000114e+02 1.200000000000000000e+01
2.735000000000000000e+03 3.213999999999999773e+02 3.241999999999999886e+02 3.187500000000000000e+02 3.181000000000000227e+02 3.203000000000000114e+02 3.191000000000000227e+02 3.188000000000000114e+02 3.176000000000000227e+02 3.173999999999999773e+02 3.208000000000000114e+02 3.178500000000000227e+02 1.200000000000000000e+01
2.736000000000000000e+03 3.241999999999999886e+02 3.187500000000000000e+02 3.181000000000000227e+02 3.203000000000000114e+02 3.191000000000000227e+02 3.188000000000000114e+02 3.176000000000000227e+02 3.173999999999999773e+02 3.208000000000000114e+02 3.178500000000000227e+02 3.178999999999999773e+02 1.200000000000000000e+01
2.737000000000000000e+03 3.187500000000000000e+02 3.181000000000000227e+02 3.203000000000000114e+02 3.191000000000000227e+02 3.188000000000000114e+02 3.176000000000000227e+02 3.173999999999999773e+02 3.208000000000000114e+02 3.178500000000000227e+02 3.178999999999999773e+02 3.170500000000000114e+02 1.200000000000000000e+01
2.899000000000000000e+03 3.461499999999999773e+02 3.505000000000000000e+02 3.512500000000000000e+02 3.508999999999999773e+02 3.506000000000000227e+02 3.481499999999999773e+02 3.443500000000000227e+02 3.443000000000000114e+02 3.451999999999999886e+02 3.448999999999999773e+02 3.470500000000000114e+02 1.200000000000000000e+01
2.900000000000000000e+03 3.505000000000000000e+02 3.512500000000000000e+02 3.508999999999999773e+02 3.506000000000000227e+02 3.481499999999999773e+02 3.443500000000000227e+02 3.443000000000000114e+02 3.451999999999999886e+02 3.448999999999999773e+02 3.470500000000000114e+02 3.418999999999999773e+02 1.200000000000000000e+01
2.901000000000000000e+03 3.512500000000000000e+02 3.508999999999999773e+02 3.506000000000000227e+02 3.481499999999999773e+02 3.443500000000000227e+02 3.443000000000000114e+02 3.451999999999999886e+02 3.448999999999999773e+02 3.470500000000000114e+02 3.418999999999999773e+02 3.433000000000000114e+02 1.200000000000000000e+01
2.902000000000000000e+03 3.508999999999999773e+02 3.506000000000000227e+02 3.481499999999999773e+02 3.443500000000000227e+02 3.443000000000000114e+02 3.451999999999999886e+02 3.448999999999999773e+02 3.470500000000000114e+02 3.418999999999999773e+02 3.433000000000000114e+02 3.446000000000000227e+02 1.200000000000000000e+01
2.904000000000000000e+03 3.481499999999999773e+02 3.443500000000000227e+02 3.443000000000000114e+02 3.451999999999999886e+02 3.448999999999999773e+02 3.470500000000000114e+02 3.418999999999999773e+02 3.433000000000000114e+02 3.446000000000000227e+02 3.469499999999999886e+02 3.515000000000000000e+02 1.200000000000000000e+01
2.905000000000000000e+03 3.443500000000000227e+02 3.443000000000000114e+02 3.451999999999999886e+02 3.448999999999999773e+02 3.470500000000000114e+02 3.418999999999999773e+02 3.433000000000000114e+02 3.446000000000000227e+02 3.469499999999999886e+02 3.515000000000000000e+02 3.505000000000000000e+02 1.200000000000000000e+01
2.906000000000000000e+03 3.443000000000000114e+02 3.451999999999999886e+02 3.448999999999999773e+02 3.470500000000000114e+02 3.418999999999999773e+02 3.433000000000000114e+02 3.446000000000000227e+02 3.469499999999999886e+02 3.515000000000000000e+02 3.505000000000000000e+02 3.593999999999999773e+02 1.200000000000000000e+01
2.908000000000000000e+03 3.448999999999999773e+02 3.470500000000000114e+02 3.418999999999999773e+02 3.433000000000000114e+02 3.446000000000000227e+02 3.469499999999999886e+02 3.515000000000000000e+02 3.505000000000000000e+02 3.593999999999999773e+02 3.615000000000000000e+02 3.624499999999999886e+02 1.200000000000000000e+01
3.048000000000000000e+03 4.035000000000000000e+02 4.100000000000000000e+02 4.100000000000000000e+02 3.995000000000000000e+02 4.021999999999999886e+02 3.980000000000000000e+02 3.992500000000000000e+02 4.005000000000000000e+02 3.970000000000000000e+02 4.028000000000000114e+02 4.065000000000000000e+02 1.200000000000000000e+01
3.049000000000000000e+03 4.100000000000000000e+02 4.100000000000000000e+02 3.995000000000000000e+02 4.021999999999999886e+02 3.980000000000000000e+02 3.992500000000000000e+02 4.005000000000000000e+02 3.970000000000000000e+02 4.028000000000000114e+02 4.065000000000000000e+02 4.061999999999999886e+02 1.200000000000000000e+01
3.369000000000000000e+03 4.331999999999999886e+02 4.343999999999999773e+02 4.321999999999999886e+02 4.341999999999999886e+02 4.343999999999999773e+02 4.367500000000000000e+02 4.318999999999999773e+02 4.308000000000000114e+02 4.345000000000000000e+02 4.296000000000000227e+02 4.273999999999999773e+02 1.200000000000000000e+01
3.370000000000000000e+03 4.343999999999999773e+02 4.321999999999999886e+02 4.341999999999999886e+02 4.343999999999999773e+02 4.367500000000000000e+02 4.318999999999999773e+02 4.308000000000000114e+02 4.345000000000000000e+02 4.296000000000000227e+02 4.273999999999999773e+02 4.288500000000000227e+02 1.200000000000000000e+01
3.371000000000000000e+03 4.321999999999999886e+02 4.341999999999999886e+02 4.343999999999999773e+02 4.367500000000000000e+02 4.318999999999999773e+02 4.308000000000000114e+02 4.345000000000000000e+02 4.296000000000000227e+02 4.273999999999999773e+02 4.288500000000000227e+02 4.296499999999999773e+02 1.200000000000000000e+01
3.372000000000000000e+03 4.341999999999999886e+02 4.343999999999999773e+02 4.367500000000000000e+02 4.318999999999999773e+02 4.308000000000000114e+02 4.345000000000000000e+02 4.296000000000000227e+02 4.273999999999999773e+02 4.288500000000000227e+02 4.296499999999999773e+02 4.253500000000000227e+02 1.200000000000000000e+01
3.373000000000000000e+03 4.343999999999999773e+02 4.367500000000000000e+02 4.318999999999999773e+02 4.308000000000000114e+02 4.345000000000000000e+02 4.296000000000000227e+02 4.273999999999999773e+02 4.288500000000000227e+02 4.296499999999999773e+02 4.253500000000000227e+02 4.257500000000000000e+02 1.200000000000000000e+01
3.605000000000000000e+03 5.547999999999999545e+02 5.533999999999999773e+02 5.540000000000000000e+02 5.513999999999999773e+02 5.501000000000000227e+02 5.497000000000000455e+02 5.600000000000000000e+02 5.665000000000000000e+02 5.642999999999999545e+02 5.730000000000000000e+02 5.882000000000000455e+02 1.200000000000000000e+01
3.669000000000000000e+03 5.590000000000000000e+02 5.695000000000000000e+02 5.805000000000000000e+02 5.687999999999999545e+02 5.760000000000000000e+02 5.865000000000000000e+02 5.802999999999999545e+02 5.830000000000000000e+02 5.849500000000000455e+02 5.813999999999999773e+02 5.797000000000000455e+02 1.200000000000000000e+01
3.670000000000000000e+03 5.695000000000000000e+02 5.805000000000000000e+02 5.687999999999999545e+02 5.760000000000000000e+02 5.865000000000000000e+02 5.802999999999999545e+02 5.830000000000000000e+02 5.849500000000000455e+02 5.813999999999999773e+02 5.797000000000000455e+02 5.970000000000000000e+02 1.200000000000000000e+01
3.671000000000000000e+03 5.805000000000000000e+02 5.687999999999999545e+02 5.760000000000000000e+02 5.865000000000000000e+02 5.802999999999999545e+02 5.830000000000000000e+02 5.849500000000000455e+02 5.813999999999999773e+02 5.797000000000000455e+02 5.970000000000000000e+02 6.126000000000000227e+02 1.200000000000000000e+01
3.672000000000000000e+03 5.687999999999999545e+02 5.760000000000000000e+02 5.865000000000000000e+02 5.802999999999999545e+02 5.830000000000000000e+02 5.849500000000000455e+02 5.813999999999999773e+02 5.797000000000000455e+02 5.970000000000000000e+02 6.126000000000000227e+02 6.240000000000000000e+02 1.200000000000000000e+01
3.673000000000000000e+03 5.760000000000000000e+02 5.865000000000000000e+02 5.802999999999999545e+02 5.830000000000000000e+02 5.849500000000000455e+02 5.813999999999999773e+02 5.797000000000000455e+02 5.970000000000000000e+02 6.126000000000000227e+02 6.240000000000000000e+02 6.215000000000000000e+02 1.200000000000000000e+01
3.674000000000000000e+03 5.865000000000000000e+02 5.802999999999999545e+02 5.830000000000000000e+02 5.849500000000000455e+02 5.813999999999999773e+02 5.797000000000000455e+02 5.970000000000000000e+02 6.126000000000000227e+02 6.240000000000000000e+02 6.215000000000000000e+02 6.281000000000000227e+02 1.200000000000000000e+01
3.675000000000000000e+03 5.802999999999999545e+02 5.830000000000000000e+02 5.849500000000000455e+02 5.813999999999999773e+02 5.797000000000000455e+02 5.970000000000000000e+02 6.126000000000000227e+02 6.240000000000000000e+02 6.215000000000000000e+02 6.281000000000000227e+02 6.332000000000000455e+02 1.200000000000000000e+01
3.676000000000000000e+03 5.830000000000000000e+02 5.849500000000000455e+02 5.813999999999999773e+02 5.797000000000000455e+02 5.970000000000000000e+02 6.126000000000000227e+02 6.240000000000000000e+02 6.215000000000000000e+02 6.281000000000000227e+02 6.332000000000000455e+02 6.297999999999999545e+02 1.200000000000000000e+01
3.677000000000000000e+03 5.849500000000000455e+02 5.813999999999999773e+02 5.797000000000000455e+02 5.970000000000000000e+02 6.126000000000000227e+02 6.240000000000000000e+02 6.215000000000000000e+02 6.281000000000000227e+02 6.332000000000000455e+02 6.297999999999999545e+02 6.232999999999999545e+02 1.200000000000000000e+01
3.809000000000000000e+03 6.267999999999999545e+02 6.345000000000000000e+02 6.362999999999999545e+02 6.400000000000000000e+02 6.272000000000000455e+02 6.215000000000000000e+02 6.068999999999999773e+02 6.093999999999999773e+02 6.130000000000000000e+02 6.112000000000000455e+02 6.113999999999999773e+02 1.200000000000000000e+01
3.810000000000000000e+03 6.345000000000000000e+02 6.362999999999999545e+02 6.400000000000000000e+02 6.272000000000000455e+02 6.215000000000000000e+02 6.068999999999999773e+02 6.093999999999999773e+02 6.130000000000000000e+02 6.112000000000000455e+02 6.113999999999999773e+02 6.263999999999999773e+02 1.200000000000000000e+01
3.811000000000000000e+03 6.362999999999999545e+02 6.400000000000000000e+02 6.272000000000000455e+02 6.215000000000000000e+02 6.068999999999999773e+02 6.093999999999999773e+02 6.130000000000000000e+02 6.112000000000000455e+02 6.113999999999999773e+02 6.263999999999999773e+02 6.262000000000000455e+02 1.200000000000000000e+01
3.812000000000000000e+03 6.400000000000000000e+02 6.272000000000000455e+02 6.215000000000000000e+02 6.068999999999999773e+02 6.093999999999999773e+02 6.130000000000000000e+02 6.112000000000000455e+02 6.113999999999999773e+02 6.263999999999999773e+02 6.262000000000000455e+02 6.248999999999999773e+02 1.200000000000000000e+01
3.933000000000000000e+03 6.545000000000000000e+02 6.512000000000000455e+02 6.536000000000000227e+02 6.511000000000000227e+02 6.400000000000000000e+02 6.430000000000000000e+02 6.480000000000000000e+02 6.488999999999999773e+02 6.566000000000000227e+02 6.531000000000000227e+02 6.537999999999999545e+02 1.200000000000000000e+01
4.419000000000000000e+03 8.855000000000000000e+02 8.857999999999999545e+02 9.023500000000000227e+02 8.957000000000000455e+02 9.098999999999999773e+02 9.090499999999999545e+02 9.160499999999999545e+02 9.126000000000000227e+02 9.218500000000000227e+02 9.254500000000000455e+02 9.253500000000000227e+02 1.200000000000000000e+01
4.471000000000000000e+03 9.200000000000000000e+02 9.242999999999999545e+02 9.387500000000000000e+02 9.369500000000000455e+02 9.357999999999999545e+02 9.491000000000000227e+02 9.478500000000000227e+02 9.507999999999999545e+02 9.486000000000000227e+02 9.508500000000000227e+02 9.533500000000000227e+02 1.200000000000000000e+01
4.472000000000000000e+03 9.242999999999999545e+02 9.387500000000000000e+02 9.369500000000000455e+02 9.357999999999999545e+02 9.491000000000000227e+02 9.478500000000000227e+02 9.507999999999999545e+02 9.486000000000000227e+02 9.508500000000000227e+02 9.533500000000000227e+02 9.375499999999999545e+02 1.200000000000000000e+01
4.473000000000000000e+03 9.387500000000000000e+02 9.369500000000000455e+02 9.357999999999999545e+02 9.491000000000000227e+02 9.478500000000000227e+02 9.507999999999999545e+02 9.486000000000000227e+02 9.508500000000000227e+02 9.533500000000000227e+02 9.375499999999999545e+02 9.294500000000000455e+02 1.200000000000000000e+01
4.474000000000000000e+03 9.369500000000000455e+02 9.357999999999999545e+02 9.491000000000000227e+02 9.478500000000000227e+02 9.507999999999999545e+02 9.486000000000000227e+02 9.508500000000000227e+02 9.533500000000000227e+02 9.375499999999999545e+02 9.294500000000000455e+02 9.338999999999999773e+02 1.200000000000000000e+01
4.475000000000000000e+03 9.357999999999999545e+02 9.491000000000000227e+02 9.478500000000000227e+02 9.507999999999999545e+02 9.486000000000000227e+02 9.508500000000000227e+02 9.533500000000000227e+02 9.375499999999999545e+02 9.294500000000000455e+02 9.338999999999999773e+02 9.535499999999999545e+02 1.200000000000000000e+01
4.744000000000000000e+03 1.182400000000000091e+03 1.185700000000000045e+03 1.194500000000000000e+03 1.194589999999999918e+03 1.204950000000000045e+03 1.201049999999999955e+03 1.203900000000000091e+03 1.197950000000000045e+03 1.213500000000000000e+03 1.214900000000000091e+03 1.225049999999999955e+03 1.200000000000000000e+01
5.039000000000000000e+03 1.650990000000000009e+03 1.609900000000000091e+03 1.614210000000000036e+03 1.623109999999999900e+03 1.657349999999999909e+03 1.619549999999999955e+03 1.639490000000000009e+03 1.648299999999999955e+03 1.637750000000000000e+03 1.675690000000000055e+03 1.664400000000000091e+03 1.200000000000000000e+01
5.040000000000000000e+03 1.609900000000000091e+03 1.614210000000000036e+03 1.623109999999999900e+03 1.657349999999999909e+03 1.619549999999999955e+03 1.639490000000000009e+03 1.648299999999999955e+03 1.637750000000000000e+03 1.675690000000000055e+03 1.664400000000000091e+03 1.676549999999999955e+03 1.200000000000000000e+01
5.041000000000000000e+03 1.614210000000000036e+03 1.623109999999999900e+03 1.657349999999999909e+03 1.619549999999999955e+03 1.639490000000000009e+03 1.648299999999999955e+03 1.637750000000000000e+03 1.675690000000000055e+03 1.664400000000000091e+03 1.676549999999999955e+03 1.666890000000000100e+03 1.200000000000000000e+01
5.042000000000000000e+03 1.623109999999999900e+03 1.657349999999999909e+03 1.619549999999999955e+03 1.639490000000000009e+03 1.648299999999999955e+03 1.637750000000000000e+03 1.675690000000000055e+03 1.664400000000000091e+03 1.676549999999999955e+03 1.666890000000000100e+03 1.680000000000000000e+03 1.200000000000000000e+01
5.043000000000000000e+03 1.657349999999999909e+03 1.619549999999999955e+03 1.639490000000000009e+03 1.648299999999999955e+03 1.637750000000000000e+03 1.675690000000000055e+03 1.664400000000000091e+03 1.676549999999999955e+03 1.666890000000000100e+03 1.680000000000000000e+03 1.671099999999999909e+03 1.200000000000000000e+01
5.044000000000000000e+03 1.619549999999999955e+03 1.639490000000000009e+03 1.648299999999999955e+03 1.637750000000000000e+03 1.675690000000000055e+03 1.664400000000000091e+03 1.676549999999999955e+03 1.666890000000000100e+03 1.680000000000000000e+03 1.671099999999999909e+03 1.659279999999999973e+03 1.200000000000000000e+01
5.045000000000000000e+03 1.639490000000000009e+03 1.648299999999999955e+03 1.637750000000000000e+03 1.675690000000000055e+03 1.664400000000000091e+03 1.676549999999999955e+03 1.666890000000000100e+03 1.680000000000000000e+03 1.671099999999999909e+03 1.659279999999999973e+03 1.641490000000000009e+03 1.200000000000000000e+01
5.047000000000000000e+03 1.637750000000000000e+03 1.675690000000000055e+03 1.664400000000000091e+03 1.676549999999999955e+03 1.666890000000000100e+03 1.680000000000000000e+03 1.671099999999999909e+03 1.659279999999999973e+03 1.641490000000000009e+03 1.620869999999999891e+03 1.640130000000000109e+03 1.200000000000000000e+01
5.048000000000000000e+03 1.675690000000000055e+03 1.664400000000000091e+03 1.676549999999999955e+03 1.666890000000000100e+03 1.680000000000000000e+03 1.671099999999999909e+03 1.659279999999999973e+03 1.641490000000000009e+03 1.620869999999999891e+03 1.640130000000000109e+03 1.652809999999999945e+03 1.200000000000000000e+01
5.049000000000000000e+03 1.664400000000000091e+03 1.676549999999999955e+03 1.666890000000000100e+03 1.680000000000000000e+03 1.671099999999999909e+03 1.659279999999999973e+03 1.641490000000000009e+03 1.620869999999999891e+03 1.640130000000000109e+03 1.652809999999999945e+03 1.702099999999999909e+03 1.200000000000000000e+01
5.050000000000000000e+03 1.676549999999999955e+03 1.666890000000000100e+03 1.680000000000000000e+03 1.671099999999999909e+03 1.659279999999999973e+03 1.641490000000000009e+03 1.620869999999999891e+03 1.640130000000000109e+03 1.652809999999999945e+03 1.702099999999999909e+03 1.721509999999999991e+03 1.200000000000000000e+01
5.171000000000000000e+03 1.620579999999999927e+03 1.630259999999999991e+03 1.640170000000000073e+03 1.641200000000000045e+03 1.658990000000000009e+03 1.654299999999999955e+03 1.675440000000000055e+03 1.656940000000000055e+03 1.651460000000000036e+03 1.650029999999999973e+03 1.640799999999999955e+03 1.200000000000000000e+01
5.174000000000000000e+03 1.641200000000000045e+03 1.658990000000000009e+03 1.654299999999999955e+03 1.675440000000000055e+03 1.656940000000000055e+03 1.651460000000000036e+03 1.650029999999999973e+03 1.640799999999999955e+03 1.642529999999999973e+03 1.642220000000000027e+03 1.638819999999999936e+03 1.200000000000000000e+01
5.175000000000000000e+03 1.658990000000000009e+03 1.654299999999999955e+03 1.675440000000000055e+03 1.656940000000000055e+03 1.651460000000000036e+03 1.650029999999999973e+03 1.640799999999999955e+03 1.642529999999999973e+03 1.642220000000000027e+03 1.638819999999999936e+03 1.641619999999999891e+03 1.200000000000000000e+01
5.176000000000000000e+03 1.654299999999999955e+03 1.675440000000000055e+03 1.656940000000000055e+03 1.651460000000000036e+03 1.650029999999999973e+03 1.640799999999999955e+03 1.642529999999999973e+03 1.642220000000000027e+03 1.638819999999999936e+03 1.641619999999999891e+03 1.644750000000000000e+03 1.200000000000000000e+01
5.177000000000000000e+03 1.675440000000000055e+03 1.656940000000000055e+03 1.651460000000000036e+03 1.650029999999999973e+03 1.640799999999999955e+03 1.642529999999999973e+03 1.642220000000000027e+03 1.638819999999999936e+03 1.641619999999999891e+03 1.644750000000000000e+03 1.656849999999999909e+03 1.200000000000000000e+01
5.318000000000000000e+03 1.710789999999999964e+03 1.709299999999999955e+03 1.709430000000000064e+03 1.720640000000000100e+03 1.714809999999999945e+03 1.676900000000000091e+03 1.683799999999999955e+03 1.715140000000000100e+03 1.718799999999999955e+03 1.733150000000000091e+03 1.733789999999999964e+03 1.200000000000000000e+01
5.319000000000000000e+03 1.709299999999999955e+03 1.709430000000000064e+03 1.720640000000000100e+03 1.714809999999999945e+03 1.676900000000000091e+03 1.683799999999999955e+03 1.715140000000000100e+03 1.718799999999999955e+03 1.733150000000000091e+03 1.733789999999999964e+03 1.727640000000000100e+03 1.200000000000000000e+01
5.320000000000000000e+03 1.709430000000000064e+03 1.720640000000000100e+03 1.714809999999999945e+03 1.676900000000000091e+03 1.683799999999999955e+03 1.715140000000000100e+03 1.718799999999999955e+03 1.733150000000000091e+03 1.733789999999999964e+03 1.727640000000000100e+03 1.725039999999999964e+03 1.200000000000000000e+01
5.321000000000000000e+03 1.720640000000000100e+03 1.714809999999999945e+03 1.676900000000000091e+03 1.683799999999999955e+03 1.715140000000000100e+03 1.718799999999999955e+03 1.733150000000000091e+03 1.733789999999999964e+03 1.727640000000000100e+03 1.725039999999999964e+03 1.726769999999999982e+03 1.200000000000000000e+01
5.324000000000000000e+03 1.683799999999999955e+03 1.715140000000000100e+03 1.718799999999999955e+03 1.733150000000000091e+03 1.733789999999999964e+03 1.727640000000000100e+03 1.725039999999999964e+03 1.726769999999999982e+03 1.712980000000000018e+03 1.713119999999999891e+03 1.730910000000000082e+03 1.200000000000000000e+01
5.333000000000000000e+03 1.713119999999999891e+03 1.730910000000000082e+03 1.726920000000000073e+03 1.728990000000000009e+03 1.729589999999999918e+03 1.751109999999999900e+03 1.748839999999999918e+03 1.741369999999999891e+03 1.718690000000000055e+03 1.726220000000000027e+03 1.714150000000000091e+03 1.200000000000000000e+01
5.334000000000000000e+03 1.730910000000000082e+03 1.726920000000000073e+03 1.728990000000000009e+03 1.729589999999999918e+03 1.751109999999999900e+03 1.748839999999999918e+03 1.741369999999999891e+03 1.718690000000000055e+03 1.726220000000000027e+03 1.714150000000000091e+03 1.717240000000000009e+03 1.200000000000000000e+01
5.562000000000000000e+03 1.320329999999999927e+03 1.304789999999999964e+03 1.285430000000000064e+03 1.270519999999999982e+03 1.271769999999999982e+03 1.280630000000000109e+03 1.281759999999999991e+03 1.320029999999999973e+03 1.315730000000000018e+03 1.315880000000000109e+03 1.340029999999999973e+03 1.200000000000000000e+01
5.563000000000000000e+03 1.304789999999999964e+03 1.285430000000000064e+03 1.270519999999999982e+03 1.271769999999999982e+03 1.280630000000000109e+03 1.281759999999999991e+03 1.320029999999999973e+03 1.315730000000000018e+03 1.315880000000000109e+03 1.340029999999999973e+03 1.333130000000000109e+03 1.200000000000000000e+01
5.564000000000000000e+03 1.285430000000000064e+03 1.270519999999999982e+03 1.271769999999999982e+03 1.280630000000000109e+03 1.281759999999999991e+03 1.320029999999999973e+03 1.315730000000000018e+03 1.315880000000000109e+03 1.340029999999999973e+03 1.333130000000000109e+03 1.346460000000000036e+03 1.200000000000000000e+01
5.565000000000000000e+03 1.270519999999999982e+03 1.271769999999999982e+03 1.280630000000000109e+03 1.281759999999999991e+03 1.320029999999999973e+03 1.315730000000000018e+03 1.315880000000000109e+03 1.340029999999999973e+03 1.333130000000000109e+03 1.346460000000000036e+03 1.351279999999999973e+03 1.200000000000000000e+01
5.689000000000000000e+03 1.308369999999999891e+03 1.311450000000000045e+03 1.317740000000000009e+03 1.318099999999999909e+03 1.326400000000000091e+03 1.302710000000000036e+03 1.302150000000000091e+03 1.294650000000000091e+03 1.289470000000000027e+03 1.283880000000000109e+03 1.283869999999999891e+03 1.200000000000000000e+01
5.690000000000000000e+03 1.311450000000000045e+03 1.317740000000000009e+03 1.318099999999999909e+03 1.326400000000000091e+03 1.302710000000000036e+03 1.302150000000000091e+03 1.294650000000000091e+03 1.289470000000000027e+03 1.283880000000000109e+03 1.283869999999999891e+03 1.292509999999999991e+03 1.200000000000000000e+01
5.691000000000000000e+03 1.317740000000000009e+03 1.318099999999999909e+03 1.326400000000000091e+03 1.302710000000000036e+03 1.302150000000000091e+03 1.294650000000000091e+03 1.289470000000000027e+03 1.283880000000000109e+03 1.283869999999999891e+03 1.292509999999999991e+03 1.302130000000000109e+03 1.200000000000000000e+01
5.692000000000000000e+03 1.318099999999999909e+03 1.326400000000000091e+03 1.302710000000000036e+03 1.302150000000000091e+03 1.294650000000000091e+03 1.289470000000000027e+03 1.283880000000000109e+03 1.283869999999999891e+03 1.292509999999999991e+03 1.302130000000000109e+03 1.295910000000000082e+03 1.200000000000000000e+01
5.914000000000000000e+03 1.203819999999999936e+03 1.209480000000000018e+03 1.212910000000000082e+03 1.206710000000000036e+03 1.203910000000000082e+03 1.199880000000000109e+03 1.197940000000000055e+03 1.168230000000000018e+03 1.167299999999999955e+03 1.162029999999999973e+03 1.155640000000000100e+03 1.200000000000000000e+01
5.946000000000000000e+03 1.204099999999999909e+03 1.196660000000000082e+03 1.202470000000000027e+03 1.188170000000000073e+03 1.194329999999999927e+03 1.178970000000000027e+03 1.201730000000000018e+03 1.211980000000000018e+03 1.204789999999999964e+03 1.184569999999999936e+03 1.178019999999999982e+03 1.200000000000000000e+01
6.283000000000000000e+03 1.337990000000000009e+03 1.324549999999999955e+03 1.321690000000000055e+03 1.321319999999999936e+03 1.323259999999999991e+03 1.311250000000000000e+03 1.309019999999999982e+03 1.313700000000000045e+03 1.325140000000000100e+03 1.327700000000000045e+03 1.350029999999999973e+03 1.200000000000000000e+01
6.284000000000000000e+03 1.324549999999999955e+03 1.321690000000000055e+03 1.321319999999999936e+03 1.323259999999999991e+03 1.311250000000000000e+03 1.309019999999999982e+03 1.313700000000000045e+03 1.325140000000000100e+03 1.327700000000000045e+03 1.350029999999999973e+03 1.344849999999999909e+03 1.200000000000000000e+01
6.285000000000000000e+03 1.321690000000000055e+03 1.321319999999999936e+03 1.323259999999999991e+03 1.311250000000000000e+03 1.309019999999999982e+03 1.313700000000000045e+03 1.325140000000000100e+03 1.327700000000000045e+03 1.350029999999999973e+03 1.344849999999999909e+03 1.337779999999999973e+03 1.200000000000000000e+01
6.294000000000000000e+03 1.344849999999999909e+03 1.337779999999999973e+03 1.328140000000000100e+03 1.327710000000000036e+03 1.318579999999999927e+03 1.322740000000000009e+03 1.314319999999999936e+03 1.310079999999999927e+03 1.313490000000000009e+03 1.314980000000000018e+03 1.335299999999999955e+03 1.200000000000000000e+01
6.295000000000000000e+03 1.337779999999999973e+03 1.328140000000000100e+03 1.327710000000000036e+03 1.318579999999999927e+03 1.322740000000000009e+03 1.314319999999999936e+03 1.310079999999999927e+03 1.313490000000000009e+03 1.314980000000000018e+03 1.335299999999999955e+03 1.337130000000000109e+03 1.200000000000000000e+01
6.296000000000000000e+03 1.328140000000000100e+03 1.327710000000000036e+03 1.318579999999999927e+03 1.322740000000000009e+03 1.314319999999999936e+03 1.310079999999999927e+03 1.313490000000000009e+03 1.314980000000000018e+03 1.335299999999999955e+03 1.337130000000000109e+03 1.337750000000000000e+03 1.200000000000000000e+01
6.297000000000000000e+03 1.327710000000000036e+03 1.318579999999999927e+03 1.322740000000000009e+03 1.314319999999999936e+03 1.310079999999999927e+03 1.313490000000000009e+03 1.314980000000000018e+03 1.335299999999999955e+03 1.337130000000000109e+03 1.337750000000000000e+03 1.337750000000000000e+03 1.200000000000000000e+01
6.298000000000000000e+03 1.318579999999999927e+03 1.322740000000000009e+03 1.314319999999999936e+03 1.310079999999999927e+03 1.313490000000000009e+03 1.314980000000000018e+03 1.335299999999999955e+03 1.337130000000000109e+03 1.337750000000000000e+03 1.337750000000000000e+03 1.327079999999999927e+03 1.200000000000000000e+01
6.496000000000000000e+03 1.244480000000000018e+03 1.247200000000000045e+03 1.249109999999999900e+03 1.245339999999999918e+03 1.241609999999999900e+03 1.220380000000000109e+03 1.224190000000000055e+03 1.226980000000000018e+03 1.225200000000000045e+03 1.213059999999999945e+03 1.214259999999999991e+03 1.200000000000000000e+01
6.513000000000000000e+03 1.241240000000000009e+03 1.244579999999999927e+03 1.255029999999999973e+03 1.255319999999999936e+03 1.250009999999999991e+03 1.260970000000000027e+03 1.259250000000000000e+03 1.269609999999999900e+03 1.269519999999999982e+03 1.268920000000000073e+03 1.266650000000000091e+03 1.200000000000000000e+01
6.514000000000000000e+03 1.244579999999999927e+03 1.255029999999999973e+03 1.255319999999999936e+03 1.250009999999999991e+03 1.260970000000000027e+03 1.259250000000000000e+03 1.269609999999999900e+03 1.269519999999999982e+03 1.268920000000000073e+03 1.266650000000000091e+03 1.268589999999999918e+03 1.200000000000000000e+01
6.573000000000000000e+03 1.291680000000000064e+03 1.293470000000000027e+03 1.303559999999999945e+03 1.295029999999999973e+03 1.285109999999999900e+03 1.280859999999999900e+03 1.289700000000000045e+03 1.279960000000000036e+03 1.281900000000000091e+03 1.276559999999999945e+03 1.277170000000000073e+03 1.200000000000000000e+01
6.574000000000000000e+03 1.293470000000000027e+03 1.303559999999999945e+03 1.295029999999999973e+03 1.285109999999999900e+03 1.280859999999999900e+03 1.289700000000000045e+03 1.279960000000000036e+03 1.281900000000000091e+03 1.276559999999999945e+03 1.277170000000000073e+03 1.266970000000000027e+03 1.200000000000000000e+01
6.576000000000000000e+03 1.295029999999999973e+03 1.285109999999999900e+03 1.280859999999999900e+03 1.289700000000000045e+03 1.279960000000000036e+03 1.281900000000000091e+03 1.276559999999999945e+03 1.277170000000000073e+03 1.266970000000000027e+03 1.273779999999999973e+03 1.275710000000000036e+03 1.200000000000000000e+01
6.577000000000000000e+03 1.285109999999999900e+03 1.280859999999999900e+03 1.289700000000000045e+03 1.279960000000000036e+03 1.281900000000000091e+03 1.276559999999999945e+03 1.277170000000000073e+03 1.266970000000000027e+03 1.273779999999999973e+03 1.275710000000000036e+03 1.270750000000000000e+03 1.200000000000000000e+01
6.578000000000000000e+03 1.280859999999999900e+03 1.289700000000000045e+03 1.279960000000000036e+03 1.281900000000000091e+03 1.276559999999999945e+03 1.277170000000000073e+03 1.266970000000000027e+03 1.273779999999999973e+03 1.275710000000000036e+03 1.270750000000000000e+03 1.274500000000000000e+03 1.200000000000000000e+01
6.579000000000000000e+03 1.289700000000000045e+03 1.279960000000000036e+03 1.281900000000000091e+03 1.276559999999999945e+03 1.277170000000000073e+03 1.266970000000000027e+03 1.273779999999999973e+03 1.275710000000000036e+03 1.270750000000000000e+03 1.274500000000000000e+03 1.275799999999999955e+03 1.200000000000000000e+01
6.580000000000000000e+03 1.279960000000000036e+03 1.281900000000000091e+03 1.276559999999999945e+03 1.277170000000000073e+03 1.266970000000000027e+03 1.273779999999999973e+03 1.275710000000000036e+03 1.270750000000000000e+03 1.274500000000000000e+03 1.275799999999999955e+03 1.269720000000000027e+03 1.200000000000000000e+01
6.581000000000000000e+03 1.281900000000000091e+03 1.276559999999999945e+03 1.277170000000000073e+03 1.266970000000000027e+03 1.273779999999999973e+03 1.275710000000000036e+03 1.270750000000000000e+03 1.274500000000000000e+03 1.275799999999999955e+03 1.269720000000000027e+03 1.281430000000000064e+03 1.200000000000000000e+01
6.672000000000000000e+03 1.316329999999999927e+03 1.321980000000000018e+03 1.319839999999999918e+03 1.334440000000000055e+03 1.325200000000000045e+03 1.322000000000000000e+03 1.323440000000000055e+03 1.322960000000000036e+03 1.326369999999999891e+03 1.324900000000000091e+03 1.315990000000000009e+03 1.200000000000000000e+01
6.682000000000000000e+03 1.315990000000000009e+03 1.313359999999999900e+03 1.316859999999999900e+03 1.311079999999999927e+03 1.331900000000000091e+03 1.328890000000000100e+03 1.347000000000000000e+03 1.353349999999999909e+03 1.344740000000000009e+03 1.324769999999999982e+03 1.325059999999999945e+03 1.200000000000000000e+01
6.683000000000000000e+03 1.313359999999999900e+03 1.316859999999999900e+03 1.311079999999999927e+03 1.331900000000000091e+03 1.328890000000000100e+03 1.347000000000000000e+03 1.353349999999999909e+03 1.344740000000000009e+03 1.324769999999999982e+03 1.325059999999999945e+03 1.325029999999999973e+03 1.200000000000000000e+01
