3.760000000000000000e+02 3.680000000000000000e+02 3.686499999999999773e+02 3.721999999999999886e+02 3.700500000000000114e+02 3.701999999999999886e+02 3.693000000000000114e+02 3.693500000000000227e+02 3.687500000000000000e+02 3.690000000000000000e+02 3.686000000000000227e+02 3.616999999999999886e+02 3.000000000000000000e+00
3.770000000000000000e+02 3.686499999999999773e+02 3.721999999999999886e+02 3.700500000000000114e+02 3.701999999999999886e+02 3.693000000000000114e+02 3.693500000000000227e+02 3.687500000000000000e+02 3.690000000000000000e+02 3.686000000000000227e+02 3.616999999999999886e+02 3.626999999999999886e+02 3.000000000000000000e+00
3.780000000000000000e+02 3.721999999999999886e+02 3.700500000000000114e+02 3.701999999999999886e+02 3.693000000000000114e+02 3.693500000000000227e+02 3.687500000000000000e+02 3.690000000000000000e+02 3.686000000000000227e+02 3.616999999999999886e+02 3.626999999999999886e+02 3.677500000000000000e+02 3.000000000000000000e+00
3.790000000000000000e+02 3.700500000000000114e+02 3.701999999999999886e+02 3.693000000000000114e+02 3.693500000000000227e+02 3.687500000000000000e+02 3.690000000000000000e+02 3.686000000000000227e+02 3.616999999999999886e+02 3.626999999999999886e+02 3.677500000000000000e+02 3.720000000000000000e+02 3.000000000000000000e+00
3.800000000000000000e+02 3.701999999999999886e+02 3.693000000000000114e+02 3.693500000000000227e+02 3.687500000000000000e+02 3.690000000000000000e+02 3.686000000000000227e+02 3.616999999999999886e+02 3.626999999999999886e+02 3.677500000000000000e+02 3.720000000000000000e+02 3.767500000000000000e+02 3.000000000000000000e+00
3.810000000000000000e+02 3.693000000000000114e+02 3.693500000000000227e+02 3.687500000000000000e+02 3.690000000000000000e+02 3.686000000000000227e+02 3.616999999999999886e+02 3.626999999999999886e+02 3.677500000000000000e+02 3.720000000000000000e+02 3.767500000000000000e+02 3.748500000000000227e+02 3.000000000000000000e+00
3.900000000000000000e+02 3.767500000000000000e+02 3.748500000000000227e+02 3.762500000000000000e+02 3.766499999999999773e+02 3.760000000000000000e+02 3.730000000000000000e+02 3.750000000000000000e+02 3.738000000000000114e+02 3.761000000000000227e+02 3.758000000000000114e+02 3.781000000000000227e+02 3.000000000000000000e+00
7.290000000000000000e+02 3.790000000000000000e+02 3.763999999999999773e+02 3.761000000000000227e+02 3.766000000000000227e+02 3.746999999999999886e+02 3.763999999999999773e+02 3.763999999999999773e+02 3.786499999999999773e+02 3.836999999999999886e+02 3.796499999999999773e+02 3.811499999999999773e+02 3.000000000000000000e+00
8.990000000000000000e+02 3.817500000000000000e+02 3.821000000000000227e+02 3.821999999999999886e+02 3.821999999999999886e+02 3.825500000000000114e+02 3.823999999999999773e+02 3.820500000000000114e+02 3.820000000000000000e+02 3.823999999999999773e+02 3.821499999999999773e+02 3.826000000000000227e+02 3.000000000000000000e+00
9.010000000000000000e+02 3.821999999999999886e+02 3.821999999999999886e+02 3.825500000000000114e+02 3.823999999999999773e+02 3.820500000000000114e+02 3.820000000000000000e+02 3.823999999999999773e+02 3.821499999999999773e+02 3.826000000000000227e+02 3.821000000000000227e+02 3.823000000000000114e+02 3.000000000000000000e+00
9.020000000000000000e+02 3.821999999999999886e+02 3.825500000000000114e+02 3.823999999999999773e+02 3.820500000000000114e+02 3.820000000000000000e+02 3.823999999999999773e+02 3.821499999999999773e+02 3.826000000000000227e+02 3.821000000000000227e+02 3.823000000000000114e+02 3.846999999999999886e+02 3.000000000000000000e+00
1.108000000000000000e+03 3.883000000000000114e+02 3.873999999999999773e+02 3.873999999999999773e+02 3.876000000000000227e+02 3.863999999999999773e+02 3.864499999999999886e+02 3.861999999999999886e+02 3.869499999999999886e+02 3.874499999999999886e+02 3.866000000000000227e+02 3.873000000000000114e+02 3.000000000000000000e+00
1.109000000000000000e+03 3.873999999999999773e+02 3.873999999999999773e+02 3.876000000000000227e+02 3.863999999999999773e+02 3.864499999999999886e+02 3.861999999999999886e+02 3.869499999999999886e+02 3.874499999999999886e+02 3.866000000000000227e+02 3.873000000000000114e+02 3.881999999999999886e+02 3.000000000000000000e+00
1.110000000000000000e+03 3.873999999999999773e+02 3.876000000000000227e+02 3.863999999999999773e+02 3.864499999999999886e+02 3.861999999999999886e+02 3.869499999999999886e+02 3.874499999999999886e+02 3.866000000000000227e+02 3.873000000000000114e+02 3.881999999999999886e+02 3.891999999999999886e+02 3.000000000000000000e+00
1.111000000000000000e+03 3.876000000000000227e+02 3.863999999999999773e+02 3.864499999999999886e+02 3.861999999999999886e+02 3.869499999999999886e+02 3.874499999999999886e+02 3.866000000000000227e+02 3.873000000000000114e+02 3.881999999999999886e+02 3.891999999999999886e+02 3.886999999999999886e+02 3.000000000000000000e+00
1.112000000000000000e+03 3.863999999999999773e+02 3.864499999999999886e+02 3.861999999999999886e+02 3.869499999999999886e+02 3.874499999999999886e+02 3.866000000000000227e+02 3.873000000000000114e+02 3.881999999999999886e+02 3.891999999999999886e+02 3.886999999999999886e+02 3.878999999999999773e+02 3.000000000000000000e+00
1.113000000000000000e+03 3.864499999999999886e+02 3.861999999999999886e+02 3.869499999999999886e+02 3.874499999999999886e+02 3.866000000000000227e+02 3.873000000000000114e+02 3.881999999999999886e+02 3.891999999999999886e+02 3.886999999999999886e+02 3.878999999999999773e+02 3.876000000000000227e+02 3.000000000000000000e+00
1.116000000000000000e+03 3.874499999999999886e+02 3.866000000000000227e+02 3.873000000000000114e+02 3.881999999999999886e+02 3.891999999999999886e+02 3.886999999999999886e+02 3.878999999999999773e+02 3.876000000000000227e+02 3.865000000000000000e+02 3.866499999999999773e+02 3.862500000000000000e+02 3.000000000000000000e+00
1.117000000000000000e+03 3.866000000000000227e+02 3.873000000000000114e+02 3.881999999999999886e+02 3.891999999999999886e+02 3.886999999999999886e+02 3.878999999999999773e+02 3.876000000000000227e+02 3.865000000000000000e+02 3.866499999999999773e+02 3.862500000000000000e+02 3.855000000000000000e+02 3.000000000000000000e+00
1.269000000000000000e+03 3.497500000000000000e+02 3.476000000000000227e+02 3.501000000000000227e+02 3.491999999999999886e+02 3.495000000000000000e+02 3.508999999999999773e+02 3.516999999999999886e+02 3.488000000000000114e+02 3.486000000000000227e+02 3.485000000000000000e+02 3.478000000000000114e+02 3.000000000000000000e+00
1.272000000000000000e+03 3.491999999999999886e+02 3.495000000000000000e+02 3.508999999999999773e+02 3.516999999999999886e+02 3.488000000000000114e+02 3.486000000000000227e+02 3.485000000000000000e+02 3.478000000000000114e+02 3.483000000000000114e+02 3.478000000000000114e+02 3.483999999999999773e+02 3.000000000000000000e+00
1.380000000000000000e+03 3.256499999999999773e+02 3.251999999999999886e+02 3.236999999999999886e+02 3.238999999999999773e+02 3.243000000000000114e+02 3.222500000000000000e+02 3.217500000000000000e+02 3.213000000000000114e+02 3.223000000000000114e+02 3.216999999999999886e+02 3.212500000000000000e+02 3.000000000000000000e+00
1.381000000000000000e+03 3.251999999999999886e+02 3.236999999999999886e+02 3.238999999999999773e+02 3.243000000000000114e+02 3.222500000000000000e+02 3.217500000000000000e+02 3.213000000000000114e+02 3.223000000000000114e+02 3.216999999999999886e+02 3.212500000000000000e+02 3.215000000000000000e+02 3.000000000000000000e+00
1.382000000000000000e+03 3.236999999999999886e+02 3.238999999999999773e+02 3.243000000000000114e+02 3.222500000000000000e+02 3.217500000000000000e+02 3.213000000000000114e+02 3.223000000000000114e+02 3.216999999999999886e+02 3.212500000000000000e+02 3.215000000000000000e+02 3.240000000000000000e+02 3.000000000000000000e+00
1.771000000000000000e+03 2.866000000000000227e+02 2.862500000000000000e+02 2.866999999999999886e+02 2.868000000000000114e+02 2.876999999999999886e+02 2.878999999999999773e+02 2.910000000000000000e+02 2.916999999999999886e+02 2.928000000000000114e+02 2.938999999999999773e+02 2.921000000000000227e+02 3.000000000000000000e+00
1.773000000000000000e+03 2.866999999999999886e+02 2.868000000000000114e+02 2.876999999999999886e+02 2.878999999999999773e+02 2.910000000000000000e+02 2.916999999999999886e+02 2.928000000000000114e+02 2.938999999999999773e+02 2.921000000000000227e+02 2.866999999999999886e+02 2.833999999999999773e+02 3.000000000000000000e+00
1.777000000000000000e+03 2.910000000000000000e+02 2.916999999999999886e+02 2.928000000000000114e+02 2.938999999999999773e+02 2.921000000000000227e+02 2.866999999999999886e+02 2.833999999999999773e+02 2.836999999999999886e+02 2.830000000000000000e+02 2.840000000000000000e+02 2.841999999999999886e+02 3.000000000000000000e+00
2.006000000000000000e+03 2.886999999999999886e+02 2.873999999999999773e+02 2.856000000000000227e+02 2.856999999999999886e+02 2.866000000000000227e+02 2.827500000000000000e+02 2.828500000000000227e+02 2.822500000000000000e+02 2.845000000000000000e+02 2.871499999999999773e+02 3.148000000000000114e+02 3.000000000000000000e+00
2.032000000000000000e+03 2.917500000000000000e+02 2.917500000000000000e+02 2.907500000000000000e+02 2.876999999999999886e+02 2.883000000000000114e+02 2.873999999999999773e+02 2.916000000000000227e+02 2.881000000000000227e+02 2.907500000000000000e+02 2.885000000000000000e+02 2.900000000000000000e+02 3.000000000000000000e+00
2.033000000000000000e+03 2.917500000000000000e+02 2.907500000000000000e+02 2.876999999999999886e+02 2.883000000000000114e+02 2.873999999999999773e+02 2.916000000000000227e+02 2.881000000000000227e+02 2.907500000000000000e+02 2.885000000000000000e+02 2.900000000000000000e+02 2.885000000000000000e+02 3.000000000000000000e+00
2.243000000000000000e+03 2.700000000000000000e+02 2.733999999999999773e+02 2.740000000000000000e+02 2.736999999999999886e+02 2.735500000000000114e+02 2.741999999999999886e+02 2.753000000000000114e+02 2.723000000000000114e+02 2.721499999999999773e+02 2.686000000000000227e+02 2.683999999999999773e+02 3.000000000000000000e+00
2.244000000000000000e+03 2.733999999999999773e+02 2.740000000000000000e+02 2.736999999999999886e+02 2.735500000000000114e+02 2.741999999999999886e+02 2.753000000000000114e+02 2.723000000000000114e+02 2.721499999999999773e+02 2.686000000000000227e+02 2.683999999999999773e+02 2.673000000000000114e+02 3.000000000000000000e+00
2.319000000000000000e+03 2.583000000000000114e+02 2.596499999999999773e+02 2.582500000000000000e+02 2.573000000000000114e+02 2.585000000000000000e+02 2.598999999999999773e+02 2.598999999999999773e+02 2.631499999999999773e+02 2.607500000000000000e+02 2.610000000000000000e+02 2.652500000000000000e+02 3.000000000000000000e+00
2.423000000000000000e+03 2.735000000000000000e+02 2.750000000000000000e+02 2.741999999999999886e+02 2.732500000000000000e+02 2.718999999999999773e+02 2.717500000000000000e+02 2.726499999999999773e+02 2.728999999999999773e+02 2.715000000000000000e+02 2.860000000000000000e+02 2.780000000000000000e+02 3.000000000000000000e+00
2.424000000000000000e+03 2.750000000000000000e+02 2.741999999999999886e+02 2.732500000000000000e+02 2.718999999999999773e+02 2.717500000000000000e+02 2.726499999999999773e+02 2.728999999999999773e+02 2.715000000000000000e+02 2.860000000000000000e+02 2.780000000000000000e+02 2.810000000000000000e+02 3.000000000000000000e+00
2.425000000000000000e+03 2.741999999999999886e+02 2.732500000000000000e+02 2.718999999999999773e+02 2.717500000000000000e+02 2.726499999999999773e+02 2.728999999999999773e+02 2.715000000000000000e+02 2.860000000000000000e+02 2.780000000000000000e+02 2.810000000000000000e+02 2.853000000000000114e+02 3.000000000000000000e+00
2.509000000000000000e+03 2.768000000000000114e+02 2.763000000000000114e+02 2.786999999999999886e+02 2.786000000000000227e+02 2.781999999999999886e+02 2.786999999999999886e+02 2.785000000000000000e+02 2.788000000000000114e+02 2.831000000000000227e+02 2.865000000000000000e+02 2.873000000000000114e+02 3.000000000000000000e+00
2.510000000000000000e+03 2.763000000000000114e+02 2.786999999999999886e+02 2.786000000000000227e+02 2.781999999999999886e+02 2.786999999999999886e+02 2.785000000000000000e+02 2.788000000000000114e+02 2.831000000000000227e+02 2.865000000000000000e+02 2.873000000000000114e+02 2.851000000000000227e+02 3.000000000000000000e+00
2.511000000000000000e+03 2.786999999999999886e+02 2.786000000000000227e+02 2.781999999999999886e+02 2.786999999999999886e+02 2.785000000000000000e+02 2.788000000000000114e+02 2.831000000000000227e+02 2.865000000000000000e+02 2.873000000000000114e+02 2.851000000000000227e+02 2.843000000000000114e+02 3.000000000000000000e+00
2.512000000000000000e+03 2.786000000000000227e+02 2.781999999999999886e+02 2.786999999999999886e+02 2.785000000000000000e+02 2.788000000000000114e+02 2.831000000000000227e+02 2.865000000000000000e+02 2.873000000000000114e+02 2.851000000000000227e+02 2.843000000000000114e+02 2.873000000000000114e+02 3.000000000000000000e+00
2.514000000000000000e+03 2.786999999999999886e+02 2.785000000000000000e+02 2.788000000000000114e+02 2.831000000000000227e+02 2.865000000000000000e+02 2.873000000000000114e+02 2.851000000000000227e+02 2.843000000000000114e+02 2.873000000000000114e+02 2.841999999999999886e+02 2.833000000000000114e+02 3.000000000000000000e+00
2.515000000000000000e+03 2.785000000000000000e+02 2.788000000000000114e+02 2.831000000000000227e+02 2.865000000000000000e+02 2.873000000000000114e+02 2.851000000000000227e+02 2.843000000000000114e+02 2.873000000000000114e+02 2.841999999999999886e+02 2.833000000000000114e+02 2.823000000000000114e+02 3.000000000000000000e+00
2.516000000000000000e+03 2.788000000000000114e+02 2.831000000000000227e+02 2.865000000000000000e+02 2.873000000000000114e+02 2.851000000000000227e+02 2.843000000000000114e+02 2.873000000000000114e+02 2.841999999999999886e+02 2.833000000000000114e+02 2.823000000000000114e+02 2.815500000000000114e+02 3.000000000000000000e+00
2.518000000000000000e+03 2.865000000000000000e+02 2.873000000000000114e+02 2.851000000000000227e+02 2.843000000000000114e+02 2.873000000000000114e+02 2.841999999999999886e+02 2.833000000000000114e+02 2.823000000000000114e+02 2.815500000000000114e+02 2.790000000000000000e+02 2.785500000000000114e+02 3.000000000000000000e+00
2.689000000000000000e+03 3.200000000000000000e+02 3.210000000000000000e+02 3.175000000000000000e+02 3.173999999999999773e+02 3.192500000000000000e+02 3.166000000000000227e+02 3.171999999999999886e+02 3.181000000000000227e+02 3.201499999999999773e+02 3.230500000000000114e+02 3.218999999999999773e+02 3.000000000000000000e+00
2.690000000000000000e+03 3.210000000000000000e+02 3.175000000000000000e+02 3.173999999999999773e+02 3.192500000000000000e+02 3.166000000000000227e+02 3.171999999999999886e+02 3.181000000000000227e+02 3.201499999999999773e+02 3.230500000000000114e+02 3.218999999999999773e+02 3.222500000000000000e+02 3.000000000000000000e+00
2.691000000000000000e+03 3.175000000000000000e+02 3.173999999999999773e+02 3.192500000000000000e+02 3.166000000000000227e+02 3.171999999999999886e+02 3.181000000000000227e+02 3.201499999999999773e+02 3.230500000000000114e+02 3.218999999999999773e+02 3.222500000000000000e+02 3.258999999999999773e+02 3.000000000000000000e+00
2.694000000000000000e+03 3.166000000000000227e+02 3.171999999999999886e+02 3.181000000000000227e+02 3.201499999999999773e+02 3.230500000000000114e+02 3.218999999999999773e+02 3.222500000000000000e+02 3.258999999999999773e+02 3.220000000000000000e+02 3.196999999999999886e+02 3.196999999999999886e+02 3.000000000000000000e+00
2.695000000000000000e+03 3.171999999999999886e+02 3.181000000000000227e+02 3.201499999999999773e+02 3.230500000000000114e+02 3.218999999999999773e+02 3.222500000000000000e+02 3.258999999999999773e+02 3.220000000000000000e+02 3.196999999999999886e+02 3.196999999999999886e+02 3.235000000000000000e+02 3.000000000000000000e+00
2.858000000000000000e+03 3.406999999999999886e+02 3.419499999999999886e+02 3.440000000000000000e+02 3.417500000000000000e+02 3.480000000000000000e+02 3.483000000000000114e+02 3.510000000000000000e+02 3.493500000000000227e+02 3.522500000000000000e+02 3.517500000000000000e+02 3.545000000000000000e+02 3.000000000000000000e+00
2.859000000000000000e+03 3.419499999999999886e+02 3.440000000000000000e+02 3.417500000000000000e+02 3.480000000000000000e+02 3.483000000000000114e+02 3.510000000000000000e+02 3.493500000000000227e+02 3.522500000000000000e+02 3.517500000000000000e+02 3.545000000000000000e+02 3.660000000000000000e+02 3.000000000000000000e+00
2.866000000000000000e+03 3.522500000000000000e+02 3.517500000000000000e+02 3.545000000000000000e+02 3.660000000000000000e+02 3.677500000000000000e+02 3.712500000000000000e+02 3.680000000000000000e+02 3.683999999999999773e+02 3.708000000000000114e+02 3.647500000000000000e+02 3.643000000000000114e+02 3.000000000000000000e+00
3.155000000000000000e+03 3.945000000000000000e+02 4.017500000000000000e+02 4.023000000000000114e+02 4.005000000000000000e+02 3.918999999999999773e+02 3.940000000000000000e+02 3.958000000000000114e+02 3.975500000000000114e+02 3.974499999999999886e+02 3.917500000000000000e+02 4.013999999999999773e+02 3.000000000000000000e+00
3.156000000000000000e+03 4.017500000000000000e+02 4.023000000000000114e+02 4.005000000000000000e+02 3.918999999999999773e+02 3.940000000000000000e+02 3.958000000000000114e+02 3.975500000000000114e+02 3.974499999999999886e+02 3.917500000000000000e+02 4.013999999999999773e+02 4.067500000000000000e+02 3.000000000000000000e+00
3.157000000000000000e+03 4.023000000000000114e+02 4.005000000000000000e+02 3.918999999999999773e+02 3.940000000000000000e+02 3.958000000000000114e+02 3.975500000000000114e+02 3.974499999999999886e+02 3.917500000000000000e+02 4.013999999999999773e+02 4.067500000000000000e+02 4.071999999999999886e+02 3.000000000000000000e+00
3.158000000000000000e+03 4.005000000000000000e+02 3.918999999999999773e+02 3.940000000000000000e+02 3.958000000000000114e+02 3.975500000000000114e+02 3.974499999999999886e+02 3.917500000000000000e+02 4.013999999999999773e+02 4.067500000000000000e+02 4.071999999999999886e+02 4.068999999999999773e+02 3.000000000000000000e+00
3.159000000000000000e+03 3.918999999999999773e+02 3.940000000000000000e+02 3.958000000000000114e+02 3.975500000000000114e+02 3.974499999999999886e+02 3.917500000000000000e+02 4.013999999999999773e+02 4.067500000000000000e+02 4.071999999999999886e+02 4.068999999999999773e+02 4.020000000000000000e+02 3.000000000000000000e+00
3.160000000000000000e+03 3.940000000000000000e+02 3.958000000000000114e+02 3.975500000000000114e+02 3.974499999999999886e+02 3.917500000000000000e+02 4.013999999999999773e+02 4.067500000000000000e+02 4.071999999999999886e+02 4.068999999999999773e+02 4.020000000000000000e+02 4.047500000000000000e+02 3.000000000000000000e+00
3.161000000000000000e+03 3.958000000000000114e+02 3.975500000000000114e+02 3.974499999999999886e+02 3.917500000000000000e+02 4.013999999999999773e+02 4.067500000000000000e+02 4.071999999999999886e+02 4.068999999999999773e+02 4.020000000000000000e+02 4.047500000000000000e+02 4.039499999999999886e+02 3.000000000000000000e+00
3.162000000000000000e+03 3.975500000000000114e+02 3.974499999999999886e+02 3.917500000000000000e+02 4.013999999999999773e+02 4.067500000000000000e+02 4.071999999999999886e+02 4.068999999999999773e+02 4.020000000000000000e+02 4.047500000000000000e+02 4.039499999999999886e+02 4.061999999999999886e+02 3.000000000000000000e+00
3.163000000000000000e+03 3.974499999999999886e+02 3.917500000000000000e+02 4.013999999999999773e+02 4.067500000000000000e+02 4.071999999999999886e+02 4.068999999999999773e+02 4.020000000000000000e+02 4.047500000000000000e+02 4.039499999999999886e+02 4.061999999999999886e+02 4.056999999999999886e+02 3.000000000000000000e+00
3.164000000000000000e+03 3.917500000000000000e+02 4.013999999999999773e+02 4.067500000000000000e+02 4.071999999999999886e+02 4.068999999999999773e+02 4.020000000000000000e+02 4.047500000000000000e+02 4.039499999999999886e+02 4.061999999999999886e+02 4.056999999999999886e+02 3.997500000000000000e+02 3.000000000000000000e+00
3.331000000000000000e+03 4.337500000000000000e+02 4.345500000000000114e+02 4.352500000000000000e+02 4.323999999999999773e+02 4.323000000000000114e+02 4.298999999999999773e+02 4.336000000000000227e+02 4.342500000000000000e+02 4.402500000000000000e+02 4.402500000000000000e+02 4.420000000000000000e+02 3.000000000000000000e+00
3.332000000000000000e+03 4.345500000000000114e+02 4.352500000000000000e+02 4.323999999999999773e+02 4.323000000000000114e+02 4.298999999999999773e+02 4.336000000000000227e+02 4.342500000000000000e+02 4.402500000000000000e+02 4.402500000000000000e+02 4.420000000000000000e+02 4.455000000000000000e+02 3.000000000000000000e+00
3.333000000000000000e+03 4.352500000000000000e+02 4.323999999999999773e+02 4.323000000000000114e+02 4.298999999999999773e+02 4.336000000000000227e+02 4.342500000000000000e+02 4.402500000000000000e+02 4.402500000000000000e+02 4.420000000000000000e+02 4.455000000000000000e+02 4.408000000000000114e+02 3.000000000000000000e+00
3.334000000000000000e+03 4.323999999999999773e+02 4.323000000000000114e+02 4.298999999999999773e+02 4.336000000000000227e+02 4.342500000000000000e+02 4.402500000000000000e+02 4.402500000000000000e+02 4.420000000000000000e+02 4.455000000000000000e+02 4.408000000000000114e+02 4.405000000000000000e+02 3.000000000000000000e+00
3.335000000000000000e+03 4.323000000000000114e+02 4.298999999999999773e+02 4.336000000000000227e+02 4.342500000000000000e+02 4.402500000000000000e+02 4.402500000000000000e+02 4.420000000000000000e+02 4.455000000000000000e+02 4.408000000000000114e+02 4.405000000000000000e+02 4.433000000000000114e+02 3.000000000000000000e+00
3.336000000000000000e+03 4.298999999999999773e+02 4.336000000000000227e+02 4.342500000000000000e+02 4.402500000000000000e+02 4.402500000000000000e+02 4.420000000000000000e+02 4.455000000000000000e+02 4.408000000000000114e+02 4.405000000000000000e+02 4.433000000000000114e+02 4.380500000000000114e+02 3.000000000000000000e+00
3.337000000000000000e+03 4.336000000000000227e+02 4.342500000000000000e+02 4.402500000000000000e+02 4.402500000000000000e+02 4.420000000000000000e+02 4.455000000000000000e+02 4.408000000000000114e+02 4.405000000000000000e+02 4.433000000000000114e+02 4.380500000000000114e+02 4.390000000000000000e+02 3.000000000000000000e+00
3.431000000000000000e+03 4.196999999999999886e+02 4.211999999999999886e+02 4.206000000000000227e+02 4.195000000000000000e+02 4.226000000000000227e+02 4.253999999999999773e+02 4.245000000000000000e+02 4.256000000000000227e+02 4.230000000000000000e+02 4.250000000000000000e+02 4.276999999999999886e+02 3.000000000000000000e+00
3.708000000000000000e+03 6.435000000000000000e+02 6.498999999999999773e+02 6.347999999999999545e+02 6.322000000000000455e+02 6.287999999999999545e+02 6.246000000000000227e+02 6.283999999999999773e+02 6.141000000000000227e+02 6.146000000000000227e+02 6.273999999999999773e+02 6.232999999999999545e+02 3.000000000000000000e+00
3.778000000000000000e+03 6.203999999999999773e+02 6.221000000000000227e+02 6.182000000000000455e+02 6.215000000000000000e+02 6.222000000000000455e+02 6.265000000000000000e+02 6.297000000000000455e+02 6.307500000000000000e+02 6.377000000000000455e+02 6.407999999999999545e+02 6.395000000000000000e+02 3.000000000000000000e+00
3.779000000000000000e+03 6.221000000000000227e+02 6.182000000000000455e+02 6.215000000000000000e+02 6.222000000000000455e+02 6.265000000000000000e+02 6.297000000000000455e+02 6.307500000000000000e+02 6.377000000000000455e+02 6.407999999999999545e+02 6.395000000000000000e+02 6.361000000000000227e+02 3.000000000000000000e+00
3.780000000000000000e+03 6.182000000000000455e+02 6.215000000000000000e+02 6.222000000000000455e+02 6.265000000000000000e+02 6.297000000000000455e+02 6.307500000000000000e+02 6.377000000000000455e+02 6.407999999999999545e+02 6.395000000000000000e+02 6.361000000000000227e+02 6.477999999999999545e+02 3.000000000000000000e+00
3.959000000000000000e+03 6.612999999999999545e+02 6.610000000000000000e+02 6.647999999999999545e+02 6.630000000000000000e+02 6.668999999999999773e+02 6.646000000000000227e+02 6.728999999999999773e+02 6.715000000000000000e+02 6.720000000000000000e+02 6.742000000000000455e+02 6.612000000000000455e+02 3.000000000000000000e+00
3.960000000000000000e+03 6.610000000000000000e+02 6.647999999999999545e+02 6.630000000000000000e+02 6.668999999999999773e+02 6.646000000000000227e+02 6.728999999999999773e+02 6.715000000000000000e+02 6.720000000000000000e+02 6.742000000000000455e+02 6.612000000000000455e+02 6.723999999999999773e+02 3.000000000000000000e+00
3.961000000000000000e+03 6.647999999999999545e+02 6.630000000000000000e+02 6.668999999999999773e+02 6.646000000000000227e+02 6.728999999999999773e+02 6.715000000000000000e+02 6.720000000000000000e+02 6.742000000000000455e+02 6.612000000000000455e+02 6.723999999999999773e+02 6.690000000000000000e+02 3.000000000000000000e+00
3.962000000000000000e+03 6.630000000000000000e+02 6.668999999999999773e+02 6.646000000000000227e+02 6.728999999999999773e+02 6.715000000000000000e+02 6.720000000000000000e+02 6.742000000000000455e+02 6.612000000000000455e+02 6.723999999999999773e+02 6.690000000000000000e+02 6.687999999999999545e+02 3.000000000000000000e+00
3.963000000000000000e+03 6.668999999999999773e+02 6.646000000000000227e+02 6.728999999999999773e+02 6.715000000000000000e+02 6.720000000000000000e+02 6.742000000000000455e+02 6.612000000000000455e+02 6.723999999999999773e+02 6.690000000000000000e+02 6.687999999999999545e+02 6.672000000000000455e+02 3.000000000000000000e+00
3.964000000000000000e+03 6.646000000000000227e+02 6.728999999999999773e+02 6.715000000000000000e+02 6.720000000000000000e+02 6.742000000000000455e+02 6.612000000000000455e+02 6.723999999999999773e+02 6.690000000000000000e+02 6.687999999999999545e+02 6.672000000000000455e+02 6.523999999999999773e+02 3.000000000000000000e+00
3.970000000000000000e+03 6.723999999999999773e+02 6.690000000000000000e+02 6.687999999999999545e+02 6.672000000000000455e+02 6.523999999999999773e+02 6.568999999999999773e+02 6.577999999999999545e+02 6.571000000000000227e+02 6.607000000000000455e+02 6.595000000000000000e+02 6.680000000000000000e+02 3.000000000000000000e+00
3.971000000000000000e+03 6.690000000000000000e+02 6.687999999999999545e+02 6.672000000000000455e+02 6.523999999999999773e+02 6.568999999999999773e+02 6.577999999999999545e+02 6.571000000000000227e+02 6.607000000000000455e+02 6.595000000000000000e+02 6.680000000000000000e+02 6.672000000000000455e+02 3.000000000000000000e+00
3.973000000000000000e+03 6.672000000000000455e+02 6.523999999999999773e+02 6.568999999999999773e+02 6.577999999999999545e+02 6.571000000000000227e+02 6.607000000000000455e+02 6.595000000000000000e+02 6.680000000000000000e+02 6.672000000000000455e+02 6.622000000000000455e+02 6.671000000000000227e+02 3.000000000000000000e+00
4.266000000000000000e+03 9.032500000000000000e+02 8.699500000000000455e+02 8.687500000000000000e+02 8.350000000000000000e+02 8.347999999999999545e+02 8.574500000000000455e+02 8.866000000000000227e+02 9.065000000000000000e+02 9.115000000000000000e+02 8.473999999999999773e+02 8.307999999999999545e+02 3.000000000000000000e+00
4.267000000000000000e+03 8.699500000000000455e+02 8.687500000000000000e+02 8.350000000000000000e+02 8.347999999999999545e+02 8.574500000000000455e+02 8.866000000000000227e+02 9.065000000000000000e+02 9.115000000000000000e+02 8.473999999999999773e+02 8.307999999999999545e+02 8.352500000000000000e+02 3.000000000000000000e+00
4.268000000000000000e+03 8.687500000000000000e+02 8.350000000000000000e+02 8.347999999999999545e+02 8.574500000000000455e+02 8.866000000000000227e+02 9.065000000000000000e+02 9.115000000000000000e+02 8.473999999999999773e+02 8.307999999999999545e+02 8.352500000000000000e+02 8.480000000000000000e+02 3.000000000000000000e+00
4.269000000000000000e+03 8.350000000000000000e+02 8.347999999999999545e+02 8.574500000000000455e+02 8.866000000000000227e+02 9.065000000000000000e+02 9.115000000000000000e+02 8.473999999999999773e+02 8.307999999999999545e+02 8.352500000000000000e+02 8.480000000000000000e+02 8.045000000000000000e+02 3.000000000000000000e+00
4.270000000000000000e+03 8.347999999999999545e+02 8.574500000000000455e+02 8.866000000000000227e+02 9.065000000000000000e+02 9.115000000000000000e+02 8.473999999999999773e+02 8.307999999999999545e+02 8.352500000000000000e+02 8.480000000000000000e+02 8.045000000000000000e+02 7.817000000000000455e+02 3.000000000000000000e+00
4.643000000000000000e+03 1.101950000000000045e+03 1.108529999999999973e+03 1.127480000000000018e+03 1.120819999999999936e+03 1.127009999999999991e+03 1.107150000000000091e+03 1.101950000000000045e+03 1.104859999999999900e+03 1.086299999999999955e+03 1.091069999999999936e+03 1.107059999999999945e+03 3.000000000000000000e+00
4.644000000000000000e+03 1.108529999999999973e+03 1.127480000000000018e+03 1.120819999999999936e+03 1.127009999999999991e+03 1.107150000000000091e+03 1.101950000000000045e+03 1.104859999999999900e+03 1.086299999999999955e+03 1.091069999999999936e+03 1.107059999999999945e+03 1.109789999999999964e+03 3.000000000000000000e+00
4.645000000000000000e+03 1.127480000000000018e+03 1.120819999999999936e+03 1.127009999999999991e+03 1.107150000000000091e+03 1.101950000000000045e+03 1.104859999999999900e+03 1.086299999999999955e+03 1.091069999999999936e+03 1.107059999999999945e+03 1.109789999999999964e+03 1.103650000000000091e+03 3.000000000000000000e+00
4.646000000000000000e+03 1.120819999999999936e+03 1.127009999999999991e+03 1.107150000000000091e+03 1.101950000000000045e+03 1.104859999999999900e+03 1.086299999999999955e+03 1.091069999999999936e+03 1.107059999999999945e+03 1.109789999999999964e+03 1.103650000000000091e+03 1.113400000000000091e+03 3.000000000000000000e+00
5.080000000000000000e+03 1.694619999999999891e+03 1.699380000000000109e+03 1.683480000000000018e+03 1.710220000000000027e+03 1.719019999999999982e+03 1.747910000000000082e+03 1.743700000000000045e+03 1.746529999999999973e+03 1.722079999999999927e+03 1.731190000000000055e+03 1.740279999999999973e+03 3.000000000000000000e+00
5.238000000000000000e+03 1.582569999999999936e+03 1.587730000000000018e+03 1.567200000000000045e+03 1.576019999999999982e+03 1.571759999999999991e+03 1.588509999999999991e+03 1.589569999999999936e+03 1.581920000000000073e+03 1.574359999999999900e+03 1.581410000000000082e+03 1.584200000000000045e+03 3.000000000000000000e+00
5.239000000000000000e+03 1.587730000000000018e+03 1.567200000000000045e+03 1.576019999999999982e+03 1.571759999999999991e+03 1.588509999999999991e+03 1.589569999999999936e+03 1.581920000000000073e+03 1.574359999999999900e+03 1.581410000000000082e+03 1.584200000000000045e+03 1.576720000000000027e+03 3.000000000000000000e+00
5.260000000000000000e+03 1.611970000000000027e+03 1.612400000000000091e+03 1.616660000000000082e+03 1.619890000000000100e+03 1.609809999999999945e+03 1.599299999999999955e+03 1.603279999999999973e+03 1.614349999999999909e+03 1.616150000000000091e+03 1.620569999999999936e+03 1.637410000000000082e+03 3.000000000000000000e+00
5.548000000000000000e+03 1.364650000000000091e+03 1.365089999999999918e+03 1.325650000000000091e+03 1.321910000000000082e+03 1.323650000000000091e+03 1.333109999999999900e+03 1.323569999999999936e+03 1.336349999999999909e+03 1.328200000000000045e+03 1.288210000000000036e+03 1.316500000000000000e+03 3.000000000000000000e+00
5.549000000000000000e+03 1.365089999999999918e+03 1.325650000000000091e+03 1.321910000000000082e+03 1.323650000000000091e+03 1.333109999999999900e+03 1.323569999999999936e+03 1.336349999999999909e+03 1.328200000000000045e+03 1.288210000000000036e+03 1.316500000000000000e+03 1.316450000000000045e+03 3.000000000000000000e+00
5.552000000000000000e+03 1.323650000000000091e+03 1.333109999999999900e+03 1.323569999999999936e+03 1.336349999999999909e+03 1.328200000000000045e+03 1.288210000000000036e+03 1.316500000000000000e+03 1.316450000000000045e+03 1.310430000000000064e+03 1.322329999999999927e+03 1.320329999999999927e+03 3.000000000000000000e+00
5.646000000000000000e+03 1.258410000000000082e+03 1.258200000000000045e+03 1.266000000000000000e+03 1.272549999999999955e+03 1.290609999999999900e+03 1.290849999999999909e+03 1.301900000000000091e+03 1.319539999999999964e+03 1.328500000000000000e+03 1.322900000000000091e+03 1.309440000000000055e+03 3.000000000000000000e+00
5.647000000000000000e+03 1.258200000000000045e+03 1.266000000000000000e+03 1.272549999999999955e+03 1.290609999999999900e+03 1.290849999999999909e+03 1.301900000000000091e+03 1.319539999999999964e+03 1.328500000000000000e+03 1.322900000000000091e+03 1.309440000000000055e+03 1.323650000000000091e+03 3.000000000000000000e+00
5.649000000000000000e+03 1.272549999999999955e+03 1.290609999999999900e+03 1.290849999999999909e+03 1.301900000000000091e+03 1.319539999999999964e+03 1.328500000000000000e+03 1.322900000000000091e+03 1.309440000000000055e+03 1.323650000000000091e+03 1.324089999999999918e+03 1.336000000000000000e+03 3.000000000000000000e+00
5.741000000000000000e+03 1.314289999999999964e+03 1.317150000000000091e+03 1.318500000000000000e+03 1.319339999999999918e+03 1.316859999999999900e+03 1.316630000000000109e+03 1.327019999999999982e+03 1.325789999999999964e+03 1.326069999999999936e+03 1.319650000000000091e+03 1.319299999999999955e+03 3.000000000000000000e+00
5.742000000000000000e+03 1.317150000000000091e+03 1.318500000000000000e+03 1.319339999999999918e+03 1.316859999999999900e+03 1.316630000000000109e+03 1.327019999999999982e+03 1.325789999999999964e+03 1.326069999999999936e+03 1.319650000000000091e+03 1.319299999999999955e+03 1.319430000000000064e+03 3.000000000000000000e+00
5.743000000000000000e+03 1.318500000000000000e+03 1.319339999999999918e+03 1.316859999999999900e+03 1.316630000000000109e+03 1.327019999999999982e+03 1.325789999999999964e+03 1.326069999999999936e+03 1.319650000000000091e+03 1.319299999999999955e+03 1.319430000000000064e+03 1.319210000000000036e+03 3.000000000000000000e+00
5.744000000000000000e+03 1.319339999999999918e+03 1.316859999999999900e+03 1.316630000000000109e+03 1.327019999999999982e+03 1.325789999999999964e+03 1.326069999999999936e+03 1.319650000000000091e+03 1.319299999999999955e+03 1.319430000000000064e+03 1.319210000000000036e+03 1.328500000000000000e+03 3.000000000000000000e+00
5.763000000000000000e+03 1.307470000000000027e+03 1.304690000000000055e+03 1.292849999999999909e+03 1.307339999999999918e+03 1.305150000000000091e+03 1.299750000000000000e+03 1.296329999999999927e+03 1.283220000000000027e+03 1.293559999999999945e+03 1.288059999999999945e+03 1.287619999999999891e+03 3.000000000000000000e+00
5.903000000000000000e+03 1.238539999999999964e+03 1.232920000000000073e+03 1.217809999999999945e+03 1.221519999999999982e+03 1.229279999999999973e+03 1.230579999999999927e+03 1.209259999999999991e+03 1.212220000000000027e+03 1.206470000000000027e+03 1.201259999999999991e+03 1.200589999999999918e+03 3.000000000000000000e+00
5.904000000000000000e+03 1.232920000000000073e+03 1.217809999999999945e+03 1.221519999999999982e+03 1.229279999999999973e+03 1.230579999999999927e+03 1.209259999999999991e+03 1.212220000000000027e+03 1.206470000000000027e+03 1.201259999999999991e+03 1.200589999999999918e+03 1.203819999999999936e+03 3.000000000000000000e+00
5.955000000000000000e+03 1.184569999999999936e+03 1.178019999999999982e+03 1.193519999999999982e+03 1.192269999999999982e+03 1.184289999999999964e+03 1.187519999999999982e+03 1.183819999999999936e+03 1.192569999999999936e+03 1.214950000000000045e+03 1.221509999999999991e+03 1.225190000000000055e+03 3.000000000000000000e+00
5.956000000000000000e+03 1.178019999999999982e+03 1.193519999999999982e+03 1.192269999999999982e+03 1.184289999999999964e+03 1.187519999999999982e+03 1.183819999999999936e+03 1.192569999999999936e+03 1.214950000000000045e+03 1.221509999999999991e+03 1.225190000000000055e+03 1.208759999999999991e+03 3.000000000000000000e+00
5.957000000000000000e+03 1.193519999999999982e+03 1.192269999999999982e+03 1.184289999999999964e+03 1.187519999999999982e+03 1.183819999999999936e+03 1.192569999999999936e+03 1.214950000000000045e+03 1.221509999999999991e+03 1.225190000000000055e+03 1.208759999999999991e+03 1.210009999999999991e+03 3.000000000000000000e+00
5.958000000000000000e+03 1.192269999999999982e+03 1.184289999999999964e+03 1.187519999999999982e+03 1.183819999999999936e+03 1.192569999999999936e+03 1.214950000000000045e+03 1.221509999999999991e+03 1.225190000000000055e+03 1.208759999999999991e+03 1.210009999999999991e+03 1.206750000000000000e+03 3.000000000000000000e+00
5.959000000000000000e+03 1.184289999999999964e+03 1.187519999999999982e+03 1.183819999999999936e+03 1.192569999999999936e+03 1.214950000000000045e+03 1.221509999999999991e+03 1.225190000000000055e+03 1.208759999999999991e+03 1.210009999999999991e+03 1.206750000000000000e+03 1.205420000000000073e+03 3.000000000000000000e+00
5.960000000000000000e+03 1.187519999999999982e+03 1.183819999999999936e+03 1.192569999999999936e+03 1.214950000000000045e+03 1.221509999999999991e+03 1.225190000000000055e+03 1.208759999999999991e+03 1.210009999999999991e+03 1.206750000000000000e+03 1.205420000000000073e+03 1.206859999999999900e+03 3.000000000000000000e+00
5.961000000000000000e+03 1.183819999999999936e+03 1.192569999999999936e+03 1.214950000000000045e+03 1.221509999999999991e+03 1.225190000000000055e+03 1.208759999999999991e+03 1.210009999999999991e+03 1.206750000000000000e+03 1.205420000000000073e+03 1.206859999999999900e+03 1.187420000000000073e+03 3.000000000000000000e+00
6.066000000000000000e+03 1.170000000000000000e+03 1.176319999999999936e+03 1.166990000000000009e+03 1.165630000000000109e+03 1.164579999999999927e+03 1.163779999999999973e+03 1.166400000000000091e+03 1.156250000000000000e+03 1.144859999999999900e+03 1.142019999999999982e+03 1.133710000000000036e+03 3.000000000000000000e+00
6.120000000000000000e+03 1.078420000000000073e+03 1.092990000000000009e+03 1.108960000000000036e+03 1.102799999999999955e+03 1.094769999999999982e+03 1.090259999999999991e+03 1.093589999999999918e+03 1.079269999999999982e+03 1.089599999999999909e+03 1.088930000000000064e+03 1.087990000000000009e+03 3.000000000000000000e+00
6.121000000000000000e+03 1.092990000000000009e+03 1.108960000000000036e+03 1.102799999999999955e+03 1.094769999999999982e+03 1.090259999999999991e+03 1.093589999999999918e+03 1.079269999999999982e+03 1.089599999999999909e+03 1.088930000000000064e+03 1.087990000000000009e+03 1.099880000000000109e+03 3.000000000000000000e+00
6.122000000000000000e+03 1.108960000000000036e+03 1.102799999999999955e+03 1.094769999999999982e+03 1.090259999999999991e+03 1.093589999999999918e+03 1.079269999999999982e+03 1.089599999999999909e+03 1.088930000000000064e+03 1.087990000000000009e+03 1.099880000000000109e+03 1.100650000000000091e+03 3.000000000000000000e+00
6.123000000000000000e+03 1.102799999999999955e+03 1.094769999999999982e+03 1.090259999999999991e+03 1.093589999999999918e+03 1.079269999999999982e+03 1.089599999999999909e+03 1.088930000000000064e+03 1.087990000000000009e+03 1.099880000000000109e+03 1.100650000000000091e+03 1.097480000000000018e+03 3.000000000000000000e+00
6.124000000000000000e+03 1.094769999999999982e+03 1.090259999999999991e+03 1.093589999999999918e+03 1.079269999999999982e+03 1.089599999999999909e+03 1.088930000000000064e+03 1.087990000000000009e+03 1.099880000000000109e+03 1.100650000000000091e+03 1.097480000000000018e+03 1.106839999999999918e+03 3.000000000000000000e+00
6.134000000000000000e+03 1.106839999999999918e+03 1.122500000000000000e+03 1.125799999999999955e+03 1.115720000000000027e+03 1.117519999999999982e+03 1.128599999999999909e+03 1.128579999999999927e+03 1.141509999999999991e+03 1.156220000000000027e+03 1.168170000000000073e+03 1.191400000000000091e+03 3.000000000000000000e+00
6.383000000000000000e+03 1.198359999999999900e+03 1.203180000000000064e+03 1.215750000000000000e+03 1.205849999999999909e+03 1.204640000000000100e+03 1.207880000000000109e+03 1.215549999999999955e+03 1.209880000000000109e+03 1.200079999999999927e+03 1.188950000000000045e+03 1.190849999999999909e+03 3.000000000000000000e+00
6.400000000000000000e+03 1.233329999999999927e+03 1.240390000000000100e+03 1.231720000000000027e+03 1.233779999999999973e+03 1.225960000000000036e+03 1.227799999999999955e+03 1.232700000000000045e+03 1.239140000000000100e+03 1.236130000000000109e+03 1.237670000000000073e+03 1.236150000000000091e+03 3.000000000000000000e+00
6.401000000000000000e+03 1.240390000000000100e+03 1.231720000000000027e+03 1.233779999999999973e+03 1.225960000000000036e+03 1.227799999999999955e+03 1.232700000000000045e+03 1.239140000000000100e+03 1.236130000000000109e+03 1.237670000000000073e+03 1.236150000000000091e+03 1.238930000000000064e+03 3.000000000000000000e+00
6.402000000000000000e+03 1.231720000000000027e+03 1.233779999999999973e+03 1.225960000000000036e+03 1.227799999999999955e+03 1.232700000000000045e+03 1.239140000000000100e+03 1.236130000000000109e+03 1.237670000000000073e+03 1.236150000000000091e+03 1.238930000000000064e+03 1.248710000000000036e+03 3.000000000000000000e+00
6.403000000000000000e+03 1.233779999999999973e+03 1.225960000000000036e+03 1.227799999999999955e+03 1.232700000000000045e+03 1.239140000000000100e+03 1.236130000000000109e+03 1.237670000000000073e+03 1.236150000000000091e+03 1.238930000000000064e+03 1.248710000000000036e+03 1.256609999999999900e+03 3.000000000000000000e+00
6.404000000000000000e+03 1.225960000000000036e+03 1.227799999999999955e+03 1.232700000000000045e+03 1.239140000000000100e+03 1.236130000000000109e+03 1.237670000000000073e+03 1.236150000000000091e+03 1.238930000000000064e+03 1.248710000000000036e+03 1.256609999999999900e+03 1.251450000000000045e+03 3.000000000000000000e+00
6.405000000000000000e+03 1.227799999999999955e+03 1.232700000000000045e+03 1.239140000000000100e+03 1.236130000000000109e+03 1.237670000000000073e+03 1.236150000000000091e+03 1.238930000000000064e+03 1.248710000000000036e+03 1.256609999999999900e+03 1.251450000000000045e+03 1.251160000000000082e+03 3.000000000000000000e+00
6.522000000000000000e+03 1.268920000000000073e+03 1.266650000000000091e+03 1.268589999999999918e+03 1.258769999999999982e+03 1.257950000000000045e+03 1.260809999999999945e+03 1.277349999999999909e+03 1.286450000000000045e+03 1.289069999999999936e+03 1.281849999999999909e+03 1.271440000000000055e+03 3.000000000000000000e+00
6.523000000000000000e+03 1.266650000000000091e+03 1.268589999999999918e+03 1.258769999999999982e+03 1.257950000000000045e+03 1.260809999999999945e+03 1.277349999999999909e+03 1.286450000000000045e+03 1.289069999999999936e+03 1.281849999999999909e+03 1.271440000000000055e+03 1.283269999999999982e+03 3.000000000000000000e+00
6.524000000000000000e+03 1.268589999999999918e+03 1.258769999999999982e+03 1.257950000000000045e+03 1.260809999999999945e+03 1.277349999999999909e+03 1.286450000000000045e+03 1.289069999999999936e+03 1.281849999999999909e+03 1.271440000000000055e+03 1.283269999999999982e+03 1.287980000000000018e+03 3.000000000000000000e+00
