3.880000000000000000e+02 3.677500000000000000e+02 3.720000000000000000e+02 3.767500000000000000e+02 3.748500000000000227e+02 3.762500000000000000e+02 3.766499999999999773e+02 3.760000000000000000e+02 3.730000000000000000e+02 3.750000000000000000e+02 3.738000000000000114e+02 3.761000000000000227e+02 6.000000000000000000e+00
3.950000000000000000e+02 3.730000000000000000e+02 3.750000000000000000e+02 3.738000000000000114e+02 3.761000000000000227e+02 3.758000000000000114e+02 3.781000000000000227e+02 3.780000000000000000e+02 3.769499999999999886e+02 3.768999999999999773e+02 3.772500000000000000e+02 3.768000000000000114e+02 6.000000000000000000e+00
3.960000000000000000e+02 3.750000000000000000e+02 3.738000000000000114e+02 3.761000000000000227e+02 3.758000000000000114e+02 3.781000000000000227e+02 3.780000000000000000e+02 3.769499999999999886e+02 3.768999999999999773e+02 3.772500000000000000e+02 3.768000000000000114e+02 3.700000000000000000e+02 6.000000000000000000e+00
3.970000000000000000e+02 3.738000000000000114e+02 3.761000000000000227e+02 3.758000000000000114e+02 3.781000000000000227e+02 3.780000000000000000e+02 3.769499999999999886e+02 3.768999999999999773e+02 3.772500000000000000e+02 3.768000000000000114e+02 3.700000000000000000e+02 3.701999999999999886e+02 6.000000000000000000e+00
3.990000000000000000e+02 3.758000000000000114e+02 3.781000000000000227e+02 3.780000000000000000e+02 3.769499999999999886e+02 3.768999999999999773e+02 3.772500000000000000e+02 3.768000000000000114e+02 3.700000000000000000e+02 3.701999999999999886e+02 3.750000000000000000e+02 3.736999999999999886e+02 6.000000000000000000e+00
4.000000000000000000e+02 3.781000000000000227e+02 3.780000000000000000e+02 3.769499999999999886e+02 3.768999999999999773e+02 3.772500000000000000e+02 3.768000000000000114e+02 3.700000000000000000e+02 3.701999999999999886e+02 3.750000000000000000e+02 3.736999999999999886e+02 3.765000000000000000e+02 6.000000000000000000e+00
4.010000000000000000e+02 3.780000000000000000e+02 3.769499999999999886e+02 3.768999999999999773e+02 3.772500000000000000e+02 3.768000000000000114e+02 3.700000000000000000e+02 3.701999999999999886e+02 3.750000000000000000e+02 3.736999999999999886e+02 3.765000000000000000e+02 3.758000000000000114e+02 6.000000000000000000e+00
4.020000000000000000e+02 3.769499999999999886e+02 3.768999999999999773e+02 3.772500000000000000e+02 3.768000000000000114e+02 3.700000000000000000e+02 3.701999999999999886e+02 3.750000000000000000e+02 3.736999999999999886e+02 3.765000000000000000e+02 3.758000000000000114e+02 3.771999999999999886e+02 6.000000000000000000e+00
4.030000000000000000e+02 3.768999999999999773e+02 3.772500000000000000e+02 3.768000000000000114e+02 3.700000000000000000e+02 3.701999999999999886e+02 3.750000000000000000e+02 3.736999999999999886e+02 3.765000000000000000e+02 3.758000000000000114e+02 3.771999999999999886e+02 3.835000000000000000e+02 6.000000000000000000e+00
5.630000000000000000e+02 3.836999999999999886e+02 3.843999999999999773e+02 3.842500000000000000e+02 3.870000000000000000e+02 3.853500000000000227e+02 3.833500000000000227e+02 3.840000000000000000e+02 3.858000000000000114e+02 3.858000000000000114e+02 3.864499999999999886e+02 3.853500000000000227e+02 6.000000000000000000e+00
5.640000000000000000e+02 3.843999999999999773e+02 3.842500000000000000e+02 3.870000000000000000e+02 3.853500000000000227e+02 3.833500000000000227e+02 3.840000000000000000e+02 3.858000000000000114e+02 3.858000000000000114e+02 3.864499999999999886e+02 3.853500000000000227e+02 3.842500000000000000e+02 6.000000000000000000e+00
5.680000000000000000e+02 3.833500000000000227e+02 3.840000000000000000e+02 3.858000000000000114e+02 3.858000000000000114e+02 3.864499999999999886e+02 3.853500000000000227e+02 3.842500000000000000e+02 3.848000000000000114e+02 3.848500000000000227e+02 3.868500000000000227e+02 3.873999999999999773e+02 6.000000000000000000e+00
5.700000000000000000e+02 3.858000000000000114e+02 3.858000000000000114e+02 3.864499999999999886e+02 3.853500000000000227e+02 3.842500000000000000e+02 3.848000000000000114e+02 3.848500000000000227e+02 3.868500000000000227e+02 3.873999999999999773e+02 3.851000000000000227e+02 3.831999999999999886e+02 6.000000000000000000e+00
5.730000000000000000e+02 3.853500000000000227e+02 3.842500000000000000e+02 3.848000000000000114e+02 3.848500000000000227e+02 3.868500000000000227e+02 3.873999999999999773e+02 3.851000000000000227e+02 3.831999999999999886e+02 3.835000000000000000e+02 3.793999999999999773e+02 3.780000000000000000e+02 6.000000000000000000e+00
5.740000000000000000e+02 3.842500000000000000e+02 3.848000000000000114e+02 3.848500000000000227e+02 3.868500000000000227e+02 3.873999999999999773e+02 3.851000000000000227e+02 3.831999999999999886e+02 3.835000000000000000e+02 3.793999999999999773e+02 3.780000000000000000e+02 3.776000000000000227e+02 6.000000000000000000e+00
7.360000000000000000e+02 3.786499999999999773e+02 3.836999999999999886e+02 3.796499999999999773e+02 3.811499999999999773e+02 3.816000000000000227e+02 3.848000000000000114e+02 3.855000000000000000e+02 3.861999999999999886e+02 3.841499999999999773e+02 3.831499999999999773e+02 3.825500000000000114e+02 6.000000000000000000e+00
7.370000000000000000e+02 3.836999999999999886e+02 3.796499999999999773e+02 3.811499999999999773e+02 3.816000000000000227e+02 3.848000000000000114e+02 3.855000000000000000e+02 3.861999999999999886e+02 3.841499999999999773e+02 3.831499999999999773e+02 3.825500000000000114e+02 3.816999999999999886e+02 6.000000000000000000e+00
7.380000000000000000e+02 3.796499999999999773e+02 3.811499999999999773e+02 3.816000000000000227e+02 3.848000000000000114e+02 3.855000000000000000e+02 3.861999999999999886e+02 3.841499999999999773e+02 3.831499999999999773e+02 3.825500000000000114e+02 3.816999999999999886e+02 3.823500000000000227e+02 6.000000000000000000e+00
7.390000000000000000e+02 3.811499999999999773e+02 3.816000000000000227e+02 3.848000000000000114e+02 3.855000000000000000e+02 3.861999999999999886e+02 3.841499999999999773e+02 3.831499999999999773e+02 3.825500000000000114e+02 3.816999999999999886e+02 3.823500000000000227e+02 3.836499999999999773e+02 6.000000000000000000e+00
9.070000000000000000e+02 3.823999999999999773e+02 3.821499999999999773e+02 3.826000000000000227e+02 3.821000000000000227e+02 3.823000000000000114e+02 3.846999999999999886e+02 3.848999999999999773e+02 3.855000000000000000e+02 3.889900000000000091e+02 3.870500000000000114e+02 3.853500000000000227e+02 6.000000000000000000e+00
9.080000000000000000e+02 3.821499999999999773e+02 3.826000000000000227e+02 3.821000000000000227e+02 3.823000000000000114e+02 3.846999999999999886e+02 3.848999999999999773e+02 3.855000000000000000e+02 3.889900000000000091e+02 3.870500000000000114e+02 3.853500000000000227e+02 3.848000000000000114e+02 6.000000000000000000e+00
9.090000000000000000e+02 3.826000000000000227e+02 3.821000000000000227e+02 3.823000000000000114e+02 3.846999999999999886e+02 3.848999999999999773e+02 3.855000000000000000e+02 3.889900000000000091e+02 3.870500000000000114e+02 3.853500000000000227e+02 3.848000000000000114e+02 3.855000000000000000e+02 6.000000000000000000e+00
1.105000000000000000e+03 3.888000000000000114e+02 3.883000000000000114e+02 3.878999999999999773e+02 3.883000000000000114e+02 3.873999999999999773e+02 3.873999999999999773e+02 3.876000000000000227e+02 3.863999999999999773e+02 3.864499999999999886e+02 3.861999999999999886e+02 3.869499999999999886e+02 6.000000000000000000e+00
1.106000000000000000e+03 3.883000000000000114e+02 3.878999999999999773e+02 3.883000000000000114e+02 3.873999999999999773e+02 3.873999999999999773e+02 3.876000000000000227e+02 3.863999999999999773e+02 3.864499999999999886e+02 3.861999999999999886e+02 3.869499999999999886e+02 3.874499999999999886e+02 6.000000000000000000e+00
1.384000000000000000e+03 3.243000000000000114e+02 3.222500000000000000e+02 3.217500000000000000e+02 3.213000000000000114e+02 3.223000000000000114e+02 3.216999999999999886e+02 3.212500000000000000e+02 3.215000000000000000e+02 3.240000000000000000e+02 3.238999999999999773e+02 3.228000000000000114e+02 6.000000000000000000e+00
1.385000000000000000e+03 3.222500000000000000e+02 3.217500000000000000e+02 3.213000000000000114e+02 3.223000000000000114e+02 3.216999999999999886e+02 3.212500000000000000e+02 3.215000000000000000e+02 3.240000000000000000e+02 3.238999999999999773e+02 3.228000000000000114e+02 3.205000000000000000e+02 6.000000000000000000e+00
1.386000000000000000e+03 3.217500000000000000e+02 3.213000000000000114e+02 3.223000000000000114e+02 3.216999999999999886e+02 3.212500000000000000e+02 3.215000000000000000e+02 3.240000000000000000e+02 3.238999999999999773e+02 3.228000000000000114e+02 3.205000000000000000e+02 3.200000000000000000e+02 6.000000000000000000e+00
1.413000000000000000e+03 3.293999999999999773e+02 3.281999999999999886e+02 3.276999999999999886e+02 3.266999999999999886e+02 3.256000000000000227e+02 3.250000000000000000e+02 3.233999999999999773e+02 3.224499999999999886e+02 3.221999999999999886e+02 3.233999999999999773e+02 3.087500000000000000e+02 6.000000000000000000e+00
1.492000000000000000e+03 3.021999999999999886e+02 3.026999999999999886e+02 2.951000000000000227e+02 2.991000000000000227e+02 2.983999999999999773e+02 2.978999999999999773e+02 2.995000000000000000e+02 3.001999999999999886e+02 2.998000000000000114e+02 2.985000000000000000e+02 2.996000000000000227e+02 6.000000000000000000e+00
1.493000000000000000e+03 3.026999999999999886e+02 2.951000000000000227e+02 2.991000000000000227e+02 2.983999999999999773e+02 2.978999999999999773e+02 2.995000000000000000e+02 3.001999999999999886e+02 2.998000000000000114e+02 2.985000000000000000e+02 2.996000000000000227e+02 2.980000000000000000e+02 6.000000000000000000e+00
1.494000000000000000e+03 2.951000000000000227e+02 2.991000000000000227e+02 2.983999999999999773e+02 2.978999999999999773e+02 2.995000000000000000e+02 3.001999999999999886e+02 2.998000000000000114e+02 2.985000000000000000e+02 2.996000000000000227e+02 2.980000000000000000e+02 2.977500000000000000e+02 6.000000000000000000e+00
1.495000000000000000e+03 2.991000000000000227e+02 2.983999999999999773e+02 2.978999999999999773e+02 2.995000000000000000e+02 3.001999999999999886e+02 2.998000000000000114e+02 2.985000000000000000e+02 2.996000000000000227e+02 2.980000000000000000e+02 2.977500000000000000e+02 2.973000000000000114e+02 6.000000000000000000e+00
1.496000000000000000e+03 2.983999999999999773e+02 2.978999999999999773e+02 2.995000000000000000e+02 3.001999999999999886e+02 2.998000000000000114e+02 2.985000000000000000e+02 2.996000000000000227e+02 2.980000000000000000e+02 2.977500000000000000e+02 2.973000000000000114e+02 2.986999999999999886e+02 6.000000000000000000e+00
1.497000000000000000e+03 2.978999999999999773e+02 2.995000000000000000e+02 3.001999999999999886e+02 2.998000000000000114e+02 2.985000000000000000e+02 2.996000000000000227e+02 2.980000000000000000e+02 2.977500000000000000e+02 2.973000000000000114e+02 2.986999999999999886e+02 2.970000000000000000e+02 6.000000000000000000e+00
1.498000000000000000e+03 2.995000000000000000e+02 3.001999999999999886e+02 2.998000000000000114e+02 2.985000000000000000e+02 2.996000000000000227e+02 2.980000000000000000e+02 2.977500000000000000e+02 2.973000000000000114e+02 2.986999999999999886e+02 2.970000000000000000e+02 2.931999999999999886e+02 6.000000000000000000e+00
1.499000000000000000e+03 3.001999999999999886e+02 2.998000000000000114e+02 2.985000000000000000e+02 2.996000000000000227e+02 2.980000000000000000e+02 2.977500000000000000e+02 2.973000000000000114e+02 2.986999999999999886e+02 2.970000000000000000e+02 2.931999999999999886e+02 2.911999999999999886e+02 6.000000000000000000e+00
1.500000000000000000e+03 2.998000000000000114e+02 2.985000000000000000e+02 2.996000000000000227e+02 2.980000000000000000e+02 2.977500000000000000e+02 2.973000000000000114e+02 2.986999999999999886e+02 2.970000000000000000e+02 2.931999999999999886e+02 2.911999999999999886e+02 2.918000000000000114e+02 6.000000000000000000e+00
1.501000000000000000e+03 2.985000000000000000e+02 2.996000000000000227e+02 2.980000000000000000e+02 2.977500000000000000e+02 2.973000000000000114e+02 2.986999999999999886e+02 2.970000000000000000e+02 2.931999999999999886e+02 2.911999999999999886e+02 2.918000000000000114e+02 2.943999999999999773e+02 6.000000000000000000e+00
1.502000000000000000e+03 2.996000000000000227e+02 2.980000000000000000e+02 2.977500000000000000e+02 2.973000000000000114e+02 2.986999999999999886e+02 2.970000000000000000e+02 2.931999999999999886e+02 2.911999999999999886e+02 2.918000000000000114e+02 2.943999999999999773e+02 2.988999999999999773e+02 6.000000000000000000e+00
1.503000000000000000e+03 2.980000000000000000e+02 2.977500000000000000e+02 2.973000000000000114e+02 2.986999999999999886e+02 2.970000000000000000e+02 2.931999999999999886e+02 2.911999999999999886e+02 2.918000000000000114e+02 2.943999999999999773e+02 2.988999999999999773e+02 2.995000000000000000e+02 6.000000000000000000e+00
1.513000000000000000e+03 2.995000000000000000e+02 2.976000000000000227e+02 2.958000000000000114e+02 2.931999999999999886e+02 2.941999999999999886e+02 2.942500000000000000e+02 2.958000000000000114e+02 2.943500000000000227e+02 2.943000000000000114e+02 2.951000000000000227e+02 2.943000000000000114e+02 6.000000000000000000e+00
1.514000000000000000e+03 2.976000000000000227e+02 2.958000000000000114e+02 2.931999999999999886e+02 2.941999999999999886e+02 2.942500000000000000e+02 2.958000000000000114e+02 2.943500000000000227e+02 2.943000000000000114e+02 2.951000000000000227e+02 2.943000000000000114e+02 2.916999999999999886e+02 6.000000000000000000e+00
1.515000000000000000e+03 2.958000000000000114e+02 2.931999999999999886e+02 2.941999999999999886e+02 2.942500000000000000e+02 2.958000000000000114e+02 2.943500000000000227e+02 2.943000000000000114e+02 2.951000000000000227e+02 2.943000000000000114e+02 2.916999999999999886e+02 2.908999999999999773e+02 6.000000000000000000e+00
1.516000000000000000e+03 2.931999999999999886e+02 2.941999999999999886e+02 2.942500000000000000e+02 2.958000000000000114e+02 2.943500000000000227e+02 2.943000000000000114e+02 2.951000000000000227e+02 2.943000000000000114e+02 2.916999999999999886e+02 2.908999999999999773e+02 2.913000000000000114e+02 6.000000000000000000e+00
1.517000000000000000e+03 2.941999999999999886e+02 2.942500000000000000e+02 2.958000000000000114e+02 2.943500000000000227e+02 2.943000000000000114e+02 2.951000000000000227e+02 2.943000000000000114e+02 2.916999999999999886e+02 2.908999999999999773e+02 2.913000000000000114e+02 2.915000000000000000e+02 6.000000000000000000e+00
1.518000000000000000e+03 2.942500000000000000e+02 2.958000000000000114e+02 2.943500000000000227e+02 2.943000000000000114e+02 2.951000000000000227e+02 2.943000000000000114e+02 2.916999999999999886e+02 2.908999999999999773e+02 2.913000000000000114e+02 2.915000000000000000e+02 2.986999999999999886e+02 6.000000000000000000e+00
1.519000000000000000e+03 2.958000000000000114e+02 2.943500000000000227e+02 2.943000000000000114e+02 2.951000000000000227e+02 2.943000000000000114e+02 2.916999999999999886e+02 2.908999999999999773e+02 2.913000000000000114e+02 2.915000000000000000e+02 2.986999999999999886e+02 2.993999999999999773e+02 6.000000000000000000e+00
1.520000000000000000e+03 2.943500000000000227e+02 2.943000000000000114e+02 2.951000000000000227e+02 2.943000000000000114e+02 2.916999999999999886e+02 2.908999999999999773e+02 2.913000000000000114e+02 2.915000000000000000e+02 2.986999999999999886e+02 2.993999999999999773e+02 2.988000000000000114e+02 6.000000000000000000e+00
1.521000000000000000e+03 2.943000000000000114e+02 2.951000000000000227e+02 2.943000000000000114e+02 2.916999999999999886e+02 2.908999999999999773e+02 2.913000000000000114e+02 2.915000000000000000e+02 2.986999999999999886e+02 2.993999999999999773e+02 2.988000000000000114e+02 3.013000000000000114e+02 6.000000000000000000e+00
1.682000000000000000e+03 2.926999999999999886e+02 2.922500000000000000e+02 2.933999999999999773e+02 2.928000000000000114e+02 2.933999999999999773e+02 2.923000000000000114e+02 2.900000000000000000e+02 2.888999999999999773e+02 2.905000000000000000e+02 2.936999999999999886e+02 2.928000000000000114e+02 6.000000000000000000e+00
1.683000000000000000e+03 2.922500000000000000e+02 2.933999999999999773e+02 2.928000000000000114e+02 2.933999999999999773e+02 2.923000000000000114e+02 2.900000000000000000e+02 2.888999999999999773e+02 2.905000000000000000e+02 2.936999999999999886e+02 2.928000000000000114e+02 2.925000000000000000e+02 6.000000000000000000e+00
1.687000000000000000e+03 2.923000000000000114e+02 2.900000000000000000e+02 2.888999999999999773e+02 2.905000000000000000e+02 2.936999999999999886e+02 2.928000000000000114e+02 2.925000000000000000e+02 2.930000000000000000e+02 2.926999999999999886e+02 2.965000000000000000e+02 2.956000000000000227e+02 6.000000000000000000e+00
1.688000000000000000e+03 2.900000000000000000e+02 2.888999999999999773e+02 2.905000000000000000e+02 2.936999999999999886e+02 2.928000000000000114e+02 2.925000000000000000e+02 2.930000000000000000e+02 2.926999999999999886e+02 2.965000000000000000e+02 2.956000000000000227e+02 2.946999999999999886e+02 6.000000000000000000e+00
2.039000000000000000e+03 2.881000000000000227e+02 2.907500000000000000e+02 2.885000000000000000e+02 2.900000000000000000e+02 2.885000000000000000e+02 2.885000000000000000e+02 2.860000000000000000e+02 2.840000000000000000e+02 2.855000000000000000e+02 2.895000000000000000e+02 2.875000000000000000e+02 6.000000000000000000e+00
2.040000000000000000e+03 2.907500000000000000e+02 2.885000000000000000e+02 2.900000000000000000e+02 2.885000000000000000e+02 2.885000000000000000e+02 2.860000000000000000e+02 2.840000000000000000e+02 2.855000000000000000e+02 2.895000000000000000e+02 2.875000000000000000e+02 2.851499999999999773e+02 6.000000000000000000e+00
2.041000000000000000e+03 2.885000000000000000e+02 2.900000000000000000e+02 2.885000000000000000e+02 2.885000000000000000e+02 2.860000000000000000e+02 2.840000000000000000e+02 2.855000000000000000e+02 2.895000000000000000e+02 2.875000000000000000e+02 2.851499999999999773e+02 2.845000000000000000e+02 6.000000000000000000e+00
2.042000000000000000e+03 2.900000000000000000e+02 2.885000000000000000e+02 2.885000000000000000e+02 2.860000000000000000e+02 2.840000000000000000e+02 2.855000000000000000e+02 2.895000000000000000e+02 2.875000000000000000e+02 2.851499999999999773e+02 2.845000000000000000e+02 2.798000000000000114e+02 6.000000000000000000e+00
2.111000000000000000e+03 2.890000000000000000e+02 2.860000000000000000e+02 2.859499999999999886e+02 2.858500000000000227e+02 2.853000000000000114e+02 2.828999999999999773e+02 2.837500000000000000e+02 2.856999999999999886e+02 2.924499999999999886e+02 2.888999999999999773e+02 2.897500000000000000e+02 6.000000000000000000e+00
2.115000000000000000e+03 2.853000000000000114e+02 2.828999999999999773e+02 2.837500000000000000e+02 2.856999999999999886e+02 2.924499999999999886e+02 2.888999999999999773e+02 2.897500000000000000e+02 2.876499999999999773e+02 2.865000000000000000e+02 2.838999999999999773e+02 2.832500000000000000e+02 6.000000000000000000e+00
2.117000000000000000e+03 2.837500000000000000e+02 2.856999999999999886e+02 2.924499999999999886e+02 2.888999999999999773e+02 2.897500000000000000e+02 2.876499999999999773e+02 2.865000000000000000e+02 2.838999999999999773e+02 2.832500000000000000e+02 2.833000000000000114e+02 2.836999999999999886e+02 6.000000000000000000e+00
2.118000000000000000e+03 2.856999999999999886e+02 2.924499999999999886e+02 2.888999999999999773e+02 2.897500000000000000e+02 2.876499999999999773e+02 2.865000000000000000e+02 2.838999999999999773e+02 2.832500000000000000e+02 2.833000000000000114e+02 2.836999999999999886e+02 2.822500000000000000e+02 6.000000000000000000e+00
2.123000000000000000e+03 2.865000000000000000e+02 2.838999999999999773e+02 2.832500000000000000e+02 2.833000000000000114e+02 2.836999999999999886e+02 2.822500000000000000e+02 2.803999999999999773e+02 2.800000000000000000e+02 2.810000000000000000e+02 2.833000000000000114e+02 2.823999999999999773e+02 6.000000000000000000e+00
2.124000000000000000e+03 2.838999999999999773e+02 2.832500000000000000e+02 2.833000000000000114e+02 2.836999999999999886e+02 2.822500000000000000e+02 2.803999999999999773e+02 2.800000000000000000e+02 2.810000000000000000e+02 2.833000000000000114e+02 2.823999999999999773e+02 2.788999999999999773e+02 6.000000000000000000e+00
2.125000000000000000e+03 2.832500000000000000e+02 2.833000000000000114e+02 2.836999999999999886e+02 2.822500000000000000e+02 2.803999999999999773e+02 2.800000000000000000e+02 2.810000000000000000e+02 2.833000000000000114e+02 2.823999999999999773e+02 2.788999999999999773e+02 2.800000000000000000e+02 6.000000000000000000e+00
2.128000000000000000e+03 2.822500000000000000e+02 2.803999999999999773e+02 2.800000000000000000e+02 2.810000000000000000e+02 2.833000000000000114e+02 2.823999999999999773e+02 2.788999999999999773e+02 2.800000000000000000e+02 2.801000000000000227e+02 2.790000000000000000e+02 2.788000000000000114e+02 6.000000000000000000e+00
2.129000000000000000e+03 2.803999999999999773e+02 2.800000000000000000e+02 2.810000000000000000e+02 2.833000000000000114e+02 2.823999999999999773e+02 2.788999999999999773e+02 2.800000000000000000e+02 2.801000000000000227e+02 2.790000000000000000e+02 2.788000000000000114e+02 2.795000000000000000e+02 6.000000000000000000e+00
2.322000000000000000e+03 2.573000000000000114e+02 2.585000000000000000e+02 2.598999999999999773e+02 2.598999999999999773e+02 2.631499999999999773e+02 2.607500000000000000e+02 2.610000000000000000e+02 2.652500000000000000e+02 2.643999999999999773e+02 2.632500000000000000e+02 2.640500000000000114e+02 6.000000000000000000e+00
2.323000000000000000e+03 2.585000000000000000e+02 2.598999999999999773e+02 2.598999999999999773e+02 2.631499999999999773e+02 2.607500000000000000e+02 2.610000000000000000e+02 2.652500000000000000e+02 2.643999999999999773e+02 2.632500000000000000e+02 2.640500000000000114e+02 2.621000000000000227e+02 6.000000000000000000e+00
2.324000000000000000e+03 2.598999999999999773e+02 2.598999999999999773e+02 2.631499999999999773e+02 2.607500000000000000e+02 2.610000000000000000e+02 2.652500000000000000e+02 2.643999999999999773e+02 2.632500000000000000e+02 2.640500000000000114e+02 2.621000000000000227e+02 2.638999999999999773e+02 6.000000000000000000e+00
2.325000000000000000e+03 2.598999999999999773e+02 2.631499999999999773e+02 2.607500000000000000e+02 2.610000000000000000e+02 2.652500000000000000e+02 2.643999999999999773e+02 2.632500000000000000e+02 2.640500000000000114e+02 2.621000000000000227e+02 2.638999999999999773e+02 2.638000000000000114e+02 6.000000000000000000e+00
2.327000000000000000e+03 2.607500000000000000e+02 2.610000000000000000e+02 2.652500000000000000e+02 2.643999999999999773e+02 2.632500000000000000e+02 2.640500000000000114e+02 2.621000000000000227e+02 2.638999999999999773e+02 2.638000000000000114e+02 2.638000000000000114e+02 2.641000000000000227e+02 6.000000000000000000e+00
2.328000000000000000e+03 2.610000000000000000e+02 2.652500000000000000e+02 2.643999999999999773e+02 2.632500000000000000e+02 2.640500000000000114e+02 2.621000000000000227e+02 2.638999999999999773e+02 2.638000000000000114e+02 2.638000000000000114e+02 2.641000000000000227e+02 2.651000000000000227e+02 6.000000000000000000e+00
2.524000000000000000e+03 2.833000000000000114e+02 2.823000000000000114e+02 2.815500000000000114e+02 2.790000000000000000e+02 2.785500000000000114e+02 2.791999999999999886e+02 2.788000000000000114e+02 2.816000000000000227e+02 2.818000000000000114e+02 2.821000000000000227e+02 2.860000000000000000e+02 6.000000000000000000e+00
2.698000000000000000e+03 3.230500000000000114e+02 3.218999999999999773e+02 3.222500000000000000e+02 3.258999999999999773e+02 3.220000000000000000e+02 3.196999999999999886e+02 3.196999999999999886e+02 3.235000000000000000e+02 3.201000000000000227e+02 3.228000000000000114e+02 3.213999999999999773e+02 6.000000000000000000e+00
2.699000000000000000e+03 3.218999999999999773e+02 3.222500000000000000e+02 3.258999999999999773e+02 3.220000000000000000e+02 3.196999999999999886e+02 3.196999999999999886e+02 3.235000000000000000e+02 3.201000000000000227e+02 3.228000000000000114e+02 3.213999999999999773e+02 3.220000000000000000e+02 6.000000000000000000e+00
2.712000000000000000e+03 3.198000000000000114e+02 3.166000000000000227e+02 3.165000000000000000e+02 3.176999999999999886e+02 3.132500000000000000e+02 3.143000000000000114e+02 3.111999999999999886e+02 3.126000000000000227e+02 3.108000000000000114e+02 3.127500000000000000e+02 3.116000000000000227e+02 6.000000000000000000e+00
2.713000000000000000e+03 3.166000000000000227e+02 3.165000000000000000e+02 3.176999999999999886e+02 3.132500000000000000e+02 3.143000000000000114e+02 3.111999999999999886e+02 3.126000000000000227e+02 3.108000000000000114e+02 3.127500000000000000e+02 3.116000000000000227e+02 3.113999999999999773e+02 6.000000000000000000e+00
2.714000000000000000e+03 3.165000000000000000e+02 3.176999999999999886e+02 3.132500000000000000e+02 3.143000000000000114e+02 3.111999999999999886e+02 3.126000000000000227e+02 3.108000000000000114e+02 3.127500000000000000e+02 3.116000000000000227e+02 3.113999999999999773e+02 3.136000000000000227e+02 6.000000000000000000e+00
2.715000000000000000e+03 3.176999999999999886e+02 3.132500000000000000e+02 3.143000000000000114e+02 3.111999999999999886e+02 3.126000000000000227e+02 3.108000000000000114e+02 3.127500000000000000e+02 3.116000000000000227e+02 3.113999999999999773e+02 3.136000000000000227e+02 3.153500000000000227e+02 6.000000000000000000e+00
2.716000000000000000e+03 3.132500000000000000e+02 3.143000000000000114e+02 3.111999999999999886e+02 3.126000000000000227e+02 3.108000000000000114e+02 3.127500000000000000e+02 3.116000000000000227e+02 3.113999999999999773e+02 3.136000000000000227e+02 3.153500000000000227e+02 3.165000000000000000e+02 6.000000000000000000e+00
2.717000000000000000e+03 3.143000000000000114e+02 3.111999999999999886e+02 3.126000000000000227e+02 3.108000000000000114e+02 3.127500000000000000e+02 3.116000000000000227e+02 3.113999999999999773e+02 3.136000000000000227e+02 3.153500000000000227e+02 3.165000000000000000e+02 3.161499999999999773e+02 6.000000000000000000e+00
2.718000000000000000e+03 3.111999999999999886e+02 3.126000000000000227e+02 3.108000000000000114e+02 3.127500000000000000e+02 3.116000000000000227e+02 3.113999999999999773e+02 3.136000000000000227e+02 3.153500000000000227e+02 3.165000000000000000e+02 3.161499999999999773e+02 3.175500000000000114e+02 6.000000000000000000e+00
2.872000000000000000e+03 3.680000000000000000e+02 3.683999999999999773e+02 3.708000000000000114e+02 3.647500000000000000e+02 3.643000000000000114e+02 3.686999999999999886e+02 3.646000000000000227e+02 3.660000000000000000e+02 3.650000000000000000e+02 3.608999999999999773e+02 3.679499999999999886e+02 6.000000000000000000e+00
2.892000000000000000e+03 3.617500000000000000e+02 3.570000000000000000e+02 3.521999999999999886e+02 3.470000000000000000e+02 3.471499999999999773e+02 3.438999999999999773e+02 3.448999999999999773e+02 3.461499999999999773e+02 3.505000000000000000e+02 3.512500000000000000e+02 3.508999999999999773e+02 6.000000000000000000e+00
2.893000000000000000e+03 3.570000000000000000e+02 3.521999999999999886e+02 3.470000000000000000e+02 3.471499999999999773e+02 3.438999999999999773e+02 3.448999999999999773e+02 3.461499999999999773e+02 3.505000000000000000e+02 3.512500000000000000e+02 3.508999999999999773e+02 3.506000000000000227e+02 6.000000000000000000e+00
3.347000000000000000e+03 4.390000000000000000e+02 4.311000000000000227e+02 4.268999999999999773e+02 4.245000000000000000e+02 4.246999999999999886e+02 4.255000000000000000e+02 4.255000000000000000e+02 4.260000000000000000e+02 4.260000000000000000e+02 4.281000000000000227e+02 4.258000000000000114e+02 6.000000000000000000e+00
3.348000000000000000e+03 4.311000000000000227e+02 4.268999999999999773e+02 4.245000000000000000e+02 4.246999999999999886e+02 4.255000000000000000e+02 4.255000000000000000e+02 4.260000000000000000e+02 4.260000000000000000e+02 4.281000000000000227e+02 4.258000000000000114e+02 4.239499999999999886e+02 6.000000000000000000e+00
3.354000000000000000e+03 4.260000000000000000e+02 4.260000000000000000e+02 4.281000000000000227e+02 4.258000000000000114e+02 4.239499999999999886e+02 4.246999999999999886e+02 4.263999999999999773e+02 4.256499999999999773e+02 4.247500000000000000e+02 4.277500000000000000e+02 4.280000000000000000e+02 6.000000000000000000e+00
3.355000000000000000e+03 4.260000000000000000e+02 4.281000000000000227e+02 4.258000000000000114e+02 4.239499999999999886e+02 4.246999999999999886e+02 4.263999999999999773e+02 4.256499999999999773e+02 4.247500000000000000e+02 4.277500000000000000e+02 4.280000000000000000e+02 4.287500000000000000e+02 6.000000000000000000e+00
3.356000000000000000e+03 4.281000000000000227e+02 4.258000000000000114e+02 4.239499999999999886e+02 4.246999999999999886e+02 4.263999999999999773e+02 4.256499999999999773e+02 4.247500000000000000e+02 4.277500000000000000e+02 4.280000000000000000e+02 4.287500000000000000e+02 4.236499999999999773e+02 6.000000000000000000e+00
3.360000000000000000e+03 4.263999999999999773e+02 4.256499999999999773e+02 4.247500000000000000e+02 4.277500000000000000e+02 4.280000000000000000e+02 4.287500000000000000e+02 4.236499999999999773e+02 4.246000000000000227e+02 4.270000000000000000e+02 4.331999999999999886e+02 4.343999999999999773e+02 6.000000000000000000e+00
3.361000000000000000e+03 4.256499999999999773e+02 4.247500000000000000e+02 4.277500000000000000e+02 4.280000000000000000e+02 4.287500000000000000e+02 4.236499999999999773e+02 4.246000000000000227e+02 4.270000000000000000e+02 4.331999999999999886e+02 4.343999999999999773e+02 4.321999999999999886e+02 6.000000000000000000e+00
3.362000000000000000e+03 4.247500000000000000e+02 4.277500000000000000e+02 4.280000000000000000e+02 4.287500000000000000e+02 4.236499999999999773e+02 4.246000000000000227e+02 4.270000000000000000e+02 4.331999999999999886e+02 4.343999999999999773e+02 4.321999999999999886e+02 4.341999999999999886e+02 6.000000000000000000e+00
3.363000000000000000e+03 4.277500000000000000e+02 4.280000000000000000e+02 4.287500000000000000e+02 4.236499999999999773e+02 4.246000000000000227e+02 4.270000000000000000e+02 4.331999999999999886e+02 4.343999999999999773e+02 4.321999999999999886e+02 4.341999999999999886e+02 4.343999999999999773e+02 6.000000000000000000e+00
3.420000000000000000e+03 4.371000000000000227e+02 4.350000000000000000e+02 4.273000000000000114e+02 4.273000000000000114e+02 4.235000000000000000e+02 4.232500000000000000e+02 4.242500000000000000e+02 4.226999999999999886e+02 4.255000000000000000e+02 4.265000000000000000e+02 4.241000000000000227e+02 6.000000000000000000e+00
3.421000000000000000e+03 4.350000000000000000e+02 4.273000000000000114e+02 4.273000000000000114e+02 4.235000000000000000e+02 4.232500000000000000e+02 4.242500000000000000e+02 4.226999999999999886e+02 4.255000000000000000e+02 4.265000000000000000e+02 4.241000000000000227e+02 4.196999999999999886e+02 6.000000000000000000e+00
3.422000000000000000e+03 4.273000000000000114e+02 4.273000000000000114e+02 4.235000000000000000e+02 4.232500000000000000e+02 4.242500000000000000e+02 4.226999999999999886e+02 4.255000000000000000e+02 4.265000000000000000e+02 4.241000000000000227e+02 4.196999999999999886e+02 4.211999999999999886e+02 6.000000000000000000e+00
3.801000000000000000e+03 6.145000000000000000e+02 6.152000000000000455e+02 6.220000000000000000e+02 6.198999999999999773e+02 6.180000000000000000e+02 6.205000000000000000e+02 6.200000000000000000e+02 6.243999999999999773e+02 6.267999999999999545e+02 6.345000000000000000e+02 6.362999999999999545e+02 6.000000000000000000e+00
3.969000000000000000e+03 6.612000000000000455e+02 6.723999999999999773e+02 6.690000000000000000e+02 6.687999999999999545e+02 6.672000000000000455e+02 6.523999999999999773e+02 6.568999999999999773e+02 6.577999999999999545e+02 6.571000000000000227e+02 6.607000000000000455e+02 6.595000000000000000e+02 6.000000000000000000e+00
4.201000000000000000e+03 9.241000000000000227e+02 9.388500000000000227e+02 9.443500000000000227e+02 9.328500000000000227e+02 9.322999999999999545e+02 9.254500000000000455e+02 9.195000000000000000e+02 9.277500000000000000e+02 9.461499999999999773e+02 9.637000000000000455e+02 9.717000000000000455e+02 6.000000000000000000e+00
4.203000000000000000e+03 9.443500000000000227e+02 9.328500000000000227e+02 9.322999999999999545e+02 9.254500000000000455e+02 9.195000000000000000e+02 9.277500000000000000e+02 9.461499999999999773e+02 9.637000000000000455e+02 9.717000000000000455e+02 9.766000000000000227e+02 9.591000000000000227e+02 6.000000000000000000e+00
4.204000000000000000e+03 9.328500000000000227e+02 9.322999999999999545e+02 9.254500000000000455e+02 9.195000000000000000e+02 9.277500000000000000e+02 9.461499999999999773e+02 9.637000000000000455e+02 9.717000000000000455e+02 9.766000000000000227e+02 9.591000000000000227e+02 9.566000000000000227e+02 6.000000000000000000e+00
4.205000000000000000e+03 9.322999999999999545e+02 9.254500000000000455e+02 9.195000000000000000e+02 9.277500000000000000e+02 9.461499999999999773e+02 9.637000000000000455e+02 9.717000000000000455e+02 9.766000000000000227e+02 9.591000000000000227e+02 9.566000000000000227e+02 9.542999999999999545e+02 6.000000000000000000e+00
4.339000000000000000e+03 8.566000000000000227e+02 8.524500000000000455e+02 8.202500000000000000e+02 8.211000000000000227e+02 8.103500000000000227e+02 8.153500000000000227e+02 8.418500000000000227e+02 8.353999999999999773e+02 8.557999999999999545e+02 8.545499999999999545e+02 8.565499999999999545e+02 6.000000000000000000e+00
4.340000000000000000e+03 8.524500000000000455e+02 8.202500000000000000e+02 8.211000000000000227e+02 8.103500000000000227e+02 8.153500000000000227e+02 8.418500000000000227e+02 8.353999999999999773e+02 8.557999999999999545e+02 8.545499999999999545e+02 8.565499999999999545e+02 8.983999999999999773e+02 6.000000000000000000e+00
4.341000000000000000e+03 8.202500000000000000e+02 8.211000000000000227e+02 8.103500000000000227e+02 8.153500000000000227e+02 8.418500000000000227e+02 8.353999999999999773e+02 8.557999999999999545e+02 8.545499999999999545e+02 8.565499999999999545e+02 8.983999999999999773e+02 9.031000000000000227e+02 6.000000000000000000e+00
4.448000000000000000e+03 9.536499999999999773e+02 9.540000000000000000e+02 9.378999999999999773e+02 9.278500000000000227e+02 9.341000000000000227e+02 9.383999999999999773e+02 9.323500000000000227e+02 9.332999999999999545e+02 9.218999999999999773e+02 9.251499999999999773e+02 9.311000000000000227e+02 6.000000000000000000e+00
4.449000000000000000e+03 9.540000000000000000e+02 9.378999999999999773e+02 9.278500000000000227e+02 9.341000000000000227e+02 9.383999999999999773e+02 9.323500000000000227e+02 9.332999999999999545e+02 9.218999999999999773e+02 9.251499999999999773e+02 9.311000000000000227e+02 9.387500000000000000e+02 6.000000000000000000e+00
4.450000000000000000e+03 9.378999999999999773e+02 9.278500000000000227e+02 9.341000000000000227e+02 9.383999999999999773e+02 9.323500000000000227e+02 9.332999999999999545e+02 9.218999999999999773e+02 9.251499999999999773e+02 9.311000000000000227e+02 9.387500000000000000e+02 9.385499999999999545e+02 6.000000000000000000e+00
4.451000000000000000e+03 9.278500000000000227e+02 9.341000000000000227e+02 9.383999999999999773e+02 9.323500000000000227e+02 9.332999999999999545e+02 9.218999999999999773e+02 9.251499999999999773e+02 9.311000000000000227e+02 9.387500000000000000e+02 9.385499999999999545e+02 9.370499999999999545e+02 6.000000000000000000e+00
4.452000000000000000e+03 9.341000000000000227e+02 9.383999999999999773e+02 9.323500000000000227e+02 9.332999999999999545e+02 9.218999999999999773e+02 9.251499999999999773e+02 9.311000000000000227e+02 9.387500000000000000e+02 9.385499999999999545e+02 9.370499999999999545e+02 9.258500000000000227e+02 6.000000000000000000e+00
5.149000000000000000e+03 1.722470000000000027e+03 1.710900000000000091e+03 1.706130000000000109e+03 1.671470000000000027e+03 1.684900000000000091e+03 1.700130000000000109e+03 1.711740000000000009e+03 1.700000000000000000e+03 1.671210000000000036e+03 1.643539999999999964e+03 1.656109999999999900e+03 6.000000000000000000e+00
5.150000000000000000e+03 1.710900000000000091e+03 1.706130000000000109e+03 1.671470000000000027e+03 1.684900000000000091e+03 1.700130000000000109e+03 1.711740000000000009e+03 1.700000000000000000e+03 1.671210000000000036e+03 1.643539999999999964e+03 1.656109999999999900e+03 1.655759999999999991e+03 6.000000000000000000e+00
5.151000000000000000e+03 1.706130000000000109e+03 1.671470000000000027e+03 1.684900000000000091e+03 1.700130000000000109e+03 1.711740000000000009e+03 1.700000000000000000e+03 1.671210000000000036e+03 1.643539999999999964e+03 1.656109999999999900e+03 1.655759999999999991e+03 1.663930000000000064e+03 6.000000000000000000e+00
5.152000000000000000e+03 1.671470000000000027e+03 1.684900000000000091e+03 1.700130000000000109e+03 1.711740000000000009e+03 1.700000000000000000e+03 1.671210000000000036e+03 1.643539999999999964e+03 1.656109999999999900e+03 1.655759999999999991e+03 1.663930000000000064e+03 1.649900000000000091e+03 6.000000000000000000e+00
5.153000000000000000e+03 1.684900000000000091e+03 1.700130000000000109e+03 1.711740000000000009e+03 1.700000000000000000e+03 1.671210000000000036e+03 1.643539999999999964e+03 1.656109999999999900e+03 1.655759999999999991e+03 1.663930000000000064e+03 1.649900000000000091e+03 1.650339999999999918e+03 6.000000000000000000e+00
5.154000000000000000e+03 1.700130000000000109e+03 1.711740000000000009e+03 1.700000000000000000e+03 1.671210000000000036e+03 1.643539999999999964e+03 1.656109999999999900e+03 1.655759999999999991e+03 1.663930000000000064e+03 1.649900000000000091e+03 1.650339999999999918e+03 1.643779999999999973e+03 6.000000000000000000e+00
5.241000000000000000e+03 1.576019999999999982e+03 1.571759999999999991e+03 1.588509999999999991e+03 1.589569999999999936e+03 1.581920000000000073e+03 1.574359999999999900e+03 1.581410000000000082e+03 1.584200000000000045e+03 1.576720000000000027e+03 1.580380000000000109e+03 1.604019999999999982e+03 6.000000000000000000e+00
5.246000000000000000e+03 1.574359999999999900e+03 1.581410000000000082e+03 1.584200000000000045e+03 1.576720000000000027e+03 1.580380000000000109e+03 1.604019999999999982e+03 1.616130000000000109e+03 1.623170000000000073e+03 1.622349999999999909e+03 1.614750000000000000e+03 1.599799999999999955e+03 6.000000000000000000e+00
5.247000000000000000e+03 1.581410000000000082e+03 1.584200000000000045e+03 1.576720000000000027e+03 1.580380000000000109e+03 1.604019999999999982e+03 1.616130000000000109e+03 1.623170000000000073e+03 1.622349999999999909e+03 1.614750000000000000e+03 1.599799999999999955e+03 1.589349999999999909e+03 6.000000000000000000e+00
5.248000000000000000e+03 1.584200000000000045e+03 1.576720000000000027e+03 1.580380000000000109e+03 1.604019999999999982e+03 1.616130000000000109e+03 1.623170000000000073e+03 1.622349999999999909e+03 1.614750000000000000e+03 1.599799999999999955e+03 1.589349999999999909e+03 1.603190000000000055e+03 6.000000000000000000e+00
5.249000000000000000e+03 1.576720000000000027e+03 1.580380000000000109e+03 1.604019999999999982e+03 1.616130000000000109e+03 1.623170000000000073e+03 1.622349999999999909e+03 1.614750000000000000e+03 1.599799999999999955e+03 1.589349999999999909e+03 1.603190000000000055e+03 1.610849999999999909e+03 6.000000000000000000e+00
5.251000000000000000e+03 1.604019999999999982e+03 1.616130000000000109e+03 1.623170000000000073e+03 1.622349999999999909e+03 1.614750000000000000e+03 1.599799999999999955e+03 1.589349999999999909e+03 1.603190000000000055e+03 1.610849999999999909e+03 1.611970000000000027e+03 1.612400000000000091e+03 6.000000000000000000e+00
5.530000000000000000e+03 1.397119999999999891e+03 1.403730000000000018e+03 1.415619999999999891e+03 1.417470000000000027e+03 1.408119999999999891e+03 1.393890000000000100e+03 1.392200000000000045e+03 1.412769999999999982e+03 1.392450000000000045e+03 1.367130000000000109e+03 1.390140000000000100e+03 6.000000000000000000e+00
5.531000000000000000e+03 1.403730000000000018e+03 1.415619999999999891e+03 1.417470000000000027e+03 1.408119999999999891e+03 1.393890000000000100e+03 1.392200000000000045e+03 1.412769999999999982e+03 1.392450000000000045e+03 1.367130000000000109e+03 1.390140000000000100e+03 1.386099999999999909e+03 6.000000000000000000e+00
5.532000000000000000e+03 1.415619999999999891e+03 1.417470000000000027e+03 1.408119999999999891e+03 1.393890000000000100e+03 1.392200000000000045e+03 1.412769999999999982e+03 1.392450000000000045e+03 1.367130000000000109e+03 1.390140000000000100e+03 1.386099999999999909e+03 1.363150000000000091e+03 6.000000000000000000e+00
5.533000000000000000e+03 1.417470000000000027e+03 1.408119999999999891e+03 1.393890000000000100e+03 1.392200000000000045e+03 1.412769999999999982e+03 1.392450000000000045e+03 1.367130000000000109e+03 1.390140000000000100e+03 1.386099999999999909e+03 1.363150000000000091e+03 1.365029999999999973e+03 6.000000000000000000e+00
5.534000000000000000e+03 1.408119999999999891e+03 1.393890000000000100e+03 1.392200000000000045e+03 1.412769999999999982e+03 1.392450000000000045e+03 1.367130000000000109e+03 1.390140000000000100e+03 1.386099999999999909e+03 1.363150000000000091e+03 1.365029999999999973e+03 1.320920000000000073e+03 6.000000000000000000e+00
5.535000000000000000e+03 1.393890000000000100e+03 1.392200000000000045e+03 1.412769999999999982e+03 1.392450000000000045e+03 1.367130000000000109e+03 1.390140000000000100e+03 1.386099999999999909e+03 1.363150000000000091e+03 1.365029999999999973e+03 1.320920000000000073e+03 1.325000000000000000e+03 6.000000000000000000e+00
5.539000000000000000e+03 1.367130000000000109e+03 1.390140000000000100e+03 1.386099999999999909e+03 1.363150000000000091e+03 1.365029999999999973e+03 1.320920000000000073e+03 1.325000000000000000e+03 1.308190000000000055e+03 1.310420000000000073e+03 1.364650000000000091e+03 1.365089999999999918e+03 6.000000000000000000e+00
5.553000000000000000e+03 1.333109999999999900e+03 1.323569999999999936e+03 1.336349999999999909e+03 1.328200000000000045e+03 1.288210000000000036e+03 1.316500000000000000e+03 1.316450000000000045e+03 1.310430000000000064e+03 1.322329999999999927e+03 1.320329999999999927e+03 1.304789999999999964e+03 6.000000000000000000e+00
5.554000000000000000e+03 1.323569999999999936e+03 1.336349999999999909e+03 1.328200000000000045e+03 1.288210000000000036e+03 1.316500000000000000e+03 1.316450000000000045e+03 1.310430000000000064e+03 1.322329999999999927e+03 1.320329999999999927e+03 1.304789999999999964e+03 1.285430000000000064e+03 6.000000000000000000e+00
5.555000000000000000e+03 1.336349999999999909e+03 1.328200000000000045e+03 1.288210000000000036e+03 1.316500000000000000e+03 1.316450000000000045e+03 1.310430000000000064e+03 1.322329999999999927e+03 1.320329999999999927e+03 1.304789999999999964e+03 1.285430000000000064e+03 1.270519999999999982e+03 6.000000000000000000e+00
5.634000000000000000e+03 1.251940000000000055e+03 1.242390000000000100e+03 1.237890000000000100e+03 1.262599999999999909e+03 1.266700000000000045e+03 1.254099999999999909e+03 1.252500000000000000e+03 1.266599999999999909e+03 1.242900000000000091e+03 1.242579999999999927e+03 1.256890000000000100e+03 6.000000000000000000e+00
5.638000000000000000e+03 1.266700000000000045e+03 1.254099999999999909e+03 1.252500000000000000e+03 1.266599999999999909e+03 1.242900000000000091e+03 1.242579999999999927e+03 1.256890000000000100e+03 1.255130000000000109e+03 1.258410000000000082e+03 1.258200000000000045e+03 1.266000000000000000e+03 6.000000000000000000e+00
5.639000000000000000e+03 1.254099999999999909e+03 1.252500000000000000e+03 1.266599999999999909e+03 1.242900000000000091e+03 1.242579999999999927e+03 1.256890000000000100e+03 1.255130000000000109e+03 1.258410000000000082e+03 1.258200000000000045e+03 1.266000000000000000e+03 1.272549999999999955e+03 6.000000000000000000e+00
5.654000000000000000e+03 1.328500000000000000e+03 1.322900000000000091e+03 1.309440000000000055e+03 1.323650000000000091e+03 1.324089999999999918e+03 1.336000000000000000e+03 1.340970000000000027e+03 1.328400000000000091e+03 1.330299999999999955e+03 1.326630000000000109e+03 1.351079999999999927e+03 6.000000000000000000e+00
5.745000000000000000e+03 1.316859999999999900e+03 1.316630000000000109e+03 1.327019999999999982e+03 1.325789999999999964e+03 1.326069999999999936e+03 1.319650000000000091e+03 1.319299999999999955e+03 1.319430000000000064e+03 1.319210000000000036e+03 1.328500000000000000e+03 1.335670000000000073e+03 6.000000000000000000e+00
5.750000000000000000e+03 1.319650000000000091e+03 1.319299999999999955e+03 1.319430000000000064e+03 1.319210000000000036e+03 1.328500000000000000e+03 1.335670000000000073e+03 1.337809999999999945e+03 1.306980000000000018e+03 1.294640000000000100e+03 1.298589999999999918e+03 1.319670000000000073e+03 6.000000000000000000e+00
5.751000000000000000e+03 1.319299999999999955e+03 1.319430000000000064e+03 1.319210000000000036e+03 1.328500000000000000e+03 1.335670000000000073e+03 1.337809999999999945e+03 1.306980000000000018e+03 1.294640000000000100e+03 1.298589999999999918e+03 1.319670000000000073e+03 1.310930000000000064e+03 6.000000000000000000e+00
5.752000000000000000e+03 1.319430000000000064e+03 1.319210000000000036e+03 1.328500000000000000e+03 1.335670000000000073e+03 1.337809999999999945e+03 1.306980000000000018e+03 1.294640000000000100e+03 1.298589999999999918e+03 1.319670000000000073e+03 1.310930000000000064e+03 1.311650000000000091e+03 6.000000000000000000e+00
5.753000000000000000e+03 1.319210000000000036e+03 1.328500000000000000e+03 1.335670000000000073e+03 1.337809999999999945e+03 1.306980000000000018e+03 1.294640000000000100e+03 1.298589999999999918e+03 1.319670000000000073e+03 1.310930000000000064e+03 1.311650000000000091e+03 1.307470000000000027e+03 6.000000000000000000e+00
5.768000000000000000e+03 1.299750000000000000e+03 1.296329999999999927e+03 1.283220000000000027e+03 1.293559999999999945e+03 1.288059999999999945e+03 1.287619999999999891e+03 1.306329999999999927e+03 1.311220000000000027e+03 1.310910000000000082e+03 1.308400000000000091e+03 1.309420000000000073e+03 6.000000000000000000e+00
5.769000000000000000e+03 1.296329999999999927e+03 1.283220000000000027e+03 1.293559999999999945e+03 1.288059999999999945e+03 1.287619999999999891e+03 1.306329999999999927e+03 1.311220000000000027e+03 1.310910000000000082e+03 1.308400000000000091e+03 1.309420000000000073e+03 1.311640000000000100e+03 6.000000000000000000e+00
5.770000000000000000e+03 1.283220000000000027e+03 1.293559999999999945e+03 1.288059999999999945e+03 1.287619999999999891e+03 1.306329999999999927e+03 1.311220000000000027e+03 1.310910000000000082e+03 1.308400000000000091e+03 1.309420000000000073e+03 1.311640000000000100e+03 1.313599999999999909e+03 6.000000000000000000e+00
5.907000000000000000e+03 1.229279999999999973e+03 1.230579999999999927e+03 1.209259999999999991e+03 1.212220000000000027e+03 1.206470000000000027e+03 1.201259999999999991e+03 1.200589999999999918e+03 1.203819999999999936e+03 1.209480000000000018e+03 1.212910000000000082e+03 1.206710000000000036e+03 6.000000000000000000e+00
6.049000000000000000e+03 1.153450000000000045e+03 1.145890000000000100e+03 1.132099999999999909e+03 1.127720000000000027e+03 1.114579999999999927e+03 1.113819999999999936e+03 1.137970000000000027e+03 1.135670000000000073e+03 1.147069999999999936e+03 1.145859999999999900e+03 1.139400000000000091e+03 6.000000000000000000e+00
6.050000000000000000e+03 1.145890000000000100e+03 1.132099999999999909e+03 1.127720000000000027e+03 1.114579999999999927e+03 1.113819999999999936e+03 1.137970000000000027e+03 1.135670000000000073e+03 1.147069999999999936e+03 1.145859999999999900e+03 1.139400000000000091e+03 1.156529999999999973e+03 6.000000000000000000e+00
6.051000000000000000e+03 1.132099999999999909e+03 1.127720000000000027e+03 1.114579999999999927e+03 1.113819999999999936e+03 1.137970000000000027e+03 1.135670000000000073e+03 1.147069999999999936e+03 1.145859999999999900e+03 1.139400000000000091e+03 1.156529999999999973e+03 1.163910000000000082e+03 6.000000000000000000e+00
6.056000000000000000e+03 1.135670000000000073e+03 1.147069999999999936e+03 1.145859999999999900e+03 1.139400000000000091e+03 1.156529999999999973e+03 1.163910000000000082e+03 1.167880000000000109e+03 1.187569999999999936e+03 1.182319999999999936e+03 1.176420000000000073e+03 1.170000000000000000e+03 6.000000000000000000e+00
6.057000000000000000e+03 1.147069999999999936e+03 1.145859999999999900e+03 1.139400000000000091e+03 1.156529999999999973e+03 1.163910000000000082e+03 1.167880000000000109e+03 1.187569999999999936e+03 1.182319999999999936e+03 1.176420000000000073e+03 1.170000000000000000e+03 1.176319999999999936e+03 6.000000000000000000e+00
6.058000000000000000e+03 1.145859999999999900e+03 1.139400000000000091e+03 1.156529999999999973e+03 1.163910000000000082e+03 1.167880000000000109e+03 1.187569999999999936e+03 1.182319999999999936e+03 1.176420000000000073e+03 1.170000000000000000e+03 1.176319999999999936e+03 1.166990000000000009e+03 6.000000000000000000e+00
6.061000000000000000e+03 1.163910000000000082e+03 1.167880000000000109e+03 1.187569999999999936e+03 1.182319999999999936e+03 1.176420000000000073e+03 1.170000000000000000e+03 1.176319999999999936e+03 1.166990000000000009e+03 1.165630000000000109e+03 1.164579999999999927e+03 1.163779999999999973e+03 6.000000000000000000e+00
6.062000000000000000e+03 1.167880000000000109e+03 1.187569999999999936e+03 1.182319999999999936e+03 1.176420000000000073e+03 1.170000000000000000e+03 1.176319999999999936e+03 1.166990000000000009e+03 1.165630000000000109e+03 1.164579999999999927e+03 1.163779999999999973e+03 1.166400000000000091e+03 6.000000000000000000e+00
6.063000000000000000e+03 1.187569999999999936e+03 1.182319999999999936e+03 1.176420000000000073e+03 1.170000000000000000e+03 1.176319999999999936e+03 1.166990000000000009e+03 1.165630000000000109e+03 1.164579999999999927e+03 1.163779999999999973e+03 1.166400000000000091e+03 1.156250000000000000e+03 6.000000000000000000e+00
6.407000000000000000e+03 1.239140000000000100e+03 1.236130000000000109e+03 1.237670000000000073e+03 1.236150000000000091e+03 1.238930000000000064e+03 1.248710000000000036e+03 1.256609999999999900e+03 1.251450000000000045e+03 1.251160000000000082e+03 1.249920000000000073e+03 1.235250000000000000e+03 6.000000000000000000e+00
6.411000000000000000e+03 1.238930000000000064e+03 1.248710000000000036e+03 1.256609999999999900e+03 1.251450000000000045e+03 1.251160000000000082e+03 1.249920000000000073e+03 1.235250000000000000e+03 1.235059999999999945e+03 1.226180000000000064e+03 1.215880000000000109e+03 1.209140000000000100e+03 6.000000000000000000e+00
6.412000000000000000e+03 1.248710000000000036e+03 1.256609999999999900e+03 1.251450000000000045e+03 1.251160000000000082e+03 1.249920000000000073e+03 1.235250000000000000e+03 1.235059999999999945e+03 1.226180000000000064e+03 1.215880000000000109e+03 1.209140000000000100e+03 1.202279999999999973e+03 6.000000000000000000e+00
6.413000000000000000e+03 1.256609999999999900e+03 1.251450000000000045e+03 1.251160000000000082e+03 1.249920000000000073e+03 1.235250000000000000e+03 1.235059999999999945e+03 1.226180000000000064e+03 1.215880000000000109e+03 1.209140000000000100e+03 1.202279999999999973e+03 1.204269999999999982e+03 6.000000000000000000e+00
6.414000000000000000e+03 1.251450000000000045e+03 1.251160000000000082e+03 1.249920000000000073e+03 1.235250000000000000e+03 1.235059999999999945e+03 1.226180000000000064e+03 1.215880000000000109e+03 1.209140000000000100e+03 1.202279999999999973e+03 1.204269999999999982e+03 1.204220000000000027e+03 6.000000000000000000e+00
6.415000000000000000e+03 1.251160000000000082e+03 1.249920000000000073e+03 1.235250000000000000e+03 1.235059999999999945e+03 1.226180000000000064e+03 1.215880000000000109e+03 1.209140000000000100e+03 1.202279999999999973e+03 1.204269999999999982e+03 1.204220000000000027e+03 1.198799999999999955e+03 6.000000000000000000e+00
6.416000000000000000e+03 1.249920000000000073e+03 1.235250000000000000e+03 1.235059999999999945e+03 1.226180000000000064e+03 1.215880000000000109e+03 1.209140000000000100e+03 1.202279999999999973e+03 1.204269999999999982e+03 1.204220000000000027e+03 1.198799999999999955e+03 1.219609999999999900e+03 6.000000000000000000e+00
6.417000000000000000e+03 1.235250000000000000e+03 1.235059999999999945e+03 1.226180000000000064e+03 1.215880000000000109e+03 1.209140000000000100e+03 1.202279999999999973e+03 1.204269999999999982e+03 1.204220000000000027e+03 1.198799999999999955e+03 1.219609999999999900e+03 1.226420000000000073e+03 6.000000000000000000e+00
6.418000000000000000e+03 1.235059999999999945e+03 1.226180000000000064e+03 1.215880000000000109e+03 1.209140000000000100e+03 1.202279999999999973e+03 1.204269999999999982e+03 1.204220000000000027e+03 1.198799999999999955e+03 1.219609999999999900e+03 1.226420000000000073e+03 1.229509999999999991e+03 6.000000000000000000e+00
6.419000000000000000e+03 1.226180000000000064e+03 1.215880000000000109e+03 1.209140000000000100e+03 1.202279999999999973e+03 1.204269999999999982e+03 1.204220000000000027e+03 1.198799999999999955e+03 1.219609999999999900e+03 1.226420000000000073e+03 1.229509999999999991e+03 1.234240000000000009e+03 6.000000000000000000e+00
6.831000000000000000e+03 1.217789999999999964e+03 1.226829999999999927e+03 1.224650000000000091e+03 1.222230000000000018e+03 1.225660000000000082e+03 1.226279999999999973e+03 1.221819999999999936e+03 1.230000000000000000e+03 1.234049999999999955e+03 1.231970000000000027e+03 1.233400000000000091e+03 6.000000000000000000e+00
6.832000000000000000e+03 1.226829999999999927e+03 1.224650000000000091e+03 1.222230000000000018e+03 1.225660000000000082e+03 1.226279999999999973e+03 1.221819999999999936e+03 1.230000000000000000e+03 1.234049999999999955e+03 1.231970000000000027e+03 1.233400000000000091e+03 1.229000000000000000e+03 6.000000000000000000e+00
6.833000000000000000e+03 1.224650000000000091e+03 1.222230000000000018e+03 1.225660000000000082e+03 1.226279999999999973e+03 1.221819999999999936e+03 1.230000000000000000e+03 1.234049999999999955e+03 1.231970000000000027e+03 1.233400000000000091e+03 1.229000000000000000e+03 1.222980000000000018e+03 6.000000000000000000e+00
6.835000000000000000e+03 1.225660000000000082e+03 1.226279999999999973e+03 1.221819999999999936e+03 1.230000000000000000e+03 1.234049999999999955e+03 1.231970000000000027e+03 1.233400000000000091e+03 1.229000000000000000e+03 1.222980000000000018e+03 1.214589999999999918e+03 1.233000000000000000e+03 6.000000000000000000e+00
6.836000000000000000e+03 1.226279999999999973e+03 1.221819999999999936e+03 1.230000000000000000e+03 1.234049999999999955e+03 1.231970000000000027e+03 1.233400000000000091e+03 1.229000000000000000e+03 1.222980000000000018e+03 1.214589999999999918e+03 1.233000000000000000e+03 1.232700000000000045e+03 6.000000000000000000e+00
6.839000000000000000e+03 1.234049999999999955e+03 1.231970000000000027e+03 1.233400000000000091e+03 1.229000000000000000e+03 1.222980000000000018e+03 1.214589999999999918e+03 1.233000000000000000e+03 1.232700000000000045e+03 1.231069999999999936e+03 1.226920000000000073e+03 1.225849999999999909e+03 6.000000000000000000e+00
6.841000000000000000e+03 1.233400000000000091e+03 1.229000000000000000e+03 1.222980000000000018e+03 1.214589999999999918e+03 1.233000000000000000e+03 1.232700000000000045e+03 1.231069999999999936e+03 1.226920000000000073e+03 1.225849999999999909e+03 1.223299999999999955e+03 1.209220000000000027e+03 6.000000000000000000e+00
6.842000000000000000e+03 1.229000000000000000e+03 1.222980000000000018e+03 1.214589999999999918e+03 1.233000000000000000e+03 1.232700000000000045e+03 1.231069999999999936e+03 1.226920000000000073e+03 1.225849999999999909e+03 1.223299999999999955e+03 1.209220000000000027e+03 1.200200000000000045e+03 6.000000000000000000e+00
6.843000000000000000e+03 1.222980000000000018e+03 1.214589999999999918e+03 1.233000000000000000e+03 1.232700000000000045e+03 1.231069999999999936e+03 1.226920000000000073e+03 1.225849999999999909e+03 1.223299999999999955e+03 1.209220000000000027e+03 1.200200000000000045e+03 1.202200000000000045e+03 6.000000000000000000e+00
6.844000000000000000e+03 1.214589999999999918e+03 1.233000000000000000e+03 1.232700000000000045e+03 1.231069999999999936e+03 1.226920000000000073e+03 1.225849999999999909e+03 1.223299999999999955e+03 1.209220000000000027e+03 1.200200000000000045e+03 1.202200000000000045e+03 1.210430000000000064e+03 6.000000000000000000e+00
6.845000000000000000e+03 1.233000000000000000e+03 1.232700000000000045e+03 1.231069999999999936e+03 1.226920000000000073e+03 1.225849999999999909e+03 1.223299999999999955e+03 1.209220000000000027e+03 1.200200000000000045e+03 1.202200000000000045e+03 1.210430000000000064e+03 1.213000000000000000e+03 6.000000000000000000e+00
6.846000000000000000e+03 1.232700000000000045e+03 1.231069999999999936e+03 1.226920000000000073e+03 1.225849999999999909e+03 1.223299999999999955e+03 1.209220000000000027e+03 1.200200000000000045e+03 1.202200000000000045e+03 1.210430000000000064e+03 1.213000000000000000e+03 1.221190000000000055e+03 6.000000000000000000e+00
6.847000000000000000e+03 1.231069999999999936e+03 1.226920000000000073e+03 1.225849999999999909e+03 1.223299999999999955e+03 1.209220000000000027e+03 1.200200000000000045e+03 1.202200000000000045e+03 1.210430000000000064e+03 1.213000000000000000e+03 1.221190000000000055e+03 1.223900000000000091e+03 6.000000000000000000e+00
6.848000000000000000e+03 1.226920000000000073e+03 1.225849999999999909e+03 1.223299999999999955e+03 1.209220000000000027e+03 1.200200000000000045e+03 1.202200000000000045e+03 1.210430000000000064e+03 1.213000000000000000e+03 1.221190000000000055e+03 1.223900000000000091e+03 1.221200000000000045e+03 6.000000000000000000e+00
6.849000000000000000e+03 1.225849999999999909e+03 1.223299999999999955e+03 1.209220000000000027e+03 1.200200000000000045e+03 1.202200000000000045e+03 1.210430000000000064e+03 1.213000000000000000e+03 1.221190000000000055e+03 1.223900000000000091e+03 1.221200000000000045e+03 1.225829999999999927e+03 6.000000000000000000e+00
