1.130000000000000000e+02 3.441999999999999886e+02 3.415000000000000000e+02 3.411000000000000227e+02 3.420000000000000000e+02 3.425000000000000000e+02 3.435000000000000000e+02 3.435000000000000000e+02 3.423000000000000114e+02 3.431999999999999886e+02 3.405000000000000000e+02 3.373000000000000114e+02 7.000000000000000000e+00
1.140000000000000000e+02 3.415000000000000000e+02 3.411000000000000227e+02 3.420000000000000000e+02 3.425000000000000000e+02 3.435000000000000000e+02 3.435000000000000000e+02 3.423000000000000114e+02 3.431999999999999886e+02 3.405000000000000000e+02 3.373000000000000114e+02 3.388999999999999773e+02 7.000000000000000000e+00
1.150000000000000000e+02 3.411000000000000227e+02 3.420000000000000000e+02 3.425000000000000000e+02 3.435000000000000000e+02 3.435000000000000000e+02 3.423000000000000114e+02 3.431999999999999886e+02 3.405000000000000000e+02 3.373000000000000114e+02 3.388999999999999773e+02 3.393999999999999773e+02 7.000000000000000000e+00
1.160000000000000000e+02 3.420000000000000000e+02 3.425000000000000000e+02 3.435000000000000000e+02 3.435000000000000000e+02 3.423000000000000114e+02 3.431999999999999886e+02 3.405000000000000000e+02 3.373000000000000114e+02 3.388999999999999773e+02 3.393999999999999773e+02 3.395000000000000000e+02 7.000000000000000000e+00
1.170000000000000000e+02 3.425000000000000000e+02 3.435000000000000000e+02 3.435000000000000000e+02 3.423000000000000114e+02 3.431999999999999886e+02 3.405000000000000000e+02 3.373000000000000114e+02 3.388999999999999773e+02 3.393999999999999773e+02 3.395000000000000000e+02 3.396999999999999886e+02 7.000000000000000000e+00
1.180000000000000000e+02 3.435000000000000000e+02 3.435000000000000000e+02 3.423000000000000114e+02 3.431999999999999886e+02 3.405000000000000000e+02 3.373000000000000114e+02 3.388999999999999773e+02 3.393999999999999773e+02 3.395000000000000000e+02 3.396999999999999886e+02 3.376999999999999886e+02 7.000000000000000000e+00
1.190000000000000000e+02 3.435000000000000000e+02 3.423000000000000114e+02 3.431999999999999886e+02 3.405000000000000000e+02 3.373000000000000114e+02 3.388999999999999773e+02 3.393999999999999773e+02 3.395000000000000000e+02 3.396999999999999886e+02 3.376999999999999886e+02 3.373000000000000114e+02 7.000000000000000000e+00
3.910000000000000000e+02 3.748500000000000227e+02 3.762500000000000000e+02 3.766499999999999773e+02 3.760000000000000000e+02 3.730000000000000000e+02 3.750000000000000000e+02 3.738000000000000114e+02 3.761000000000000227e+02 3.758000000000000114e+02 3.781000000000000227e+02 3.780000000000000000e+02 7.000000000000000000e+00
3.920000000000000000e+02 3.762500000000000000e+02 3.766499999999999773e+02 3.760000000000000000e+02 3.730000000000000000e+02 3.750000000000000000e+02 3.738000000000000114e+02 3.761000000000000227e+02 3.758000000000000114e+02 3.781000000000000227e+02 3.780000000000000000e+02 3.769499999999999886e+02 7.000000000000000000e+00
3.930000000000000000e+02 3.766499999999999773e+02 3.760000000000000000e+02 3.730000000000000000e+02 3.750000000000000000e+02 3.738000000000000114e+02 3.761000000000000227e+02 3.758000000000000114e+02 3.781000000000000227e+02 3.780000000000000000e+02 3.769499999999999886e+02 3.768999999999999773e+02 7.000000000000000000e+00
3.940000000000000000e+02 3.760000000000000000e+02 3.730000000000000000e+02 3.750000000000000000e+02 3.738000000000000114e+02 3.761000000000000227e+02 3.758000000000000114e+02 3.781000000000000227e+02 3.780000000000000000e+02 3.769499999999999886e+02 3.768999999999999773e+02 3.772500000000000000e+02 7.000000000000000000e+00
4.930000000000000000e+02 3.858999999999999773e+02 3.916000000000000227e+02 3.891499999999999773e+02 3.871000000000000227e+02 3.843500000000000227e+02 3.848000000000000114e+02 3.845000000000000000e+02 3.840000000000000000e+02 3.785000000000000000e+02 3.787500000000000000e+02 3.782500000000000000e+02 7.000000000000000000e+00
4.940000000000000000e+02 3.916000000000000227e+02 3.891499999999999773e+02 3.871000000000000227e+02 3.843500000000000227e+02 3.848000000000000114e+02 3.845000000000000000e+02 3.840000000000000000e+02 3.785000000000000000e+02 3.787500000000000000e+02 3.782500000000000000e+02 3.783000000000000114e+02 7.000000000000000000e+00
4.950000000000000000e+02 3.891499999999999773e+02 3.871000000000000227e+02 3.843500000000000227e+02 3.848000000000000114e+02 3.845000000000000000e+02 3.840000000000000000e+02 3.785000000000000000e+02 3.787500000000000000e+02 3.782500000000000000e+02 3.783000000000000114e+02 3.777500000000000000e+02 7.000000000000000000e+00
5.590000000000000000e+02 3.855000000000000000e+02 3.866999999999999886e+02 3.866999999999999886e+02 3.858000000000000114e+02 3.836999999999999886e+02 3.843999999999999773e+02 3.842500000000000000e+02 3.870000000000000000e+02 3.853500000000000227e+02 3.833500000000000227e+02 3.840000000000000000e+02 7.000000000000000000e+00
5.600000000000000000e+02 3.866999999999999886e+02 3.866999999999999886e+02 3.858000000000000114e+02 3.836999999999999886e+02 3.843999999999999773e+02 3.842500000000000000e+02 3.870000000000000000e+02 3.853500000000000227e+02 3.833500000000000227e+02 3.840000000000000000e+02 3.858000000000000114e+02 7.000000000000000000e+00
5.610000000000000000e+02 3.866999999999999886e+02 3.858000000000000114e+02 3.836999999999999886e+02 3.843999999999999773e+02 3.842500000000000000e+02 3.870000000000000000e+02 3.853500000000000227e+02 3.833500000000000227e+02 3.840000000000000000e+02 3.858000000000000114e+02 3.858000000000000114e+02 7.000000000000000000e+00
5.620000000000000000e+02 3.858000000000000114e+02 3.836999999999999886e+02 3.843999999999999773e+02 3.842500000000000000e+02 3.870000000000000000e+02 3.853500000000000227e+02 3.833500000000000227e+02 3.840000000000000000e+02 3.858000000000000114e+02 3.858000000000000114e+02 3.864499999999999886e+02 7.000000000000000000e+00
5.650000000000000000e+02 3.842500000000000000e+02 3.870000000000000000e+02 3.853500000000000227e+02 3.833500000000000227e+02 3.840000000000000000e+02 3.858000000000000114e+02 3.858000000000000114e+02 3.864499999999999886e+02 3.853500000000000227e+02 3.842500000000000000e+02 3.848000000000000114e+02 7.000000000000000000e+00
5.660000000000000000e+02 3.870000000000000000e+02 3.853500000000000227e+02 3.833500000000000227e+02 3.840000000000000000e+02 3.858000000000000114e+02 3.858000000000000114e+02 3.864499999999999886e+02 3.853500000000000227e+02 3.842500000000000000e+02 3.848000000000000114e+02 3.848500000000000227e+02 7.000000000000000000e+00
5.670000000000000000e+02 3.853500000000000227e+02 3.833500000000000227e+02 3.840000000000000000e+02 3.858000000000000114e+02 3.858000000000000114e+02 3.864499999999999886e+02 3.853500000000000227e+02 3.842500000000000000e+02 3.848000000000000114e+02 3.848500000000000227e+02 3.868500000000000227e+02 7.000000000000000000e+00
8.300000000000000000e+02 3.886000000000000227e+02 3.890000000000000000e+02 3.891000000000000227e+02 3.880000000000000000e+02 3.856000000000000227e+02 3.861000000000000227e+02 3.868000000000000114e+02 3.856999999999999886e+02 3.863000000000000114e+02 3.831999999999999886e+02 3.830000000000000000e+02 7.000000000000000000e+00
8.310000000000000000e+02 3.890000000000000000e+02 3.891000000000000227e+02 3.880000000000000000e+02 3.856000000000000227e+02 3.861000000000000227e+02 3.868000000000000114e+02 3.856999999999999886e+02 3.863000000000000114e+02 3.831999999999999886e+02 3.830000000000000000e+02 3.824499999999999886e+02 7.000000000000000000e+00
8.320000000000000000e+02 3.891000000000000227e+02 3.880000000000000000e+02 3.856000000000000227e+02 3.861000000000000227e+02 3.868000000000000114e+02 3.856999999999999886e+02 3.863000000000000114e+02 3.831999999999999886e+02 3.830000000000000000e+02 3.824499999999999886e+02 3.828999999999999773e+02 7.000000000000000000e+00
8.330000000000000000e+02 3.880000000000000000e+02 3.856000000000000227e+02 3.861000000000000227e+02 3.868000000000000114e+02 3.856999999999999886e+02 3.863000000000000114e+02 3.831999999999999886e+02 3.830000000000000000e+02 3.824499999999999886e+02 3.828999999999999773e+02 3.828000000000000114e+02 7.000000000000000000e+00
9.030000000000000000e+02 3.825500000000000114e+02 3.823999999999999773e+02 3.820500000000000114e+02 3.820000000000000000e+02 3.823999999999999773e+02 3.821499999999999773e+02 3.826000000000000227e+02 3.821000000000000227e+02 3.823000000000000114e+02 3.846999999999999886e+02 3.848999999999999773e+02 7.000000000000000000e+00
9.040000000000000000e+02 3.823999999999999773e+02 3.820500000000000114e+02 3.820000000000000000e+02 3.823999999999999773e+02 3.821499999999999773e+02 3.826000000000000227e+02 3.821000000000000227e+02 3.823000000000000114e+02 3.846999999999999886e+02 3.848999999999999773e+02 3.855000000000000000e+02 7.000000000000000000e+00
1.107000000000000000e+03 3.878999999999999773e+02 3.883000000000000114e+02 3.873999999999999773e+02 3.873999999999999773e+02 3.876000000000000227e+02 3.863999999999999773e+02 3.864499999999999886e+02 3.861999999999999886e+02 3.869499999999999886e+02 3.874499999999999886e+02 3.866000000000000227e+02 7.000000000000000000e+00
1.118000000000000000e+03 3.873000000000000114e+02 3.881999999999999886e+02 3.891999999999999886e+02 3.886999999999999886e+02 3.878999999999999773e+02 3.876000000000000227e+02 3.865000000000000000e+02 3.866499999999999773e+02 3.862500000000000000e+02 3.855000000000000000e+02 3.855000000000000000e+02 7.000000000000000000e+00
1.119000000000000000e+03 3.881999999999999886e+02 3.891999999999999886e+02 3.886999999999999886e+02 3.878999999999999773e+02 3.876000000000000227e+02 3.865000000000000000e+02 3.866499999999999773e+02 3.862500000000000000e+02 3.855000000000000000e+02 3.855000000000000000e+02 3.850000000000000000e+02 7.000000000000000000e+00
1.120000000000000000e+03 3.891999999999999886e+02 3.886999999999999886e+02 3.878999999999999773e+02 3.876000000000000227e+02 3.865000000000000000e+02 3.866499999999999773e+02 3.862500000000000000e+02 3.855000000000000000e+02 3.855000000000000000e+02 3.850000000000000000e+02 3.833999999999999773e+02 7.000000000000000000e+00
1.121000000000000000e+03 3.886999999999999886e+02 3.878999999999999773e+02 3.876000000000000227e+02 3.865000000000000000e+02 3.866499999999999773e+02 3.862500000000000000e+02 3.855000000000000000e+02 3.855000000000000000e+02 3.850000000000000000e+02 3.833999999999999773e+02 3.830000000000000000e+02 7.000000000000000000e+00
1.122000000000000000e+03 3.878999999999999773e+02 3.876000000000000227e+02 3.865000000000000000e+02 3.866499999999999773e+02 3.862500000000000000e+02 3.855000000000000000e+02 3.855000000000000000e+02 3.850000000000000000e+02 3.833999999999999773e+02 3.830000000000000000e+02 3.826000000000000227e+02 7.000000000000000000e+00
1.123000000000000000e+03 3.876000000000000227e+02 3.865000000000000000e+02 3.866499999999999773e+02 3.862500000000000000e+02 3.855000000000000000e+02 3.855000000000000000e+02 3.850000000000000000e+02 3.833999999999999773e+02 3.830000000000000000e+02 3.826000000000000227e+02 3.823999999999999773e+02 7.000000000000000000e+00
1.124000000000000000e+03 3.865000000000000000e+02 3.866499999999999773e+02 3.862500000000000000e+02 3.855000000000000000e+02 3.855000000000000000e+02 3.850000000000000000e+02 3.833999999999999773e+02 3.830000000000000000e+02 3.826000000000000227e+02 3.823999999999999773e+02 3.823500000000000227e+02 7.000000000000000000e+00
1.125000000000000000e+03 3.866499999999999773e+02 3.862500000000000000e+02 3.855000000000000000e+02 3.855000000000000000e+02 3.850000000000000000e+02 3.833999999999999773e+02 3.830000000000000000e+02 3.826000000000000227e+02 3.823999999999999773e+02 3.823500000000000227e+02 3.831000000000000227e+02 7.000000000000000000e+00
1.126000000000000000e+03 3.862500000000000000e+02 3.855000000000000000e+02 3.855000000000000000e+02 3.850000000000000000e+02 3.833999999999999773e+02 3.830000000000000000e+02 3.826000000000000227e+02 3.823999999999999773e+02 3.823500000000000227e+02 3.831000000000000227e+02 3.826999999999999886e+02 7.000000000000000000e+00
1.274000000000000000e+03 3.508999999999999773e+02 3.516999999999999886e+02 3.488000000000000114e+02 3.486000000000000227e+02 3.485000000000000000e+02 3.478000000000000114e+02 3.483000000000000114e+02 3.478000000000000114e+02 3.483999999999999773e+02 3.466999999999999886e+02 3.460000000000000000e+02 7.000000000000000000e+00
1.275000000000000000e+03 3.516999999999999886e+02 3.488000000000000114e+02 3.486000000000000227e+02 3.485000000000000000e+02 3.478000000000000114e+02 3.483000000000000114e+02 3.478000000000000114e+02 3.483999999999999773e+02 3.466999999999999886e+02 3.460000000000000000e+02 3.418000000000000114e+02 7.000000000000000000e+00
1.276000000000000000e+03 3.488000000000000114e+02 3.486000000000000227e+02 3.485000000000000000e+02 3.478000000000000114e+02 3.483000000000000114e+02 3.478000000000000114e+02 3.483999999999999773e+02 3.466999999999999886e+02 3.460000000000000000e+02 3.418000000000000114e+02 3.413000000000000114e+02 7.000000000000000000e+00
1.277000000000000000e+03 3.486000000000000227e+02 3.485000000000000000e+02 3.478000000000000114e+02 3.483000000000000114e+02 3.478000000000000114e+02 3.483999999999999773e+02 3.466999999999999886e+02 3.460000000000000000e+02 3.418000000000000114e+02 3.413000000000000114e+02 3.423000000000000114e+02 7.000000000000000000e+00
1.278000000000000000e+03 3.485000000000000000e+02 3.478000000000000114e+02 3.483000000000000114e+02 3.478000000000000114e+02 3.483999999999999773e+02 3.466999999999999886e+02 3.460000000000000000e+02 3.418000000000000114e+02 3.413000000000000114e+02 3.423000000000000114e+02 3.411999999999999886e+02 7.000000000000000000e+00
1.279000000000000000e+03 3.478000000000000114e+02 3.483000000000000114e+02 3.478000000000000114e+02 3.483999999999999773e+02 3.466999999999999886e+02 3.460000000000000000e+02 3.418000000000000114e+02 3.413000000000000114e+02 3.423000000000000114e+02 3.411999999999999886e+02 3.426999999999999886e+02 7.000000000000000000e+00
1.406000000000000000e+03 3.335000000000000000e+02 3.311999999999999886e+02 3.346000000000000227e+02 3.323000000000000114e+02 3.311999999999999886e+02 3.330000000000000000e+02 3.275000000000000000e+02 3.293999999999999773e+02 3.281999999999999886e+02 3.276999999999999886e+02 3.266999999999999886e+02 7.000000000000000000e+00
1.407000000000000000e+03 3.311999999999999886e+02 3.346000000000000227e+02 3.323000000000000114e+02 3.311999999999999886e+02 3.330000000000000000e+02 3.275000000000000000e+02 3.293999999999999773e+02 3.281999999999999886e+02 3.276999999999999886e+02 3.266999999999999886e+02 3.256000000000000227e+02 7.000000000000000000e+00
1.408000000000000000e+03 3.346000000000000227e+02 3.323000000000000114e+02 3.311999999999999886e+02 3.330000000000000000e+02 3.275000000000000000e+02 3.293999999999999773e+02 3.281999999999999886e+02 3.276999999999999886e+02 3.266999999999999886e+02 3.256000000000000227e+02 3.250000000000000000e+02 7.000000000000000000e+00
1.409000000000000000e+03 3.323000000000000114e+02 3.311999999999999886e+02 3.330000000000000000e+02 3.275000000000000000e+02 3.293999999999999773e+02 3.281999999999999886e+02 3.276999999999999886e+02 3.266999999999999886e+02 3.256000000000000227e+02 3.250000000000000000e+02 3.233999999999999773e+02 7.000000000000000000e+00
1.410000000000000000e+03 3.311999999999999886e+02 3.330000000000000000e+02 3.275000000000000000e+02 3.293999999999999773e+02 3.281999999999999886e+02 3.276999999999999886e+02 3.266999999999999886e+02 3.256000000000000227e+02 3.250000000000000000e+02 3.233999999999999773e+02 3.224499999999999886e+02 7.000000000000000000e+00
1.411000000000000000e+03 3.330000000000000000e+02 3.275000000000000000e+02 3.293999999999999773e+02 3.281999999999999886e+02 3.276999999999999886e+02 3.266999999999999886e+02 3.256000000000000227e+02 3.250000000000000000e+02 3.233999999999999773e+02 3.224499999999999886e+02 3.221999999999999886e+02 7.000000000000000000e+00
1.412000000000000000e+03 3.275000000000000000e+02 3.293999999999999773e+02 3.281999999999999886e+02 3.276999999999999886e+02 3.266999999999999886e+02 3.256000000000000227e+02 3.250000000000000000e+02 3.233999999999999773e+02 3.224499999999999886e+02 3.221999999999999886e+02 3.233999999999999773e+02 7.000000000000000000e+00
1.566000000000000000e+03 2.988999999999999773e+02 3.010000000000000000e+02 2.993000000000000114e+02 2.983999999999999773e+02 2.993999999999999773e+02 3.008999999999999773e+02 2.996000000000000227e+02 2.995000000000000000e+02 2.953000000000000114e+02 2.936000000000000227e+02 2.928500000000000227e+02 7.000000000000000000e+00
1.678000000000000000e+03 2.958999999999999773e+02 2.960000000000000000e+02 2.950000000000000000e+02 2.923000000000000114e+02 2.926999999999999886e+02 2.922500000000000000e+02 2.933999999999999773e+02 2.928000000000000114e+02 2.933999999999999773e+02 2.923000000000000114e+02 2.900000000000000000e+02 7.000000000000000000e+00
1.679000000000000000e+03 2.960000000000000000e+02 2.950000000000000000e+02 2.923000000000000114e+02 2.926999999999999886e+02 2.922500000000000000e+02 2.933999999999999773e+02 2.928000000000000114e+02 2.933999999999999773e+02 2.923000000000000114e+02 2.900000000000000000e+02 2.888999999999999773e+02 7.000000000000000000e+00
1.680000000000000000e+03 2.950000000000000000e+02 2.923000000000000114e+02 2.926999999999999886e+02 2.922500000000000000e+02 2.933999999999999773e+02 2.928000000000000114e+02 2.933999999999999773e+02 2.923000000000000114e+02 2.900000000000000000e+02 2.888999999999999773e+02 2.905000000000000000e+02 7.000000000000000000e+00
1.681000000000000000e+03 2.923000000000000114e+02 2.926999999999999886e+02 2.922500000000000000e+02 2.933999999999999773e+02 2.928000000000000114e+02 2.933999999999999773e+02 2.923000000000000114e+02 2.900000000000000000e+02 2.888999999999999773e+02 2.905000000000000000e+02 2.936999999999999886e+02 7.000000000000000000e+00
1.684000000000000000e+03 2.933999999999999773e+02 2.928000000000000114e+02 2.933999999999999773e+02 2.923000000000000114e+02 2.900000000000000000e+02 2.888999999999999773e+02 2.905000000000000000e+02 2.936999999999999886e+02 2.928000000000000114e+02 2.925000000000000000e+02 2.930000000000000000e+02 7.000000000000000000e+00
1.685000000000000000e+03 2.928000000000000114e+02 2.933999999999999773e+02 2.923000000000000114e+02 2.900000000000000000e+02 2.888999999999999773e+02 2.905000000000000000e+02 2.936999999999999886e+02 2.928000000000000114e+02 2.925000000000000000e+02 2.930000000000000000e+02 2.926999999999999886e+02 7.000000000000000000e+00
1.686000000000000000e+03 2.933999999999999773e+02 2.923000000000000114e+02 2.900000000000000000e+02 2.888999999999999773e+02 2.905000000000000000e+02 2.936999999999999886e+02 2.928000000000000114e+02 2.925000000000000000e+02 2.930000000000000000e+02 2.926999999999999886e+02 2.965000000000000000e+02 7.000000000000000000e+00
1.774000000000000000e+03 2.868000000000000114e+02 2.876999999999999886e+02 2.878999999999999773e+02 2.910000000000000000e+02 2.916999999999999886e+02 2.928000000000000114e+02 2.938999999999999773e+02 2.921000000000000227e+02 2.866999999999999886e+02 2.833999999999999773e+02 2.836999999999999886e+02 7.000000000000000000e+00
1.775000000000000000e+03 2.876999999999999886e+02 2.878999999999999773e+02 2.910000000000000000e+02 2.916999999999999886e+02 2.928000000000000114e+02 2.938999999999999773e+02 2.921000000000000227e+02 2.866999999999999886e+02 2.833999999999999773e+02 2.836999999999999886e+02 2.830000000000000000e+02 7.000000000000000000e+00
1.776000000000000000e+03 2.878999999999999773e+02 2.910000000000000000e+02 2.916999999999999886e+02 2.928000000000000114e+02 2.938999999999999773e+02 2.921000000000000227e+02 2.866999999999999886e+02 2.833999999999999773e+02 2.836999999999999886e+02 2.830000000000000000e+02 2.840000000000000000e+02 7.000000000000000000e+00
1.778000000000000000e+03 2.916999999999999886e+02 2.928000000000000114e+02 2.938999999999999773e+02 2.921000000000000227e+02 2.866999999999999886e+02 2.833999999999999773e+02 2.836999999999999886e+02 2.830000000000000000e+02 2.840000000000000000e+02 2.841999999999999886e+02 2.843000000000000114e+02 7.000000000000000000e+00
1.779000000000000000e+03 2.928000000000000114e+02 2.938999999999999773e+02 2.921000000000000227e+02 2.866999999999999886e+02 2.833999999999999773e+02 2.836999999999999886e+02 2.830000000000000000e+02 2.840000000000000000e+02 2.841999999999999886e+02 2.843000000000000114e+02 2.838000000000000114e+02 7.000000000000000000e+00
2.029000000000000000e+03 2.996000000000000227e+02 2.981000000000000227e+02 2.921000000000000227e+02 2.917500000000000000e+02 2.917500000000000000e+02 2.907500000000000000e+02 2.876999999999999886e+02 2.883000000000000114e+02 2.873999999999999773e+02 2.916000000000000227e+02 2.881000000000000227e+02 7.000000000000000000e+00
2.030000000000000000e+03 2.981000000000000227e+02 2.921000000000000227e+02 2.917500000000000000e+02 2.917500000000000000e+02 2.907500000000000000e+02 2.876999999999999886e+02 2.883000000000000114e+02 2.873999999999999773e+02 2.916000000000000227e+02 2.881000000000000227e+02 2.907500000000000000e+02 7.000000000000000000e+00
2.031000000000000000e+03 2.921000000000000227e+02 2.917500000000000000e+02 2.917500000000000000e+02 2.907500000000000000e+02 2.876999999999999886e+02 2.883000000000000114e+02 2.873999999999999773e+02 2.916000000000000227e+02 2.881000000000000227e+02 2.907500000000000000e+02 2.885000000000000000e+02 7.000000000000000000e+00
2.034000000000000000e+03 2.907500000000000000e+02 2.876999999999999886e+02 2.883000000000000114e+02 2.873999999999999773e+02 2.916000000000000227e+02 2.881000000000000227e+02 2.907500000000000000e+02 2.885000000000000000e+02 2.900000000000000000e+02 2.885000000000000000e+02 2.885000000000000000e+02 7.000000000000000000e+00
2.035000000000000000e+03 2.876999999999999886e+02 2.883000000000000114e+02 2.873999999999999773e+02 2.916000000000000227e+02 2.881000000000000227e+02 2.907500000000000000e+02 2.885000000000000000e+02 2.900000000000000000e+02 2.885000000000000000e+02 2.885000000000000000e+02 2.860000000000000000e+02 7.000000000000000000e+00
2.036000000000000000e+03 2.883000000000000114e+02 2.873999999999999773e+02 2.916000000000000227e+02 2.881000000000000227e+02 2.907500000000000000e+02 2.885000000000000000e+02 2.900000000000000000e+02 2.885000000000000000e+02 2.885000000000000000e+02 2.860000000000000000e+02 2.840000000000000000e+02 7.000000000000000000e+00
2.037000000000000000e+03 2.873999999999999773e+02 2.916000000000000227e+02 2.881000000000000227e+02 2.907500000000000000e+02 2.885000000000000000e+02 2.900000000000000000e+02 2.885000000000000000e+02 2.885000000000000000e+02 2.860000000000000000e+02 2.840000000000000000e+02 2.855000000000000000e+02 7.000000000000000000e+00
2.038000000000000000e+03 2.916000000000000227e+02 2.881000000000000227e+02 2.907500000000000000e+02 2.885000000000000000e+02 2.900000000000000000e+02 2.885000000000000000e+02 2.885000000000000000e+02 2.860000000000000000e+02 2.840000000000000000e+02 2.855000000000000000e+02 2.895000000000000000e+02 7.000000000000000000e+00
2.116000000000000000e+03 2.828999999999999773e+02 2.837500000000000000e+02 2.856999999999999886e+02 2.924499999999999886e+02 2.888999999999999773e+02 2.897500000000000000e+02 2.876499999999999773e+02 2.865000000000000000e+02 2.838999999999999773e+02 2.832500000000000000e+02 2.833000000000000114e+02 7.000000000000000000e+00
2.119000000000000000e+03 2.924499999999999886e+02 2.888999999999999773e+02 2.897500000000000000e+02 2.876499999999999773e+02 2.865000000000000000e+02 2.838999999999999773e+02 2.832500000000000000e+02 2.833000000000000114e+02 2.836999999999999886e+02 2.822500000000000000e+02 2.803999999999999773e+02 7.000000000000000000e+00
2.120000000000000000e+03 2.888999999999999773e+02 2.897500000000000000e+02 2.876499999999999773e+02 2.865000000000000000e+02 2.838999999999999773e+02 2.832500000000000000e+02 2.833000000000000114e+02 2.836999999999999886e+02 2.822500000000000000e+02 2.803999999999999773e+02 2.800000000000000000e+02 7.000000000000000000e+00
2.121000000000000000e+03 2.897500000000000000e+02 2.876499999999999773e+02 2.865000000000000000e+02 2.838999999999999773e+02 2.832500000000000000e+02 2.833000000000000114e+02 2.836999999999999886e+02 2.822500000000000000e+02 2.803999999999999773e+02 2.800000000000000000e+02 2.810000000000000000e+02 7.000000000000000000e+00
2.122000000000000000e+03 2.876499999999999773e+02 2.865000000000000000e+02 2.838999999999999773e+02 2.832500000000000000e+02 2.833000000000000114e+02 2.836999999999999886e+02 2.822500000000000000e+02 2.803999999999999773e+02 2.800000000000000000e+02 2.810000000000000000e+02 2.833000000000000114e+02 7.000000000000000000e+00
2.133000000000000000e+03 2.823999999999999773e+02 2.788999999999999773e+02 2.800000000000000000e+02 2.801000000000000227e+02 2.790000000000000000e+02 2.788000000000000114e+02 2.795000000000000000e+02 2.782500000000000000e+02 2.781499999999999773e+02 2.770000000000000000e+02 2.770000000000000000e+02 7.000000000000000000e+00
2.134000000000000000e+03 2.788999999999999773e+02 2.800000000000000000e+02 2.801000000000000227e+02 2.790000000000000000e+02 2.788000000000000114e+02 2.795000000000000000e+02 2.782500000000000000e+02 2.781499999999999773e+02 2.770000000000000000e+02 2.770000000000000000e+02 2.773000000000000114e+02 7.000000000000000000e+00
2.135000000000000000e+03 2.800000000000000000e+02 2.801000000000000227e+02 2.790000000000000000e+02 2.788000000000000114e+02 2.795000000000000000e+02 2.782500000000000000e+02 2.781499999999999773e+02 2.770000000000000000e+02 2.770000000000000000e+02 2.773000000000000114e+02 2.736999999999999886e+02 7.000000000000000000e+00
2.245000000000000000e+03 2.740000000000000000e+02 2.736999999999999886e+02 2.735500000000000114e+02 2.741999999999999886e+02 2.753000000000000114e+02 2.723000000000000114e+02 2.721499999999999773e+02 2.686000000000000227e+02 2.683999999999999773e+02 2.673000000000000114e+02 2.678500000000000227e+02 7.000000000000000000e+00
2.246000000000000000e+03 2.736999999999999886e+02 2.735500000000000114e+02 2.741999999999999886e+02 2.753000000000000114e+02 2.723000000000000114e+02 2.721499999999999773e+02 2.686000000000000227e+02 2.683999999999999773e+02 2.673000000000000114e+02 2.678500000000000227e+02 2.681999999999999886e+02 7.000000000000000000e+00
2.247000000000000000e+03 2.735500000000000114e+02 2.741999999999999886e+02 2.753000000000000114e+02 2.723000000000000114e+02 2.721499999999999773e+02 2.686000000000000227e+02 2.683999999999999773e+02 2.673000000000000114e+02 2.678500000000000227e+02 2.681999999999999886e+02 2.676000000000000227e+02 7.000000000000000000e+00
2.248000000000000000e+03 2.741999999999999886e+02 2.753000000000000114e+02 2.723000000000000114e+02 2.721499999999999773e+02 2.686000000000000227e+02 2.683999999999999773e+02 2.673000000000000114e+02 2.678500000000000227e+02 2.681999999999999886e+02 2.676000000000000227e+02 2.645500000000000114e+02 7.000000000000000000e+00
2.249000000000000000e+03 2.753000000000000114e+02 2.723000000000000114e+02 2.721499999999999773e+02 2.686000000000000227e+02 2.683999999999999773e+02 2.673000000000000114e+02 2.678500000000000227e+02 2.681999999999999886e+02 2.676000000000000227e+02 2.645500000000000114e+02 2.638999999999999773e+02 7.000000000000000000e+00
2.250000000000000000e+03 2.723000000000000114e+02 2.721499999999999773e+02 2.686000000000000227e+02 2.683999999999999773e+02 2.673000000000000114e+02 2.678500000000000227e+02 2.681999999999999886e+02 2.676000000000000227e+02 2.645500000000000114e+02 2.638999999999999773e+02 2.640000000000000000e+02 7.000000000000000000e+00
2.251000000000000000e+03 2.721499999999999773e+02 2.686000000000000227e+02 2.683999999999999773e+02 2.673000000000000114e+02 2.678500000000000227e+02 2.681999999999999886e+02 2.676000000000000227e+02 2.645500000000000114e+02 2.638999999999999773e+02 2.640000000000000000e+02 2.633999999999999773e+02 7.000000000000000000e+00
2.252000000000000000e+03 2.686000000000000227e+02 2.683999999999999773e+02 2.673000000000000114e+02 2.678500000000000227e+02 2.681999999999999886e+02 2.676000000000000227e+02 2.645500000000000114e+02 2.638999999999999773e+02 2.640000000000000000e+02 2.633999999999999773e+02 2.633000000000000114e+02 7.000000000000000000e+00
2.253000000000000000e+03 2.683999999999999773e+02 2.673000000000000114e+02 2.678500000000000227e+02 2.681999999999999886e+02 2.676000000000000227e+02 2.645500000000000114e+02 2.638999999999999773e+02 2.640000000000000000e+02 2.633999999999999773e+02 2.633000000000000114e+02 2.634499999999999886e+02 7.000000000000000000e+00
2.254000000000000000e+03 2.673000000000000114e+02 2.678500000000000227e+02 2.681999999999999886e+02 2.676000000000000227e+02 2.645500000000000114e+02 2.638999999999999773e+02 2.640000000000000000e+02 2.633999999999999773e+02 2.633000000000000114e+02 2.634499999999999886e+02 2.648000000000000114e+02 7.000000000000000000e+00
2.519000000000000000e+03 2.873000000000000114e+02 2.851000000000000227e+02 2.843000000000000114e+02 2.873000000000000114e+02 2.841999999999999886e+02 2.833000000000000114e+02 2.823000000000000114e+02 2.815500000000000114e+02 2.790000000000000000e+02 2.785500000000000114e+02 2.791999999999999886e+02 7.000000000000000000e+00
2.520000000000000000e+03 2.851000000000000227e+02 2.843000000000000114e+02 2.873000000000000114e+02 2.841999999999999886e+02 2.833000000000000114e+02 2.823000000000000114e+02 2.815500000000000114e+02 2.790000000000000000e+02 2.785500000000000114e+02 2.791999999999999886e+02 2.788000000000000114e+02 7.000000000000000000e+00
2.521000000000000000e+03 2.843000000000000114e+02 2.873000000000000114e+02 2.841999999999999886e+02 2.833000000000000114e+02 2.823000000000000114e+02 2.815500000000000114e+02 2.790000000000000000e+02 2.785500000000000114e+02 2.791999999999999886e+02 2.788000000000000114e+02 2.816000000000000227e+02 7.000000000000000000e+00
2.522000000000000000e+03 2.873000000000000114e+02 2.841999999999999886e+02 2.833000000000000114e+02 2.823000000000000114e+02 2.815500000000000114e+02 2.790000000000000000e+02 2.785500000000000114e+02 2.791999999999999886e+02 2.788000000000000114e+02 2.816000000000000227e+02 2.818000000000000114e+02 7.000000000000000000e+00
2.523000000000000000e+03 2.841999999999999886e+02 2.833000000000000114e+02 2.823000000000000114e+02 2.815500000000000114e+02 2.790000000000000000e+02 2.785500000000000114e+02 2.791999999999999886e+02 2.788000000000000114e+02 2.816000000000000227e+02 2.818000000000000114e+02 2.821000000000000227e+02 7.000000000000000000e+00
2.706000000000000000e+03 3.201000000000000227e+02 3.228000000000000114e+02 3.213999999999999773e+02 3.220000000000000000e+02 3.221499999999999773e+02 3.180000000000000000e+02 3.198000000000000114e+02 3.166000000000000227e+02 3.165000000000000000e+02 3.176999999999999886e+02 3.132500000000000000e+02 7.000000000000000000e+00
2.707000000000000000e+03 3.228000000000000114e+02 3.213999999999999773e+02 3.220000000000000000e+02 3.221499999999999773e+02 3.180000000000000000e+02 3.198000000000000114e+02 3.166000000000000227e+02 3.165000000000000000e+02 3.176999999999999886e+02 3.132500000000000000e+02 3.143000000000000114e+02 7.000000000000000000e+00
2.708000000000000000e+03 3.213999999999999773e+02 3.220000000000000000e+02 3.221499999999999773e+02 3.180000000000000000e+02 3.198000000000000114e+02 3.166000000000000227e+02 3.165000000000000000e+02 3.176999999999999886e+02 3.132500000000000000e+02 3.143000000000000114e+02 3.111999999999999886e+02 7.000000000000000000e+00
2.709000000000000000e+03 3.220000000000000000e+02 3.221499999999999773e+02 3.180000000000000000e+02 3.198000000000000114e+02 3.166000000000000227e+02 3.165000000000000000e+02 3.176999999999999886e+02 3.132500000000000000e+02 3.143000000000000114e+02 3.111999999999999886e+02 3.126000000000000227e+02 7.000000000000000000e+00
2.710000000000000000e+03 3.221499999999999773e+02 3.180000000000000000e+02 3.198000000000000114e+02 3.166000000000000227e+02 3.165000000000000000e+02 3.176999999999999886e+02 3.132500000000000000e+02 3.143000000000000114e+02 3.111999999999999886e+02 3.126000000000000227e+02 3.108000000000000114e+02 7.000000000000000000e+00
2.711000000000000000e+03 3.180000000000000000e+02 3.198000000000000114e+02 3.166000000000000227e+02 3.165000000000000000e+02 3.176999999999999886e+02 3.132500000000000000e+02 3.143000000000000114e+02 3.111999999999999886e+02 3.126000000000000227e+02 3.108000000000000114e+02 3.127500000000000000e+02 7.000000000000000000e+00
2.891000000000000000e+03 3.574499999999999886e+02 3.617500000000000000e+02 3.570000000000000000e+02 3.521999999999999886e+02 3.470000000000000000e+02 3.471499999999999773e+02 3.438999999999999773e+02 3.448999999999999773e+02 3.461499999999999773e+02 3.505000000000000000e+02 3.512500000000000000e+02 7.000000000000000000e+00
3.100000000000000000e+03 4.230000000000000000e+02 4.192500000000000000e+02 4.205000000000000000e+02 4.189499999999999886e+02 4.065000000000000000e+02 4.005000000000000000e+02 3.987500000000000000e+02 4.001499999999999773e+02 3.999499999999999886e+02 3.947500000000000000e+02 3.900000000000000000e+02 7.000000000000000000e+00
3.165000000000000000e+03 4.013999999999999773e+02 4.067500000000000000e+02 4.071999999999999886e+02 4.068999999999999773e+02 4.020000000000000000e+02 4.047500000000000000e+02 4.039499999999999886e+02 4.061999999999999886e+02 4.056999999999999886e+02 3.997500000000000000e+02 3.977500000000000000e+02 7.000000000000000000e+00
3.166000000000000000e+03 4.067500000000000000e+02 4.071999999999999886e+02 4.068999999999999773e+02 4.020000000000000000e+02 4.047500000000000000e+02 4.039499999999999886e+02 4.061999999999999886e+02 4.056999999999999886e+02 3.997500000000000000e+02 3.977500000000000000e+02 3.946999999999999886e+02 7.000000000000000000e+00
3.167000000000000000e+03 4.071999999999999886e+02 4.068999999999999773e+02 4.020000000000000000e+02 4.047500000000000000e+02 4.039499999999999886e+02 4.061999999999999886e+02 4.056999999999999886e+02 3.997500000000000000e+02 3.977500000000000000e+02 3.946999999999999886e+02 3.896999999999999886e+02 7.000000000000000000e+00
3.168000000000000000e+03 4.068999999999999773e+02 4.020000000000000000e+02 4.047500000000000000e+02 4.039499999999999886e+02 4.061999999999999886e+02 4.056999999999999886e+02 3.997500000000000000e+02 3.977500000000000000e+02 3.946999999999999886e+02 3.896999999999999886e+02 3.902500000000000000e+02 7.000000000000000000e+00
3.169000000000000000e+03 4.020000000000000000e+02 4.047500000000000000e+02 4.039499999999999886e+02 4.061999999999999886e+02 4.056999999999999886e+02 3.997500000000000000e+02 3.977500000000000000e+02 3.946999999999999886e+02 3.896999999999999886e+02 3.902500000000000000e+02 3.877500000000000000e+02 7.000000000000000000e+00
3.170000000000000000e+03 4.047500000000000000e+02 4.039499999999999886e+02 4.061999999999999886e+02 4.056999999999999886e+02 3.997500000000000000e+02 3.977500000000000000e+02 3.946999999999999886e+02 3.896999999999999886e+02 3.902500000000000000e+02 3.877500000000000000e+02 3.888999999999999773e+02 7.000000000000000000e+00
3.171000000000000000e+03 4.039499999999999886e+02 4.061999999999999886e+02 4.056999999999999886e+02 3.997500000000000000e+02 3.977500000000000000e+02 3.946999999999999886e+02 3.896999999999999886e+02 3.902500000000000000e+02 3.877500000000000000e+02 3.888999999999999773e+02 3.880000000000000000e+02 7.000000000000000000e+00
3.172000000000000000e+03 4.061999999999999886e+02 4.056999999999999886e+02 3.997500000000000000e+02 3.977500000000000000e+02 3.946999999999999886e+02 3.896999999999999886e+02 3.902500000000000000e+02 3.877500000000000000e+02 3.888999999999999773e+02 3.880000000000000000e+02 3.910000000000000000e+02 7.000000000000000000e+00
3.173000000000000000e+03 4.056999999999999886e+02 3.997500000000000000e+02 3.977500000000000000e+02 3.946999999999999886e+02 3.896999999999999886e+02 3.902500000000000000e+02 3.877500000000000000e+02 3.888999999999999773e+02 3.880000000000000000e+02 3.910000000000000000e+02 3.918000000000000114e+02 7.000000000000000000e+00
3.174000000000000000e+03 3.997500000000000000e+02 3.977500000000000000e+02 3.946999999999999886e+02 3.896999999999999886e+02 3.902500000000000000e+02 3.877500000000000000e+02 3.888999999999999773e+02 3.880000000000000000e+02 3.910000000000000000e+02 3.918000000000000114e+02 3.935000000000000000e+02 7.000000000000000000e+00
3.338000000000000000e+03 4.342500000000000000e+02 4.402500000000000000e+02 4.402500000000000000e+02 4.420000000000000000e+02 4.455000000000000000e+02 4.408000000000000114e+02 4.405000000000000000e+02 4.433000000000000114e+02 4.380500000000000114e+02 4.390000000000000000e+02 4.311000000000000227e+02 7.000000000000000000e+00
3.339000000000000000e+03 4.402500000000000000e+02 4.402500000000000000e+02 4.420000000000000000e+02 4.455000000000000000e+02 4.408000000000000114e+02 4.405000000000000000e+02 4.433000000000000114e+02 4.380500000000000114e+02 4.390000000000000000e+02 4.311000000000000227e+02 4.268999999999999773e+02 7.000000000000000000e+00
3.340000000000000000e+03 4.402500000000000000e+02 4.420000000000000000e+02 4.455000000000000000e+02 4.408000000000000114e+02 4.405000000000000000e+02 4.433000000000000114e+02 4.380500000000000114e+02 4.390000000000000000e+02 4.311000000000000227e+02 4.268999999999999773e+02 4.245000000000000000e+02 7.000000000000000000e+00
3.341000000000000000e+03 4.420000000000000000e+02 4.455000000000000000e+02 4.408000000000000114e+02 4.405000000000000000e+02 4.433000000000000114e+02 4.380500000000000114e+02 4.390000000000000000e+02 4.311000000000000227e+02 4.268999999999999773e+02 4.245000000000000000e+02 4.246999999999999886e+02 7.000000000000000000e+00
3.342000000000000000e+03 4.455000000000000000e+02 4.408000000000000114e+02 4.405000000000000000e+02 4.433000000000000114e+02 4.380500000000000114e+02 4.390000000000000000e+02 4.311000000000000227e+02 4.268999999999999773e+02 4.245000000000000000e+02 4.246999999999999886e+02 4.255000000000000000e+02 7.000000000000000000e+00
3.343000000000000000e+03 4.408000000000000114e+02 4.405000000000000000e+02 4.433000000000000114e+02 4.380500000000000114e+02 4.390000000000000000e+02 4.311000000000000227e+02 4.268999999999999773e+02 4.245000000000000000e+02 4.246999999999999886e+02 4.255000000000000000e+02 4.255000000000000000e+02 7.000000000000000000e+00
3.344000000000000000e+03 4.405000000000000000e+02 4.433000000000000114e+02 4.380500000000000114e+02 4.390000000000000000e+02 4.311000000000000227e+02 4.268999999999999773e+02 4.245000000000000000e+02 4.246999999999999886e+02 4.255000000000000000e+02 4.255000000000000000e+02 4.260000000000000000e+02 7.000000000000000000e+00
3.345000000000000000e+03 4.433000000000000114e+02 4.380500000000000114e+02 4.390000000000000000e+02 4.311000000000000227e+02 4.268999999999999773e+02 4.245000000000000000e+02 4.246999999999999886e+02 4.255000000000000000e+02 4.255000000000000000e+02 4.260000000000000000e+02 4.260000000000000000e+02 7.000000000000000000e+00
3.346000000000000000e+03 4.380500000000000114e+02 4.390000000000000000e+02 4.311000000000000227e+02 4.268999999999999773e+02 4.245000000000000000e+02 4.246999999999999886e+02 4.255000000000000000e+02 4.255000000000000000e+02 4.260000000000000000e+02 4.260000000000000000e+02 4.281000000000000227e+02 7.000000000000000000e+00
3.357000000000000000e+03 4.258000000000000114e+02 4.239499999999999886e+02 4.246999999999999886e+02 4.263999999999999773e+02 4.256499999999999773e+02 4.247500000000000000e+02 4.277500000000000000e+02 4.280000000000000000e+02 4.287500000000000000e+02 4.236499999999999773e+02 4.246000000000000227e+02 7.000000000000000000e+00
3.358000000000000000e+03 4.239499999999999886e+02 4.246999999999999886e+02 4.263999999999999773e+02 4.256499999999999773e+02 4.247500000000000000e+02 4.277500000000000000e+02 4.280000000000000000e+02 4.287500000000000000e+02 4.236499999999999773e+02 4.246000000000000227e+02 4.270000000000000000e+02 7.000000000000000000e+00
3.359000000000000000e+03 4.246999999999999886e+02 4.263999999999999773e+02 4.256499999999999773e+02 4.247500000000000000e+02 4.277500000000000000e+02 4.280000000000000000e+02 4.287500000000000000e+02 4.236499999999999773e+02 4.246000000000000227e+02 4.270000000000000000e+02 4.331999999999999886e+02 7.000000000000000000e+00
3.414000000000000000e+03 4.385000000000000000e+02 4.378000000000000114e+02 4.410000000000000000e+02 4.401999999999999886e+02 4.392500000000000000e+02 4.357500000000000000e+02 4.371000000000000227e+02 4.350000000000000000e+02 4.273000000000000114e+02 4.273000000000000114e+02 4.235000000000000000e+02 7.000000000000000000e+00
3.415000000000000000e+03 4.378000000000000114e+02 4.410000000000000000e+02 4.401999999999999886e+02 4.392500000000000000e+02 4.357500000000000000e+02 4.371000000000000227e+02 4.350000000000000000e+02 4.273000000000000114e+02 4.273000000000000114e+02 4.235000000000000000e+02 4.232500000000000000e+02 7.000000000000000000e+00
3.416000000000000000e+03 4.410000000000000000e+02 4.401999999999999886e+02 4.392500000000000000e+02 4.357500000000000000e+02 4.371000000000000227e+02 4.350000000000000000e+02 4.273000000000000114e+02 4.273000000000000114e+02 4.235000000000000000e+02 4.232500000000000000e+02 4.242500000000000000e+02 7.000000000000000000e+00
3.417000000000000000e+03 4.401999999999999886e+02 4.392500000000000000e+02 4.357500000000000000e+02 4.371000000000000227e+02 4.350000000000000000e+02 4.273000000000000114e+02 4.273000000000000114e+02 4.235000000000000000e+02 4.232500000000000000e+02 4.242500000000000000e+02 4.226999999999999886e+02 7.000000000000000000e+00
3.418000000000000000e+03 4.392500000000000000e+02 4.357500000000000000e+02 4.371000000000000227e+02 4.350000000000000000e+02 4.273000000000000114e+02 4.273000000000000114e+02 4.235000000000000000e+02 4.232500000000000000e+02 4.242500000000000000e+02 4.226999999999999886e+02 4.255000000000000000e+02 7.000000000000000000e+00
3.419000000000000000e+03 4.357500000000000000e+02 4.371000000000000227e+02 4.350000000000000000e+02 4.273000000000000114e+02 4.273000000000000114e+02 4.235000000000000000e+02 4.232500000000000000e+02 4.242500000000000000e+02 4.226999999999999886e+02 4.255000000000000000e+02 4.265000000000000000e+02 7.000000000000000000e+00
3.430000000000000000e+03 4.241000000000000227e+02 4.196999999999999886e+02 4.211999999999999886e+02 4.206000000000000227e+02 4.195000000000000000e+02 4.226000000000000227e+02 4.253999999999999773e+02 4.245000000000000000e+02 4.256000000000000227e+02 4.230000000000000000e+02 4.250000000000000000e+02 7.000000000000000000e+00
3.709000000000000000e+03 6.498999999999999773e+02 6.347999999999999545e+02 6.322000000000000455e+02 6.287999999999999545e+02 6.246000000000000227e+02 6.283999999999999773e+02 6.141000000000000227e+02 6.146000000000000227e+02 6.273999999999999773e+02 6.232999999999999545e+02 6.216000000000000227e+02 7.000000000000000000e+00
3.710000000000000000e+03 6.347999999999999545e+02 6.322000000000000455e+02 6.287999999999999545e+02 6.246000000000000227e+02 6.283999999999999773e+02 6.141000000000000227e+02 6.146000000000000227e+02 6.273999999999999773e+02 6.232999999999999545e+02 6.216000000000000227e+02 6.211000000000000227e+02 7.000000000000000000e+00
3.711000000000000000e+03 6.322000000000000455e+02 6.287999999999999545e+02 6.246000000000000227e+02 6.283999999999999773e+02 6.141000000000000227e+02 6.146000000000000227e+02 6.273999999999999773e+02 6.232999999999999545e+02 6.216000000000000227e+02 6.211000000000000227e+02 6.225000000000000000e+02 7.000000000000000000e+00
3.712000000000000000e+03 6.287999999999999545e+02 6.246000000000000227e+02 6.283999999999999773e+02 6.141000000000000227e+02 6.146000000000000227e+02 6.273999999999999773e+02 6.232999999999999545e+02 6.216000000000000227e+02 6.211000000000000227e+02 6.225000000000000000e+02 6.132999999999999545e+02 7.000000000000000000e+00
3.713000000000000000e+03 6.246000000000000227e+02 6.283999999999999773e+02 6.141000000000000227e+02 6.146000000000000227e+02 6.273999999999999773e+02 6.232999999999999545e+02 6.216000000000000227e+02 6.211000000000000227e+02 6.225000000000000000e+02 6.132999999999999545e+02 6.120000000000000000e+02 7.000000000000000000e+00
3.714000000000000000e+03 6.283999999999999773e+02 6.141000000000000227e+02 6.146000000000000227e+02 6.273999999999999773e+02 6.232999999999999545e+02 6.216000000000000227e+02 6.211000000000000227e+02 6.225000000000000000e+02 6.132999999999999545e+02 6.120000000000000000e+02 6.190000000000000000e+02 7.000000000000000000e+00
3.715000000000000000e+03 6.141000000000000227e+02 6.146000000000000227e+02 6.273999999999999773e+02 6.232999999999999545e+02 6.216000000000000227e+02 6.211000000000000227e+02 6.225000000000000000e+02 6.132999999999999545e+02 6.120000000000000000e+02 6.190000000000000000e+02 6.263999999999999773e+02 7.000000000000000000e+00
3.716000000000000000e+03 6.146000000000000227e+02 6.273999999999999773e+02 6.232999999999999545e+02 6.216000000000000227e+02 6.211000000000000227e+02 6.225000000000000000e+02 6.132999999999999545e+02 6.120000000000000000e+02 6.190000000000000000e+02 6.263999999999999773e+02 6.250000000000000000e+02 7.000000000000000000e+00
3.717000000000000000e+03 6.273999999999999773e+02 6.232999999999999545e+02 6.216000000000000227e+02 6.211000000000000227e+02 6.225000000000000000e+02 6.132999999999999545e+02 6.120000000000000000e+02 6.190000000000000000e+02 6.263999999999999773e+02 6.250000000000000000e+02 6.260000000000000000e+02 7.000000000000000000e+00
3.718000000000000000e+03 6.232999999999999545e+02 6.216000000000000227e+02 6.211000000000000227e+02 6.225000000000000000e+02 6.132999999999999545e+02 6.120000000000000000e+02 6.190000000000000000e+02 6.263999999999999773e+02 6.250000000000000000e+02 6.260000000000000000e+02 6.381000000000000227e+02 7.000000000000000000e+00
3.719000000000000000e+03 6.216000000000000227e+02 6.211000000000000227e+02 6.225000000000000000e+02 6.132999999999999545e+02 6.120000000000000000e+02 6.190000000000000000e+02 6.263999999999999773e+02 6.250000000000000000e+02 6.260000000000000000e+02 6.381000000000000227e+02 6.330000000000000000e+02 7.000000000000000000e+00
3.774000000000000000e+03 6.153999999999999773e+02 6.332000000000000455e+02 6.282000000000000455e+02 6.256000000000000227e+02 6.203999999999999773e+02 6.221000000000000227e+02 6.182000000000000455e+02 6.215000000000000000e+02 6.222000000000000455e+02 6.265000000000000000e+02 6.297000000000000455e+02 7.000000000000000000e+00
3.776000000000000000e+03 6.282000000000000455e+02 6.256000000000000227e+02 6.203999999999999773e+02 6.221000000000000227e+02 6.182000000000000455e+02 6.215000000000000000e+02 6.222000000000000455e+02 6.265000000000000000e+02 6.297000000000000455e+02 6.307500000000000000e+02 6.377000000000000455e+02 7.000000000000000000e+00
3.777000000000000000e+03 6.256000000000000227e+02 6.203999999999999773e+02 6.221000000000000227e+02 6.182000000000000455e+02 6.215000000000000000e+02 6.222000000000000455e+02 6.265000000000000000e+02 6.297000000000000455e+02 6.307500000000000000e+02 6.377000000000000455e+02 6.407999999999999545e+02 7.000000000000000000e+00
3.799000000000000000e+03 6.283999999999999773e+02 6.252999999999999545e+02 6.145000000000000000e+02 6.152000000000000455e+02 6.220000000000000000e+02 6.198999999999999773e+02 6.180000000000000000e+02 6.205000000000000000e+02 6.200000000000000000e+02 6.243999999999999773e+02 6.267999999999999545e+02 7.000000000000000000e+00
3.800000000000000000e+03 6.252999999999999545e+02 6.145000000000000000e+02 6.152000000000000455e+02 6.220000000000000000e+02 6.198999999999999773e+02 6.180000000000000000e+02 6.205000000000000000e+02 6.200000000000000000e+02 6.243999999999999773e+02 6.267999999999999545e+02 6.345000000000000000e+02 7.000000000000000000e+00
3.955000000000000000e+03 6.832999999999999545e+02 6.810000000000000000e+02 6.817999999999999545e+02 6.748999999999999773e+02 6.612999999999999545e+02 6.610000000000000000e+02 6.647999999999999545e+02 6.630000000000000000e+02 6.668999999999999773e+02 6.646000000000000227e+02 6.728999999999999773e+02 7.000000000000000000e+00
3.956000000000000000e+03 6.810000000000000000e+02 6.817999999999999545e+02 6.748999999999999773e+02 6.612999999999999545e+02 6.610000000000000000e+02 6.647999999999999545e+02 6.630000000000000000e+02 6.668999999999999773e+02 6.646000000000000227e+02 6.728999999999999773e+02 6.715000000000000000e+02 7.000000000000000000e+00
3.957000000000000000e+03 6.817999999999999545e+02 6.748999999999999773e+02 6.612999999999999545e+02 6.610000000000000000e+02 6.647999999999999545e+02 6.630000000000000000e+02 6.668999999999999773e+02 6.646000000000000227e+02 6.728999999999999773e+02 6.715000000000000000e+02 6.720000000000000000e+02 7.000000000000000000e+00
3.958000000000000000e+03 6.748999999999999773e+02 6.612999999999999545e+02 6.610000000000000000e+02 6.647999999999999545e+02 6.630000000000000000e+02 6.668999999999999773e+02 6.646000000000000227e+02 6.728999999999999773e+02 6.715000000000000000e+02 6.720000000000000000e+02 6.742000000000000455e+02 7.000000000000000000e+00
3.965000000000000000e+03 6.728999999999999773e+02 6.715000000000000000e+02 6.720000000000000000e+02 6.742000000000000455e+02 6.612000000000000455e+02 6.723999999999999773e+02 6.690000000000000000e+02 6.687999999999999545e+02 6.672000000000000455e+02 6.523999999999999773e+02 6.568999999999999773e+02 7.000000000000000000e+00
3.966000000000000000e+03 6.715000000000000000e+02 6.720000000000000000e+02 6.742000000000000455e+02 6.612000000000000455e+02 6.723999999999999773e+02 6.690000000000000000e+02 6.687999999999999545e+02 6.672000000000000455e+02 6.523999999999999773e+02 6.568999999999999773e+02 6.577999999999999545e+02 7.000000000000000000e+00
3.967000000000000000e+03 6.720000000000000000e+02 6.742000000000000455e+02 6.612000000000000455e+02 6.723999999999999773e+02 6.690000000000000000e+02 6.687999999999999545e+02 6.672000000000000455e+02 6.523999999999999773e+02 6.568999999999999773e+02 6.577999999999999545e+02 6.571000000000000227e+02 7.000000000000000000e+00
3.968000000000000000e+03 6.742000000000000455e+02 6.612000000000000455e+02 6.723999999999999773e+02 6.690000000000000000e+02 6.687999999999999545e+02 6.672000000000000455e+02 6.523999999999999773e+02 6.568999999999999773e+02 6.577999999999999545e+02 6.571000000000000227e+02 6.607000000000000455e+02 7.000000000000000000e+00
3.972000000000000000e+03 6.687999999999999545e+02 6.672000000000000455e+02 6.523999999999999773e+02 6.568999999999999773e+02 6.577999999999999545e+02 6.571000000000000227e+02 6.607000000000000455e+02 6.595000000000000000e+02 6.680000000000000000e+02 6.672000000000000455e+02 6.622000000000000455e+02 7.000000000000000000e+00
4.218000000000000000e+03 9.197500000000000000e+02 9.265000000000000000e+02 9.287000000000000455e+02 9.302999999999999545e+02 9.168500000000000227e+02 9.054500000000000455e+02 9.128500000000000227e+02 9.095499999999999545e+02 8.936499999999999773e+02 8.732500000000000000e+02 8.786000000000000227e+02 7.000000000000000000e+00
4.219000000000000000e+03 9.265000000000000000e+02 9.287000000000000455e+02 9.302999999999999545e+02 9.168500000000000227e+02 9.054500000000000455e+02 9.128500000000000227e+02 9.095499999999999545e+02 8.936499999999999773e+02 8.732500000000000000e+02 8.786000000000000227e+02 8.724500000000000455e+02 7.000000000000000000e+00
4.220000000000000000e+03 9.287000000000000455e+02 9.302999999999999545e+02 9.168500000000000227e+02 9.054500000000000455e+02 9.128500000000000227e+02 9.095499999999999545e+02 8.936499999999999773e+02 8.732500000000000000e+02 8.786000000000000227e+02 8.724500000000000455e+02 8.553500000000000227e+02 7.000000000000000000e+00
4.221000000000000000e+03 9.302999999999999545e+02 9.168500000000000227e+02 9.054500000000000455e+02 9.128500000000000227e+02 9.095499999999999545e+02 8.936499999999999773e+02 8.732500000000000000e+02 8.786000000000000227e+02 8.724500000000000455e+02 8.553500000000000227e+02 8.222999999999999545e+02 7.000000000000000000e+00
4.222000000000000000e+03 9.168500000000000227e+02 9.054500000000000455e+02 9.128500000000000227e+02 9.095499999999999545e+02 8.936499999999999773e+02 8.732500000000000000e+02 8.786000000000000227e+02 8.724500000000000455e+02 8.553500000000000227e+02 8.222999999999999545e+02 8.106499999999999773e+02 7.000000000000000000e+00
4.271000000000000000e+03 8.574500000000000455e+02 8.866000000000000227e+02 9.065000000000000000e+02 9.115000000000000000e+02 8.473999999999999773e+02 8.307999999999999545e+02 8.352500000000000000e+02 8.480000000000000000e+02 8.045000000000000000e+02 7.817000000000000455e+02 7.950000000000000000e+02 7.000000000000000000e+00
4.272000000000000000e+03 8.866000000000000227e+02 9.065000000000000000e+02 9.115000000000000000e+02 8.473999999999999773e+02 8.307999999999999545e+02 8.352500000000000000e+02 8.480000000000000000e+02 8.045000000000000000e+02 7.817000000000000455e+02 7.950000000000000000e+02 7.701000000000000227e+02 7.000000000000000000e+00
4.273000000000000000e+03 9.065000000000000000e+02 9.115000000000000000e+02 8.473999999999999773e+02 8.307999999999999545e+02 8.352500000000000000e+02 8.480000000000000000e+02 8.045000000000000000e+02 7.817000000000000455e+02 7.950000000000000000e+02 7.701000000000000227e+02 7.276499999999999773e+02 7.000000000000000000e+00
4.274000000000000000e+03 9.115000000000000000e+02 8.473999999999999773e+02 8.307999999999999545e+02 8.352500000000000000e+02 8.480000000000000000e+02 8.045000000000000000e+02 7.817000000000000455e+02 7.950000000000000000e+02 7.701000000000000227e+02 7.276499999999999773e+02 7.200000000000000000e+02 7.000000000000000000e+00
4.335000000000000000e+03 8.750499999999999545e+02 8.580000000000000000e+02 8.631499999999999773e+02 8.409500000000000455e+02 8.566000000000000227e+02 8.524500000000000455e+02 8.202500000000000000e+02 8.211000000000000227e+02 8.103500000000000227e+02 8.153500000000000227e+02 8.418500000000000227e+02 7.000000000000000000e+00
4.336000000000000000e+03 8.580000000000000000e+02 8.631499999999999773e+02 8.409500000000000455e+02 8.566000000000000227e+02 8.524500000000000455e+02 8.202500000000000000e+02 8.211000000000000227e+02 8.103500000000000227e+02 8.153500000000000227e+02 8.418500000000000227e+02 8.353999999999999773e+02 7.000000000000000000e+00
4.337000000000000000e+03 8.631499999999999773e+02 8.409500000000000455e+02 8.566000000000000227e+02 8.524500000000000455e+02 8.202500000000000000e+02 8.211000000000000227e+02 8.103500000000000227e+02 8.153500000000000227e+02 8.418500000000000227e+02 8.353999999999999773e+02 8.557999999999999545e+02 7.000000000000000000e+00
4.338000000000000000e+03 8.409500000000000455e+02 8.566000000000000227e+02 8.524500000000000455e+02 8.202500000000000000e+02 8.211000000000000227e+02 8.103500000000000227e+02 8.153500000000000227e+02 8.418500000000000227e+02 8.353999999999999773e+02 8.557999999999999545e+02 8.545499999999999545e+02 7.000000000000000000e+00
4.442000000000000000e+03 9.808500000000000227e+02 9.621499999999999773e+02 9.791000000000000227e+02 9.552999999999999545e+02 9.500499999999999545e+02 9.537500000000000000e+02 9.536499999999999773e+02 9.540000000000000000e+02 9.378999999999999773e+02 9.278500000000000227e+02 9.341000000000000227e+02 7.000000000000000000e+00
4.443000000000000000e+03 9.621499999999999773e+02 9.791000000000000227e+02 9.552999999999999545e+02 9.500499999999999545e+02 9.537500000000000000e+02 9.536499999999999773e+02 9.540000000000000000e+02 9.378999999999999773e+02 9.278500000000000227e+02 9.341000000000000227e+02 9.383999999999999773e+02 7.000000000000000000e+00
4.444000000000000000e+03 9.791000000000000227e+02 9.552999999999999545e+02 9.500499999999999545e+02 9.537500000000000000e+02 9.536499999999999773e+02 9.540000000000000000e+02 9.378999999999999773e+02 9.278500000000000227e+02 9.341000000000000227e+02 9.383999999999999773e+02 9.323500000000000227e+02 7.000000000000000000e+00
4.445000000000000000e+03 9.552999999999999545e+02 9.500499999999999545e+02 9.537500000000000000e+02 9.536499999999999773e+02 9.540000000000000000e+02 9.378999999999999773e+02 9.278500000000000227e+02 9.341000000000000227e+02 9.383999999999999773e+02 9.323500000000000227e+02 9.332999999999999545e+02 7.000000000000000000e+00
4.446000000000000000e+03 9.500499999999999545e+02 9.537500000000000000e+02 9.536499999999999773e+02 9.540000000000000000e+02 9.378999999999999773e+02 9.278500000000000227e+02 9.341000000000000227e+02 9.383999999999999773e+02 9.323500000000000227e+02 9.332999999999999545e+02 9.218999999999999773e+02 7.000000000000000000e+00
4.447000000000000000e+03 9.537500000000000000e+02 9.536499999999999773e+02 9.540000000000000000e+02 9.378999999999999773e+02 9.278500000000000227e+02 9.341000000000000227e+02 9.383999999999999773e+02 9.323500000000000227e+02 9.332999999999999545e+02 9.218999999999999773e+02 9.251499999999999773e+02 7.000000000000000000e+00
4.461000000000000000e+03 9.370499999999999545e+02 9.258500000000000227e+02 9.402500000000000000e+02 9.286499999999999773e+02 9.315000000000000000e+02 9.240000000000000000e+02 9.232999999999999545e+02 9.091000000000000227e+02 9.131499999999999773e+02 9.121000000000000227e+02 9.200000000000000000e+02 7.000000000000000000e+00
4.462000000000000000e+03 9.258500000000000227e+02 9.402500000000000000e+02 9.286499999999999773e+02 9.315000000000000000e+02 9.240000000000000000e+02 9.232999999999999545e+02 9.091000000000000227e+02 9.131499999999999773e+02 9.121000000000000227e+02 9.200000000000000000e+02 9.242999999999999545e+02 7.000000000000000000e+00
4.463000000000000000e+03 9.402500000000000000e+02 9.286499999999999773e+02 9.315000000000000000e+02 9.240000000000000000e+02 9.232999999999999545e+02 9.091000000000000227e+02 9.131499999999999773e+02 9.121000000000000227e+02 9.200000000000000000e+02 9.242999999999999545e+02 9.387500000000000000e+02 7.000000000000000000e+00
4.464000000000000000e+03 9.286499999999999773e+02 9.315000000000000000e+02 9.240000000000000000e+02 9.232999999999999545e+02 9.091000000000000227e+02 9.131499999999999773e+02 9.121000000000000227e+02 9.200000000000000000e+02 9.242999999999999545e+02 9.387500000000000000e+02 9.369500000000000455e+02 7.000000000000000000e+00
4.647000000000000000e+03 1.127009999999999991e+03 1.107150000000000091e+03 1.101950000000000045e+03 1.104859999999999900e+03 1.086299999999999955e+03 1.091069999999999936e+03 1.107059999999999945e+03 1.109789999999999964e+03 1.103650000000000091e+03 1.113400000000000091e+03 1.127069999999999936e+03 7.000000000000000000e+00
5.081000000000000000e+03 1.699380000000000109e+03 1.683480000000000018e+03 1.710220000000000027e+03 1.719019999999999982e+03 1.747910000000000082e+03 1.743700000000000045e+03 1.746529999999999973e+03 1.722079999999999927e+03 1.731190000000000055e+03 1.740279999999999973e+03 1.710529999999999973e+03 7.000000000000000000e+00
5.082000000000000000e+03 1.683480000000000018e+03 1.710220000000000027e+03 1.719019999999999982e+03 1.747910000000000082e+03 1.743700000000000045e+03 1.746529999999999973e+03 1.722079999999999927e+03 1.731190000000000055e+03 1.740279999999999973e+03 1.710529999999999973e+03 1.712400000000000091e+03 7.000000000000000000e+00
5.083000000000000000e+03 1.710220000000000027e+03 1.719019999999999982e+03 1.747910000000000082e+03 1.743700000000000045e+03 1.746529999999999973e+03 1.722079999999999927e+03 1.731190000000000055e+03 1.740279999999999973e+03 1.710529999999999973e+03 1.712400000000000091e+03 1.626650000000000091e+03 7.000000000000000000e+00
5.084000000000000000e+03 1.719019999999999982e+03 1.747910000000000082e+03 1.743700000000000045e+03 1.746529999999999973e+03 1.722079999999999927e+03 1.731190000000000055e+03 1.740279999999999973e+03 1.710529999999999973e+03 1.712400000000000091e+03 1.626650000000000091e+03 1.569359999999999900e+03 7.000000000000000000e+00
5.085000000000000000e+03 1.747910000000000082e+03 1.743700000000000045e+03 1.746529999999999973e+03 1.722079999999999927e+03 1.731190000000000055e+03 1.740279999999999973e+03 1.710529999999999973e+03 1.712400000000000091e+03 1.626650000000000091e+03 1.569359999999999900e+03 1.566750000000000000e+03 7.000000000000000000e+00
5.086000000000000000e+03 1.743700000000000045e+03 1.746529999999999973e+03 1.722079999999999927e+03 1.731190000000000055e+03 1.740279999999999973e+03 1.710529999999999973e+03 1.712400000000000091e+03 1.626650000000000091e+03 1.569359999999999900e+03 1.566750000000000000e+03 1.594660000000000082e+03 7.000000000000000000e+00
5.087000000000000000e+03 1.746529999999999973e+03 1.722079999999999927e+03 1.731190000000000055e+03 1.740279999999999973e+03 1.710529999999999973e+03 1.712400000000000091e+03 1.626650000000000091e+03 1.569359999999999900e+03 1.566750000000000000e+03 1.594660000000000082e+03 1.589200000000000045e+03 7.000000000000000000e+00
5.141000000000000000e+03 1.733740000000000009e+03 1.756009999999999991e+03 1.776329999999999927e+03 1.779839999999999918e+03 1.771099999999999909e+03 1.767150000000000091e+03 1.785019999999999982e+03 1.693130000000000109e+03 1.722470000000000027e+03 1.710900000000000091e+03 1.706130000000000109e+03 7.000000000000000000e+00
5.142000000000000000e+03 1.756009999999999991e+03 1.776329999999999927e+03 1.779839999999999918e+03 1.771099999999999909e+03 1.767150000000000091e+03 1.785019999999999982e+03 1.693130000000000109e+03 1.722470000000000027e+03 1.710900000000000091e+03 1.706130000000000109e+03 1.671470000000000027e+03 7.000000000000000000e+00
5.143000000000000000e+03 1.776329999999999927e+03 1.779839999999999918e+03 1.771099999999999909e+03 1.767150000000000091e+03 1.785019999999999982e+03 1.693130000000000109e+03 1.722470000000000027e+03 1.710900000000000091e+03 1.706130000000000109e+03 1.671470000000000027e+03 1.684900000000000091e+03 7.000000000000000000e+00
5.144000000000000000e+03 1.779839999999999918e+03 1.771099999999999909e+03 1.767150000000000091e+03 1.785019999999999982e+03 1.693130000000000109e+03 1.722470000000000027e+03 1.710900000000000091e+03 1.706130000000000109e+03 1.671470000000000027e+03 1.684900000000000091e+03 1.700130000000000109e+03 7.000000000000000000e+00
5.145000000000000000e+03 1.771099999999999909e+03 1.767150000000000091e+03 1.785019999999999982e+03 1.693130000000000109e+03 1.722470000000000027e+03 1.710900000000000091e+03 1.706130000000000109e+03 1.671470000000000027e+03 1.684900000000000091e+03 1.700130000000000109e+03 1.711740000000000009e+03 7.000000000000000000e+00
5.146000000000000000e+03 1.767150000000000091e+03 1.785019999999999982e+03 1.693130000000000109e+03 1.722470000000000027e+03 1.710900000000000091e+03 1.706130000000000109e+03 1.671470000000000027e+03 1.684900000000000091e+03 1.700130000000000109e+03 1.711740000000000009e+03 1.700000000000000000e+03 7.000000000000000000e+00
5.147000000000000000e+03 1.785019999999999982e+03 1.693130000000000109e+03 1.722470000000000027e+03 1.710900000000000091e+03 1.706130000000000109e+03 1.671470000000000027e+03 1.684900000000000091e+03 1.700130000000000109e+03 1.711740000000000009e+03 1.700000000000000000e+03 1.671210000000000036e+03 7.000000000000000000e+00
5.148000000000000000e+03 1.693130000000000109e+03 1.722470000000000027e+03 1.710900000000000091e+03 1.706130000000000109e+03 1.671470000000000027e+03 1.684900000000000091e+03 1.700130000000000109e+03 1.711740000000000009e+03 1.700000000000000000e+03 1.671210000000000036e+03 1.643539999999999964e+03 7.000000000000000000e+00
5.237000000000000000e+03 1.603910000000000082e+03 1.582569999999999936e+03 1.587730000000000018e+03 1.567200000000000045e+03 1.576019999999999982e+03 1.571759999999999991e+03 1.588509999999999991e+03 1.589569999999999936e+03 1.581920000000000073e+03 1.574359999999999900e+03 1.581410000000000082e+03 7.000000000000000000e+00
5.240000000000000000e+03 1.567200000000000045e+03 1.576019999999999982e+03 1.571759999999999991e+03 1.588509999999999991e+03 1.589569999999999936e+03 1.581920000000000073e+03 1.574359999999999900e+03 1.581410000000000082e+03 1.584200000000000045e+03 1.576720000000000027e+03 1.580380000000000109e+03 7.000000000000000000e+00
5.252000000000000000e+03 1.616130000000000109e+03 1.623170000000000073e+03 1.622349999999999909e+03 1.614750000000000000e+03 1.599799999999999955e+03 1.589349999999999909e+03 1.603190000000000055e+03 1.610849999999999909e+03 1.611970000000000027e+03 1.612400000000000091e+03 1.616660000000000082e+03 7.000000000000000000e+00
5.536000000000000000e+03 1.392200000000000045e+03 1.412769999999999982e+03 1.392450000000000045e+03 1.367130000000000109e+03 1.390140000000000100e+03 1.386099999999999909e+03 1.363150000000000091e+03 1.365029999999999973e+03 1.320920000000000073e+03 1.325000000000000000e+03 1.308190000000000055e+03 7.000000000000000000e+00
5.537000000000000000e+03 1.412769999999999982e+03 1.392450000000000045e+03 1.367130000000000109e+03 1.390140000000000100e+03 1.386099999999999909e+03 1.363150000000000091e+03 1.365029999999999973e+03 1.320920000000000073e+03 1.325000000000000000e+03 1.308190000000000055e+03 1.310420000000000073e+03 7.000000000000000000e+00
5.538000000000000000e+03 1.392450000000000045e+03 1.367130000000000109e+03 1.390140000000000100e+03 1.386099999999999909e+03 1.363150000000000091e+03 1.365029999999999973e+03 1.320920000000000073e+03 1.325000000000000000e+03 1.308190000000000055e+03 1.310420000000000073e+03 1.364650000000000091e+03 7.000000000000000000e+00
5.540000000000000000e+03 1.390140000000000100e+03 1.386099999999999909e+03 1.363150000000000091e+03 1.365029999999999973e+03 1.320920000000000073e+03 1.325000000000000000e+03 1.308190000000000055e+03 1.310420000000000073e+03 1.364650000000000091e+03 1.365089999999999918e+03 1.325650000000000091e+03 7.000000000000000000e+00
5.541000000000000000e+03 1.386099999999999909e+03 1.363150000000000091e+03 1.365029999999999973e+03 1.320920000000000073e+03 1.325000000000000000e+03 1.308190000000000055e+03 1.310420000000000073e+03 1.364650000000000091e+03 1.365089999999999918e+03 1.325650000000000091e+03 1.321910000000000082e+03 7.000000000000000000e+00
5.542000000000000000e+03 1.363150000000000091e+03 1.365029999999999973e+03 1.320920000000000073e+03 1.325000000000000000e+03 1.308190000000000055e+03 1.310420000000000073e+03 1.364650000000000091e+03 1.365089999999999918e+03 1.325650000000000091e+03 1.321910000000000082e+03 1.323650000000000091e+03 7.000000000000000000e+00
5.543000000000000000e+03 1.365029999999999973e+03 1.320920000000000073e+03 1.325000000000000000e+03 1.308190000000000055e+03 1.310420000000000073e+03 1.364650000000000091e+03 1.365089999999999918e+03 1.325650000000000091e+03 1.321910000000000082e+03 1.323650000000000091e+03 1.333109999999999900e+03 7.000000000000000000e+00
5.544000000000000000e+03 1.320920000000000073e+03 1.325000000000000000e+03 1.308190000000000055e+03 1.310420000000000073e+03 1.364650000000000091e+03 1.365089999999999918e+03 1.325650000000000091e+03 1.321910000000000082e+03 1.323650000000000091e+03 1.333109999999999900e+03 1.323569999999999936e+03 7.000000000000000000e+00
5.545000000000000000e+03 1.325000000000000000e+03 1.308190000000000055e+03 1.310420000000000073e+03 1.364650000000000091e+03 1.365089999999999918e+03 1.325650000000000091e+03 1.321910000000000082e+03 1.323650000000000091e+03 1.333109999999999900e+03 1.323569999999999936e+03 1.336349999999999909e+03 7.000000000000000000e+00
5.546000000000000000e+03 1.308190000000000055e+03 1.310420000000000073e+03 1.364650000000000091e+03 1.365089999999999918e+03 1.325650000000000091e+03 1.321910000000000082e+03 1.323650000000000091e+03 1.333109999999999900e+03 1.323569999999999936e+03 1.336349999999999909e+03 1.328200000000000045e+03 7.000000000000000000e+00
5.550000000000000000e+03 1.325650000000000091e+03 1.321910000000000082e+03 1.323650000000000091e+03 1.333109999999999900e+03 1.323569999999999936e+03 1.336349999999999909e+03 1.328200000000000045e+03 1.288210000000000036e+03 1.316500000000000000e+03 1.316450000000000045e+03 1.310430000000000064e+03 7.000000000000000000e+00
5.748000000000000000e+03 1.325789999999999964e+03 1.326069999999999936e+03 1.319650000000000091e+03 1.319299999999999955e+03 1.319430000000000064e+03 1.319210000000000036e+03 1.328500000000000000e+03 1.335670000000000073e+03 1.337809999999999945e+03 1.306980000000000018e+03 1.294640000000000100e+03 7.000000000000000000e+00
5.749000000000000000e+03 1.326069999999999936e+03 1.319650000000000091e+03 1.319299999999999955e+03 1.319430000000000064e+03 1.319210000000000036e+03 1.328500000000000000e+03 1.335670000000000073e+03 1.337809999999999945e+03 1.306980000000000018e+03 1.294640000000000100e+03 1.298589999999999918e+03 7.000000000000000000e+00
5.764000000000000000e+03 1.304690000000000055e+03 1.292849999999999909e+03 1.307339999999999918e+03 1.305150000000000091e+03 1.299750000000000000e+03 1.296329999999999927e+03 1.283220000000000027e+03 1.293559999999999945e+03 1.288059999999999945e+03 1.287619999999999891e+03 1.306329999999999927e+03 7.000000000000000000e+00
5.765000000000000000e+03 1.292849999999999909e+03 1.307339999999999918e+03 1.305150000000000091e+03 1.299750000000000000e+03 1.296329999999999927e+03 1.283220000000000027e+03 1.293559999999999945e+03 1.288059999999999945e+03 1.287619999999999891e+03 1.306329999999999927e+03 1.311220000000000027e+03 7.000000000000000000e+00
5.767000000000000000e+03 1.305150000000000091e+03 1.299750000000000000e+03 1.296329999999999927e+03 1.283220000000000027e+03 1.293559999999999945e+03 1.288059999999999945e+03 1.287619999999999891e+03 1.306329999999999927e+03 1.311220000000000027e+03 1.310910000000000082e+03 1.308400000000000091e+03 7.000000000000000000e+00
5.900000000000000000e+03 1.260109999999999900e+03 1.268750000000000000e+03 1.233529999999999973e+03 1.238539999999999964e+03 1.232920000000000073e+03 1.217809999999999945e+03 1.221519999999999982e+03 1.229279999999999973e+03 1.230579999999999927e+03 1.209259999999999991e+03 1.212220000000000027e+03 7.000000000000000000e+00
5.901000000000000000e+03 1.268750000000000000e+03 1.233529999999999973e+03 1.238539999999999964e+03 1.232920000000000073e+03 1.217809999999999945e+03 1.221519999999999982e+03 1.229279999999999973e+03 1.230579999999999927e+03 1.209259999999999991e+03 1.212220000000000027e+03 1.206470000000000027e+03 7.000000000000000000e+00
5.902000000000000000e+03 1.233529999999999973e+03 1.238539999999999964e+03 1.232920000000000073e+03 1.217809999999999945e+03 1.221519999999999982e+03 1.229279999999999973e+03 1.230579999999999927e+03 1.209259999999999991e+03 1.212220000000000027e+03 1.206470000000000027e+03 1.201259999999999991e+03 7.000000000000000000e+00
5.962000000000000000e+03 1.192569999999999936e+03 1.214950000000000045e+03 1.221509999999999991e+03 1.225190000000000055e+03 1.208759999999999991e+03 1.210009999999999991e+03 1.206750000000000000e+03 1.205420000000000073e+03 1.206859999999999900e+03 1.187420000000000073e+03 1.187450000000000045e+03 7.000000000000000000e+00
5.963000000000000000e+03 1.214950000000000045e+03 1.221509999999999991e+03 1.225190000000000055e+03 1.208759999999999991e+03 1.210009999999999991e+03 1.206750000000000000e+03 1.205420000000000073e+03 1.206859999999999900e+03 1.187420000000000073e+03 1.187450000000000045e+03 1.188259999999999991e+03 7.000000000000000000e+00
5.964000000000000000e+03 1.221509999999999991e+03 1.225190000000000055e+03 1.208759999999999991e+03 1.210009999999999991e+03 1.206750000000000000e+03 1.205420000000000073e+03 1.206859999999999900e+03 1.187420000000000073e+03 1.187450000000000045e+03 1.188259999999999991e+03 1.190130000000000109e+03 7.000000000000000000e+00
5.965000000000000000e+03 1.225190000000000055e+03 1.208759999999999991e+03 1.210009999999999991e+03 1.206750000000000000e+03 1.205420000000000073e+03 1.206859999999999900e+03 1.187420000000000073e+03 1.187450000000000045e+03 1.188259999999999991e+03 1.190130000000000109e+03 1.189289999999999964e+03 7.000000000000000000e+00
5.966000000000000000e+03 1.208759999999999991e+03 1.210009999999999991e+03 1.206750000000000000e+03 1.205420000000000073e+03 1.206859999999999900e+03 1.187420000000000073e+03 1.187450000000000045e+03 1.188259999999999991e+03 1.190130000000000109e+03 1.189289999999999964e+03 1.193079999999999927e+03 7.000000000000000000e+00
5.967000000000000000e+03 1.210009999999999991e+03 1.206750000000000000e+03 1.205420000000000073e+03 1.206859999999999900e+03 1.187420000000000073e+03 1.187450000000000045e+03 1.188259999999999991e+03 1.190130000000000109e+03 1.189289999999999964e+03 1.193079999999999927e+03 1.185430000000000064e+03 7.000000000000000000e+00
5.968000000000000000e+03 1.206750000000000000e+03 1.205420000000000073e+03 1.206859999999999900e+03 1.187420000000000073e+03 1.187450000000000045e+03 1.188259999999999991e+03 1.190130000000000109e+03 1.189289999999999964e+03 1.193079999999999927e+03 1.185430000000000064e+03 1.177039999999999964e+03 7.000000000000000000e+00
6.064000000000000000e+03 1.182319999999999936e+03 1.176420000000000073e+03 1.170000000000000000e+03 1.176319999999999936e+03 1.166990000000000009e+03 1.165630000000000109e+03 1.164579999999999927e+03 1.163779999999999973e+03 1.166400000000000091e+03 1.156250000000000000e+03 1.144859999999999900e+03 7.000000000000000000e+00
6.065000000000000000e+03 1.176420000000000073e+03 1.170000000000000000e+03 1.176319999999999936e+03 1.166990000000000009e+03 1.165630000000000109e+03 1.164579999999999927e+03 1.163779999999999973e+03 1.166400000000000091e+03 1.156250000000000000e+03 1.144859999999999900e+03 1.142019999999999982e+03 7.000000000000000000e+00
6.067000000000000000e+03 1.176319999999999936e+03 1.166990000000000009e+03 1.165630000000000109e+03 1.164579999999999927e+03 1.163779999999999973e+03 1.166400000000000091e+03 1.156250000000000000e+03 1.144859999999999900e+03 1.142019999999999982e+03 1.133710000000000036e+03 1.118380000000000109e+03 7.000000000000000000e+00
6.068000000000000000e+03 1.166990000000000009e+03 1.165630000000000109e+03 1.164579999999999927e+03 1.163779999999999973e+03 1.166400000000000091e+03 1.156250000000000000e+03 1.144859999999999900e+03 1.142019999999999982e+03 1.133710000000000036e+03 1.118380000000000109e+03 1.108009999999999991e+03 7.000000000000000000e+00
6.069000000000000000e+03 1.165630000000000109e+03 1.164579999999999927e+03 1.163779999999999973e+03 1.166400000000000091e+03 1.156250000000000000e+03 1.144859999999999900e+03 1.142019999999999982e+03 1.133710000000000036e+03 1.118380000000000109e+03 1.108009999999999991e+03 1.104170000000000073e+03 7.000000000000000000e+00
6.070000000000000000e+03 1.164579999999999927e+03 1.163779999999999973e+03 1.166400000000000091e+03 1.156250000000000000e+03 1.144859999999999900e+03 1.142019999999999982e+03 1.133710000000000036e+03 1.118380000000000109e+03 1.108009999999999991e+03 1.104170000000000073e+03 1.089180000000000064e+03 7.000000000000000000e+00
6.071000000000000000e+03 1.163779999999999973e+03 1.166400000000000091e+03 1.156250000000000000e+03 1.144859999999999900e+03 1.142019999999999982e+03 1.133710000000000036e+03 1.118380000000000109e+03 1.108009999999999991e+03 1.104170000000000073e+03 1.089180000000000064e+03 1.091500000000000000e+03 7.000000000000000000e+00
6.072000000000000000e+03 1.166400000000000091e+03 1.156250000000000000e+03 1.144859999999999900e+03 1.142019999999999982e+03 1.133710000000000036e+03 1.118380000000000109e+03 1.108009999999999991e+03 1.104170000000000073e+03 1.089180000000000064e+03 1.091500000000000000e+03 1.087799999999999955e+03 7.000000000000000000e+00
6.073000000000000000e+03 1.156250000000000000e+03 1.144859999999999900e+03 1.142019999999999982e+03 1.133710000000000036e+03 1.118380000000000109e+03 1.108009999999999991e+03 1.104170000000000073e+03 1.089180000000000064e+03 1.091500000000000000e+03 1.087799999999999955e+03 1.085220000000000027e+03 7.000000000000000000e+00
6.406000000000000000e+03 1.232700000000000045e+03 1.239140000000000100e+03 1.236130000000000109e+03 1.237670000000000073e+03 1.236150000000000091e+03 1.238930000000000064e+03 1.248710000000000036e+03 1.256609999999999900e+03 1.251450000000000045e+03 1.251160000000000082e+03 1.249920000000000073e+03 7.000000000000000000e+00
6.408000000000000000e+03 1.236130000000000109e+03 1.237670000000000073e+03 1.236150000000000091e+03 1.238930000000000064e+03 1.248710000000000036e+03 1.256609999999999900e+03 1.251450000000000045e+03 1.251160000000000082e+03 1.249920000000000073e+03 1.235250000000000000e+03 1.235059999999999945e+03 7.000000000000000000e+00
6.409000000000000000e+03 1.237670000000000073e+03 1.236150000000000091e+03 1.238930000000000064e+03 1.248710000000000036e+03 1.256609999999999900e+03 1.251450000000000045e+03 1.251160000000000082e+03 1.249920000000000073e+03 1.235250000000000000e+03 1.235059999999999945e+03 1.226180000000000064e+03 7.000000000000000000e+00
6.410000000000000000e+03 1.236150000000000091e+03 1.238930000000000064e+03 1.248710000000000036e+03 1.256609999999999900e+03 1.251450000000000045e+03 1.251160000000000082e+03 1.249920000000000073e+03 1.235250000000000000e+03 1.235059999999999945e+03 1.226180000000000064e+03 1.215880000000000109e+03 7.000000000000000000e+00
6.840000000000000000e+03 1.231970000000000027e+03 1.233400000000000091e+03 1.229000000000000000e+03 1.222980000000000018e+03 1.214589999999999918e+03 1.233000000000000000e+03 1.232700000000000045e+03 1.231069999999999936e+03 1.226920000000000073e+03 1.225849999999999909e+03 1.223299999999999955e+03 7.000000000000000000e+00
