4.700000000000000000e+02 3.783000000000000114e+02 3.812500000000000000e+02 3.782500000000000000e+02 3.776000000000000227e+02 3.773500000000000227e+02 3.766999999999999886e+02 3.758999999999999773e+02 3.765000000000000000e+02 3.788999999999999773e+02 3.863500000000000227e+02 3.848500000000000227e+02 8.000000000000000000e+00
4.710000000000000000e+02 3.812500000000000000e+02 3.782500000000000000e+02 3.776000000000000227e+02 3.773500000000000227e+02 3.766999999999999886e+02 3.758999999999999773e+02 3.765000000000000000e+02 3.788999999999999773e+02 3.863500000000000227e+02 3.848500000000000227e+02 3.863000000000000114e+02 8.000000000000000000e+00
4.720000000000000000e+02 3.782500000000000000e+02 3.776000000000000227e+02 3.773500000000000227e+02 3.766999999999999886e+02 3.758999999999999773e+02 3.765000000000000000e+02 3.788999999999999773e+02 3.863500000000000227e+02 3.848500000000000227e+02 3.863000000000000114e+02 3.866000000000000227e+02 8.000000000000000000e+00
4.730000000000000000e+02 3.776000000000000227e+02 3.773500000000000227e+02 3.766999999999999886e+02 3.758999999999999773e+02 3.765000000000000000e+02 3.788999999999999773e+02 3.863500000000000227e+02 3.848500000000000227e+02 3.863000000000000114e+02 3.866000000000000227e+02 3.848000000000000114e+02 8.000000000000000000e+00
4.740000000000000000e+02 3.773500000000000227e+02 3.766999999999999886e+02 3.758999999999999773e+02 3.765000000000000000e+02 3.788999999999999773e+02 3.863500000000000227e+02 3.848500000000000227e+02 3.863000000000000114e+02 3.866000000000000227e+02 3.848000000000000114e+02 3.823999999999999773e+02 8.000000000000000000e+00
4.750000000000000000e+02 3.766999999999999886e+02 3.758999999999999773e+02 3.765000000000000000e+02 3.788999999999999773e+02 3.863500000000000227e+02 3.848500000000000227e+02 3.863000000000000114e+02 3.866000000000000227e+02 3.848000000000000114e+02 3.823999999999999773e+02 3.868000000000000114e+02 8.000000000000000000e+00
4.760000000000000000e+02 3.758999999999999773e+02 3.765000000000000000e+02 3.788999999999999773e+02 3.863500000000000227e+02 3.848500000000000227e+02 3.863000000000000114e+02 3.866000000000000227e+02 3.848000000000000114e+02 3.823999999999999773e+02 3.868000000000000114e+02 3.865000000000000000e+02 8.000000000000000000e+00
4.770000000000000000e+02 3.765000000000000000e+02 3.788999999999999773e+02 3.863500000000000227e+02 3.848500000000000227e+02 3.863000000000000114e+02 3.866000000000000227e+02 3.848000000000000114e+02 3.823999999999999773e+02 3.868000000000000114e+02 3.865000000000000000e+02 3.890000000000000000e+02 8.000000000000000000e+00
4.780000000000000000e+02 3.788999999999999773e+02 3.863500000000000227e+02 3.848500000000000227e+02 3.863000000000000114e+02 3.866000000000000227e+02 3.848000000000000114e+02 3.823999999999999773e+02 3.868000000000000114e+02 3.865000000000000000e+02 3.890000000000000000e+02 3.866000000000000227e+02 8.000000000000000000e+00
4.790000000000000000e+02 3.863500000000000227e+02 3.848500000000000227e+02 3.863000000000000114e+02 3.866000000000000227e+02 3.848000000000000114e+02 3.823999999999999773e+02 3.868000000000000114e+02 3.865000000000000000e+02 3.890000000000000000e+02 3.866000000000000227e+02 3.910000000000000000e+02 8.000000000000000000e+00
5.230000000000000000e+02 3.818000000000000114e+02 3.800000000000000000e+02 3.805000000000000000e+02 3.823999999999999773e+02 3.810000000000000000e+02 3.815000000000000000e+02 3.811999999999999886e+02 3.854499999999999886e+02 3.888000000000000114e+02 3.868500000000000227e+02 3.865000000000000000e+02 8.000000000000000000e+00
5.240000000000000000e+02 3.800000000000000000e+02 3.805000000000000000e+02 3.823999999999999773e+02 3.810000000000000000e+02 3.815000000000000000e+02 3.811999999999999886e+02 3.854499999999999886e+02 3.888000000000000114e+02 3.868500000000000227e+02 3.865000000000000000e+02 3.841999999999999886e+02 8.000000000000000000e+00
5.270000000000000000e+02 3.810000000000000000e+02 3.815000000000000000e+02 3.811999999999999886e+02 3.854499999999999886e+02 3.888000000000000114e+02 3.868500000000000227e+02 3.865000000000000000e+02 3.841999999999999886e+02 3.845000000000000000e+02 3.850000000000000000e+02 3.866000000000000227e+02 8.000000000000000000e+00
5.280000000000000000e+02 3.815000000000000000e+02 3.811999999999999886e+02 3.854499999999999886e+02 3.888000000000000114e+02 3.868500000000000227e+02 3.865000000000000000e+02 3.841999999999999886e+02 3.845000000000000000e+02 3.850000000000000000e+02 3.866000000000000227e+02 3.833999999999999773e+02 8.000000000000000000e+00
5.290000000000000000e+02 3.811999999999999886e+02 3.854499999999999886e+02 3.888000000000000114e+02 3.868500000000000227e+02 3.865000000000000000e+02 3.841999999999999886e+02 3.845000000000000000e+02 3.850000000000000000e+02 3.866000000000000227e+02 3.833999999999999773e+02 3.838000000000000114e+02 8.000000000000000000e+00
5.870000000000000000e+02 3.777500000000000000e+02 3.773999999999999773e+02 3.786499999999999773e+02 3.766000000000000227e+02 3.773999999999999773e+02 3.772500000000000000e+02 3.771999999999999886e+02 3.811499999999999773e+02 3.818999999999999773e+02 3.815000000000000000e+02 3.816000000000000227e+02 8.000000000000000000e+00
5.880000000000000000e+02 3.773999999999999773e+02 3.786499999999999773e+02 3.766000000000000227e+02 3.773999999999999773e+02 3.772500000000000000e+02 3.771999999999999886e+02 3.811499999999999773e+02 3.818999999999999773e+02 3.815000000000000000e+02 3.816000000000000227e+02 3.838000000000000114e+02 8.000000000000000000e+00
5.890000000000000000e+02 3.786499999999999773e+02 3.766000000000000227e+02 3.773999999999999773e+02 3.772500000000000000e+02 3.771999999999999886e+02 3.811499999999999773e+02 3.818999999999999773e+02 3.815000000000000000e+02 3.816000000000000227e+02 3.838000000000000114e+02 3.832500000000000000e+02 8.000000000000000000e+00
5.900000000000000000e+02 3.766000000000000227e+02 3.773999999999999773e+02 3.772500000000000000e+02 3.771999999999999886e+02 3.811499999999999773e+02 3.818999999999999773e+02 3.815000000000000000e+02 3.816000000000000227e+02 3.838000000000000114e+02 3.832500000000000000e+02 3.833000000000000114e+02 8.000000000000000000e+00
5.920000000000000000e+02 3.772500000000000000e+02 3.771999999999999886e+02 3.811499999999999773e+02 3.818999999999999773e+02 3.815000000000000000e+02 3.816000000000000227e+02 3.838000000000000114e+02 3.832500000000000000e+02 3.833000000000000114e+02 3.865500000000000114e+02 3.861000000000000227e+02 8.000000000000000000e+00
5.930000000000000000e+02 3.771999999999999886e+02 3.811499999999999773e+02 3.818999999999999773e+02 3.815000000000000000e+02 3.816000000000000227e+02 3.838000000000000114e+02 3.832500000000000000e+02 3.833000000000000114e+02 3.865500000000000114e+02 3.861000000000000227e+02 3.860000000000000000e+02 8.000000000000000000e+00
5.940000000000000000e+02 3.811499999999999773e+02 3.818999999999999773e+02 3.815000000000000000e+02 3.816000000000000227e+02 3.838000000000000114e+02 3.832500000000000000e+02 3.833000000000000114e+02 3.865500000000000114e+02 3.861000000000000227e+02 3.860000000000000000e+02 3.868000000000000114e+02 8.000000000000000000e+00
5.950000000000000000e+02 3.818999999999999773e+02 3.815000000000000000e+02 3.816000000000000227e+02 3.838000000000000114e+02 3.832500000000000000e+02 3.833000000000000114e+02 3.865500000000000114e+02 3.861000000000000227e+02 3.860000000000000000e+02 3.868000000000000114e+02 3.868999999999999773e+02 8.000000000000000000e+00
5.960000000000000000e+02 3.815000000000000000e+02 3.816000000000000227e+02 3.838000000000000114e+02 3.832500000000000000e+02 3.833000000000000114e+02 3.865500000000000114e+02 3.861000000000000227e+02 3.860000000000000000e+02 3.868000000000000114e+02 3.868999999999999773e+02 3.869499999999999886e+02 8.000000000000000000e+00
8.000000000000000000e+02 3.833000000000000114e+02 3.841000000000000227e+02 3.843000000000000114e+02 3.858500000000000227e+02 3.862500000000000000e+02 3.876999999999999886e+02 3.870000000000000000e+02 3.861999999999999886e+02 3.876499999999999773e+02 3.906999999999999886e+02 3.896000000000000227e+02 8.000000000000000000e+00
8.010000000000000000e+02 3.841000000000000227e+02 3.843000000000000114e+02 3.858500000000000227e+02 3.862500000000000000e+02 3.876999999999999886e+02 3.870000000000000000e+02 3.861999999999999886e+02 3.876499999999999773e+02 3.906999999999999886e+02 3.896000000000000227e+02 3.910500000000000114e+02 8.000000000000000000e+00
8.020000000000000000e+02 3.843000000000000114e+02 3.858500000000000227e+02 3.862500000000000000e+02 3.876999999999999886e+02 3.870000000000000000e+02 3.861999999999999886e+02 3.876499999999999773e+02 3.906999999999999886e+02 3.896000000000000227e+02 3.910500000000000114e+02 3.903999999999999773e+02 8.000000000000000000e+00
8.030000000000000000e+02 3.858500000000000227e+02 3.862500000000000000e+02 3.876999999999999886e+02 3.870000000000000000e+02 3.861999999999999886e+02 3.876499999999999773e+02 3.906999999999999886e+02 3.896000000000000227e+02 3.910500000000000114e+02 3.903999999999999773e+02 3.901000000000000227e+02 8.000000000000000000e+00
8.040000000000000000e+02 3.862500000000000000e+02 3.876999999999999886e+02 3.870000000000000000e+02 3.861999999999999886e+02 3.876499999999999773e+02 3.906999999999999886e+02 3.896000000000000227e+02 3.910500000000000114e+02 3.903999999999999773e+02 3.901000000000000227e+02 3.896000000000000227e+02 8.000000000000000000e+00
8.050000000000000000e+02 3.876999999999999886e+02 3.870000000000000000e+02 3.861999999999999886e+02 3.876499999999999773e+02 3.906999999999999886e+02 3.896000000000000227e+02 3.910500000000000114e+02 3.903999999999999773e+02 3.901000000000000227e+02 3.896000000000000227e+02 3.896499999999999773e+02 8.000000000000000000e+00
8.060000000000000000e+02 3.870000000000000000e+02 3.861999999999999886e+02 3.876499999999999773e+02 3.906999999999999886e+02 3.896000000000000227e+02 3.910500000000000114e+02 3.903999999999999773e+02 3.901000000000000227e+02 3.896000000000000227e+02 3.896499999999999773e+02 3.892500000000000000e+02 8.000000000000000000e+00
8.070000000000000000e+02 3.861999999999999886e+02 3.876499999999999773e+02 3.906999999999999886e+02 3.896000000000000227e+02 3.910500000000000114e+02 3.903999999999999773e+02 3.901000000000000227e+02 3.896000000000000227e+02 3.896499999999999773e+02 3.892500000000000000e+02 3.890500000000000114e+02 8.000000000000000000e+00
8.690000000000000000e+02 3.822500000000000000e+02 3.813999999999999773e+02 3.823500000000000227e+02 3.846999999999999886e+02 3.841000000000000227e+02 3.851000000000000227e+02 3.848999999999999773e+02 3.855000000000000000e+02 3.850000000000000000e+02 3.838500000000000227e+02 3.839499999999999886e+02 8.000000000000000000e+00
8.700000000000000000e+02 3.813999999999999773e+02 3.823500000000000227e+02 3.846999999999999886e+02 3.841000000000000227e+02 3.851000000000000227e+02 3.848999999999999773e+02 3.855000000000000000e+02 3.850000000000000000e+02 3.838500000000000227e+02 3.839499999999999886e+02 3.825000000000000000e+02 8.000000000000000000e+00
1.015000000000000000e+03 3.946999999999999886e+02 3.936999999999999886e+02 3.938999999999999773e+02 3.945000000000000000e+02 3.945000000000000000e+02 3.976000000000000227e+02 3.943000000000000114e+02 3.950000000000000000e+02 3.951999999999999886e+02 3.943000000000000114e+02 3.931000000000000227e+02 8.000000000000000000e+00
1.016000000000000000e+03 3.936999999999999886e+02 3.938999999999999773e+02 3.945000000000000000e+02 3.945000000000000000e+02 3.976000000000000227e+02 3.943000000000000114e+02 3.950000000000000000e+02 3.951999999999999886e+02 3.943000000000000114e+02 3.931000000000000227e+02 3.911999999999999886e+02 8.000000000000000000e+00
1.156000000000000000e+03 3.810000000000000000e+02 3.809499999999999886e+02 3.803500000000000227e+02 3.801000000000000227e+02 3.816999999999999886e+02 3.838000000000000114e+02 3.836000000000000227e+02 3.829499999999999886e+02 3.826000000000000227e+02 3.830000000000000000e+02 3.803500000000000227e+02 8.000000000000000000e+00
1.157000000000000000e+03 3.809499999999999886e+02 3.803500000000000227e+02 3.801000000000000227e+02 3.816999999999999886e+02 3.838000000000000114e+02 3.836000000000000227e+02 3.829499999999999886e+02 3.826000000000000227e+02 3.830000000000000000e+02 3.803500000000000227e+02 3.803000000000000114e+02 8.000000000000000000e+00
1.158000000000000000e+03 3.803500000000000227e+02 3.801000000000000227e+02 3.816999999999999886e+02 3.838000000000000114e+02 3.836000000000000227e+02 3.829499999999999886e+02 3.826000000000000227e+02 3.830000000000000000e+02 3.803500000000000227e+02 3.803000000000000114e+02 3.776999999999999886e+02 8.000000000000000000e+00
1.312000000000000000e+03 3.423999999999999773e+02 3.423500000000000227e+02 3.427500000000000000e+02 3.438000000000000114e+02 3.446000000000000227e+02 3.455000000000000000e+02 3.443999999999999773e+02 3.433000000000000114e+02 3.430000000000000000e+02 3.410000000000000000e+02 3.431000000000000227e+02 8.000000000000000000e+00
1.313000000000000000e+03 3.423500000000000227e+02 3.427500000000000000e+02 3.438000000000000114e+02 3.446000000000000227e+02 3.455000000000000000e+02 3.443999999999999773e+02 3.433000000000000114e+02 3.430000000000000000e+02 3.410000000000000000e+02 3.431000000000000227e+02 3.431999999999999886e+02 8.000000000000000000e+00
1.314000000000000000e+03 3.427500000000000000e+02 3.438000000000000114e+02 3.446000000000000227e+02 3.455000000000000000e+02 3.443999999999999773e+02 3.433000000000000114e+02 3.430000000000000000e+02 3.410000000000000000e+02 3.431000000000000227e+02 3.431999999999999886e+02 3.439499999999999886e+02 8.000000000000000000e+00
1.315000000000000000e+03 3.438000000000000114e+02 3.446000000000000227e+02 3.455000000000000000e+02 3.443999999999999773e+02 3.433000000000000114e+02 3.430000000000000000e+02 3.410000000000000000e+02 3.431000000000000227e+02 3.431999999999999886e+02 3.439499999999999886e+02 3.438000000000000114e+02 8.000000000000000000e+00
1.525000000000000000e+03 2.908999999999999773e+02 2.913000000000000114e+02 2.915000000000000000e+02 2.986999999999999886e+02 2.993999999999999773e+02 2.988000000000000114e+02 3.013000000000000114e+02 3.026000000000000227e+02 3.013999999999999773e+02 3.006999999999999886e+02 2.995000000000000000e+02 8.000000000000000000e+00
1.526000000000000000e+03 2.913000000000000114e+02 2.915000000000000000e+02 2.986999999999999886e+02 2.993999999999999773e+02 2.988000000000000114e+02 3.013000000000000114e+02 3.026000000000000227e+02 3.013999999999999773e+02 3.006999999999999886e+02 2.995000000000000000e+02 3.020000000000000000e+02 8.000000000000000000e+00
1.527000000000000000e+03 2.915000000000000000e+02 2.986999999999999886e+02 2.993999999999999773e+02 2.988000000000000114e+02 3.013000000000000114e+02 3.026000000000000227e+02 3.013999999999999773e+02 3.006999999999999886e+02 2.995000000000000000e+02 3.020000000000000000e+02 3.080000000000000000e+02 8.000000000000000000e+00
1.596000000000000000e+03 2.936499999999999773e+02 2.936000000000000227e+02 2.933999999999999773e+02 2.966999999999999886e+02 2.961999999999999886e+02 2.936000000000000227e+02 2.945000000000000000e+02 2.930000000000000000e+02 2.948000000000000114e+02 2.930000000000000000e+02 2.914499999999999886e+02 8.000000000000000000e+00
1.711000000000000000e+03 2.916000000000000227e+02 2.922500000000000000e+02 2.948999999999999773e+02 2.933999999999999773e+02 2.938000000000000114e+02 2.940000000000000000e+02 2.906000000000000227e+02 2.911000000000000227e+02 2.925000000000000000e+02 2.948000000000000114e+02 2.915000000000000000e+02 8.000000000000000000e+00
1.712000000000000000e+03 2.922500000000000000e+02 2.948999999999999773e+02 2.933999999999999773e+02 2.938000000000000114e+02 2.940000000000000000e+02 2.906000000000000227e+02 2.911000000000000227e+02 2.925000000000000000e+02 2.948000000000000114e+02 2.915000000000000000e+02 2.890000000000000000e+02 8.000000000000000000e+00
1.713000000000000000e+03 2.948999999999999773e+02 2.933999999999999773e+02 2.938000000000000114e+02 2.940000000000000000e+02 2.906000000000000227e+02 2.911000000000000227e+02 2.925000000000000000e+02 2.948000000000000114e+02 2.915000000000000000e+02 2.890000000000000000e+02 2.886999999999999886e+02 8.000000000000000000e+00
1.971000000000000000e+03 2.796000000000000227e+02 2.761000000000000227e+02 2.828000000000000114e+02 2.820000000000000000e+02 2.777500000000000000e+02 2.788000000000000114e+02 2.796000000000000227e+02 2.796999999999999886e+02 2.825000000000000000e+02 2.816999999999999886e+02 2.833000000000000114e+02 8.000000000000000000e+00
1.972000000000000000e+03 2.761000000000000227e+02 2.828000000000000114e+02 2.820000000000000000e+02 2.777500000000000000e+02 2.788000000000000114e+02 2.796000000000000227e+02 2.796999999999999886e+02 2.825000000000000000e+02 2.816999999999999886e+02 2.833000000000000114e+02 2.840000000000000000e+02 8.000000000000000000e+00
1.973000000000000000e+03 2.828000000000000114e+02 2.820000000000000000e+02 2.777500000000000000e+02 2.788000000000000114e+02 2.796000000000000227e+02 2.796999999999999886e+02 2.825000000000000000e+02 2.816999999999999886e+02 2.833000000000000114e+02 2.840000000000000000e+02 2.867500000000000000e+02 8.000000000000000000e+00
1.974000000000000000e+03 2.820000000000000000e+02 2.777500000000000000e+02 2.788000000000000114e+02 2.796000000000000227e+02 2.796999999999999886e+02 2.825000000000000000e+02 2.816999999999999886e+02 2.833000000000000114e+02 2.840000000000000000e+02 2.867500000000000000e+02 2.868000000000000114e+02 8.000000000000000000e+00
1.975000000000000000e+03 2.777500000000000000e+02 2.788000000000000114e+02 2.796000000000000227e+02 2.796999999999999886e+02 2.825000000000000000e+02 2.816999999999999886e+02 2.833000000000000114e+02 2.840000000000000000e+02 2.867500000000000000e+02 2.868000000000000114e+02 2.866999999999999886e+02 8.000000000000000000e+00
1.976000000000000000e+03 2.788000000000000114e+02 2.796000000000000227e+02 2.796999999999999886e+02 2.825000000000000000e+02 2.816999999999999886e+02 2.833000000000000114e+02 2.840000000000000000e+02 2.867500000000000000e+02 2.868000000000000114e+02 2.866999999999999886e+02 2.875000000000000000e+02 8.000000000000000000e+00
1.977000000000000000e+03 2.796000000000000227e+02 2.796999999999999886e+02 2.825000000000000000e+02 2.816999999999999886e+02 2.833000000000000114e+02 2.840000000000000000e+02 2.867500000000000000e+02 2.868000000000000114e+02 2.866999999999999886e+02 2.875000000000000000e+02 2.875000000000000000e+02 8.000000000000000000e+00
1.978000000000000000e+03 2.796999999999999886e+02 2.825000000000000000e+02 2.816999999999999886e+02 2.833000000000000114e+02 2.840000000000000000e+02 2.867500000000000000e+02 2.868000000000000114e+02 2.866999999999999886e+02 2.875000000000000000e+02 2.875000000000000000e+02 2.893000000000000114e+02 8.000000000000000000e+00
1.979000000000000000e+03 2.825000000000000000e+02 2.816999999999999886e+02 2.833000000000000114e+02 2.840000000000000000e+02 2.867500000000000000e+02 2.868000000000000114e+02 2.866999999999999886e+02 2.875000000000000000e+02 2.875000000000000000e+02 2.893000000000000114e+02 2.901999999999999886e+02 8.000000000000000000e+00
1.980000000000000000e+03 2.816999999999999886e+02 2.833000000000000114e+02 2.840000000000000000e+02 2.867500000000000000e+02 2.868000000000000114e+02 2.866999999999999886e+02 2.875000000000000000e+02 2.875000000000000000e+02 2.893000000000000114e+02 2.901999999999999886e+02 2.878000000000000114e+02 8.000000000000000000e+00
1.981000000000000000e+03 2.833000000000000114e+02 2.840000000000000000e+02 2.867500000000000000e+02 2.868000000000000114e+02 2.866999999999999886e+02 2.875000000000000000e+02 2.875000000000000000e+02 2.893000000000000114e+02 2.901999999999999886e+02 2.878000000000000114e+02 2.875000000000000000e+02 8.000000000000000000e+00
1.982000000000000000e+03 2.840000000000000000e+02 2.867500000000000000e+02 2.868000000000000114e+02 2.866999999999999886e+02 2.875000000000000000e+02 2.875000000000000000e+02 2.893000000000000114e+02 2.901999999999999886e+02 2.878000000000000114e+02 2.875000000000000000e+02 2.885000000000000000e+02 8.000000000000000000e+00
1.983000000000000000e+03 2.867500000000000000e+02 2.868000000000000114e+02 2.866999999999999886e+02 2.875000000000000000e+02 2.875000000000000000e+02 2.893000000000000114e+02 2.901999999999999886e+02 2.878000000000000114e+02 2.875000000000000000e+02 2.885000000000000000e+02 2.821999999999999886e+02 8.000000000000000000e+00
2.291000000000000000e+03 2.666000000000000227e+02 2.680000000000000000e+02 2.670000000000000000e+02 2.653999999999999773e+02 2.625000000000000000e+02 2.628999999999999773e+02 2.605000000000000000e+02 2.621000000000000227e+02 2.661999999999999886e+02 2.720000000000000000e+02 2.723000000000000114e+02 8.000000000000000000e+00
2.292000000000000000e+03 2.680000000000000000e+02 2.670000000000000000e+02 2.653999999999999773e+02 2.625000000000000000e+02 2.628999999999999773e+02 2.605000000000000000e+02 2.621000000000000227e+02 2.661999999999999886e+02 2.720000000000000000e+02 2.723000000000000114e+02 2.675000000000000000e+02 8.000000000000000000e+00
2.389000000000000000e+03 2.666000000000000227e+02 2.671000000000000227e+02 2.668999999999999773e+02 2.681999999999999886e+02 2.705000000000000000e+02 2.691999999999999886e+02 2.698999999999999773e+02 2.686000000000000227e+02 2.695000000000000000e+02 2.676999999999999886e+02 2.663999999999999773e+02 8.000000000000000000e+00
2.390000000000000000e+03 2.671000000000000227e+02 2.668999999999999773e+02 2.681999999999999886e+02 2.705000000000000000e+02 2.691999999999999886e+02 2.698999999999999773e+02 2.686000000000000227e+02 2.695000000000000000e+02 2.676999999999999886e+02 2.663999999999999773e+02 2.676000000000000227e+02 8.000000000000000000e+00
2.391000000000000000e+03 2.668999999999999773e+02 2.681999999999999886e+02 2.705000000000000000e+02 2.691999999999999886e+02 2.698999999999999773e+02 2.686000000000000227e+02 2.695000000000000000e+02 2.676999999999999886e+02 2.663999999999999773e+02 2.676000000000000227e+02 2.650000000000000000e+02 8.000000000000000000e+00
2.392000000000000000e+03 2.681999999999999886e+02 2.705000000000000000e+02 2.691999999999999886e+02 2.698999999999999773e+02 2.686000000000000227e+02 2.695000000000000000e+02 2.676999999999999886e+02 2.663999999999999773e+02 2.676000000000000227e+02 2.650000000000000000e+02 2.666000000000000227e+02 8.000000000000000000e+00
2.393000000000000000e+03 2.705000000000000000e+02 2.691999999999999886e+02 2.698999999999999773e+02 2.686000000000000227e+02 2.695000000000000000e+02 2.676999999999999886e+02 2.663999999999999773e+02 2.676000000000000227e+02 2.650000000000000000e+02 2.666000000000000227e+02 2.673000000000000114e+02 8.000000000000000000e+00
2.401000000000000000e+03 2.650000000000000000e+02 2.666000000000000227e+02 2.673000000000000114e+02 2.675000000000000000e+02 2.681999999999999886e+02 2.675000000000000000e+02 2.673999999999999773e+02 2.681000000000000227e+02 2.733000000000000114e+02 2.740000000000000000e+02 2.758000000000000114e+02 8.000000000000000000e+00
2.402000000000000000e+03 2.666000000000000227e+02 2.673000000000000114e+02 2.675000000000000000e+02 2.681999999999999886e+02 2.675000000000000000e+02 2.673999999999999773e+02 2.681000000000000227e+02 2.733000000000000114e+02 2.740000000000000000e+02 2.758000000000000114e+02 2.761999999999999886e+02 8.000000000000000000e+00
2.403000000000000000e+03 2.673000000000000114e+02 2.675000000000000000e+02 2.681999999999999886e+02 2.675000000000000000e+02 2.673999999999999773e+02 2.681000000000000227e+02 2.733000000000000114e+02 2.740000000000000000e+02 2.758000000000000114e+02 2.761999999999999886e+02 2.758000000000000114e+02 8.000000000000000000e+00
2.404000000000000000e+03 2.675000000000000000e+02 2.681999999999999886e+02 2.675000000000000000e+02 2.673999999999999773e+02 2.681000000000000227e+02 2.733000000000000114e+02 2.740000000000000000e+02 2.758000000000000114e+02 2.761999999999999886e+02 2.758000000000000114e+02 2.751000000000000227e+02 8.000000000000000000e+00
2.405000000000000000e+03 2.681999999999999886e+02 2.675000000000000000e+02 2.673999999999999773e+02 2.681000000000000227e+02 2.733000000000000114e+02 2.740000000000000000e+02 2.758000000000000114e+02 2.761999999999999886e+02 2.758000000000000114e+02 2.751000000000000227e+02 2.790000000000000000e+02 8.000000000000000000e+00
2.493000000000000000e+03 2.738999999999999773e+02 2.743000000000000114e+02 2.743000000000000114e+02 2.725000000000000000e+02 2.725000000000000000e+02 2.740000000000000000e+02 2.740000000000000000e+02 2.781999999999999886e+02 2.776000000000000227e+02 2.801000000000000227e+02 2.756999999999999886e+02 8.000000000000000000e+00
2.494000000000000000e+03 2.743000000000000114e+02 2.743000000000000114e+02 2.725000000000000000e+02 2.725000000000000000e+02 2.740000000000000000e+02 2.740000000000000000e+02 2.781999999999999886e+02 2.776000000000000227e+02 2.801000000000000227e+02 2.756999999999999886e+02 2.758999999999999773e+02 8.000000000000000000e+00
2.495000000000000000e+03 2.743000000000000114e+02 2.725000000000000000e+02 2.725000000000000000e+02 2.740000000000000000e+02 2.740000000000000000e+02 2.781999999999999886e+02 2.776000000000000227e+02 2.801000000000000227e+02 2.756999999999999886e+02 2.758999999999999773e+02 2.778999999999999773e+02 8.000000000000000000e+00
2.496000000000000000e+03 2.725000000000000000e+02 2.725000000000000000e+02 2.740000000000000000e+02 2.740000000000000000e+02 2.781999999999999886e+02 2.776000000000000227e+02 2.801000000000000227e+02 2.756999999999999886e+02 2.758999999999999773e+02 2.778999999999999773e+02 2.778000000000000114e+02 8.000000000000000000e+00
2.497000000000000000e+03 2.725000000000000000e+02 2.740000000000000000e+02 2.740000000000000000e+02 2.781999999999999886e+02 2.776000000000000227e+02 2.801000000000000227e+02 2.756999999999999886e+02 2.758999999999999773e+02 2.778999999999999773e+02 2.778000000000000114e+02 2.790000000000000000e+02 8.000000000000000000e+00
2.498000000000000000e+03 2.740000000000000000e+02 2.740000000000000000e+02 2.781999999999999886e+02 2.776000000000000227e+02 2.801000000000000227e+02 2.756999999999999886e+02 2.758999999999999773e+02 2.778999999999999773e+02 2.778000000000000114e+02 2.790000000000000000e+02 2.790000000000000000e+02 8.000000000000000000e+00
2.499000000000000000e+03 2.740000000000000000e+02 2.781999999999999886e+02 2.776000000000000227e+02 2.801000000000000227e+02 2.756999999999999886e+02 2.758999999999999773e+02 2.778999999999999773e+02 2.778000000000000114e+02 2.790000000000000000e+02 2.790000000000000000e+02 2.768000000000000114e+02 8.000000000000000000e+00
2.658000000000000000e+03 3.100000000000000000e+02 3.035000000000000000e+02 3.023000000000000114e+02 3.045000000000000000e+02 3.033000000000000114e+02 3.043999999999999773e+02 3.071499999999999773e+02 3.078999999999999773e+02 3.061000000000000227e+02 3.138000000000000114e+02 3.103999999999999773e+02 8.000000000000000000e+00
2.660000000000000000e+03 3.023000000000000114e+02 3.045000000000000000e+02 3.033000000000000114e+02 3.043999999999999773e+02 3.071499999999999773e+02 3.078999999999999773e+02 3.061000000000000227e+02 3.138000000000000114e+02 3.103999999999999773e+02 3.143500000000000227e+02 3.140000000000000000e+02 8.000000000000000000e+00
2.661000000000000000e+03 3.045000000000000000e+02 3.033000000000000114e+02 3.043999999999999773e+02 3.071499999999999773e+02 3.078999999999999773e+02 3.061000000000000227e+02 3.138000000000000114e+02 3.103999999999999773e+02 3.143500000000000227e+02 3.140000000000000000e+02 3.153999999999999773e+02 8.000000000000000000e+00
2.662000000000000000e+03 3.033000000000000114e+02 3.043999999999999773e+02 3.071499999999999773e+02 3.078999999999999773e+02 3.061000000000000227e+02 3.138000000000000114e+02 3.103999999999999773e+02 3.143500000000000227e+02 3.140000000000000000e+02 3.153999999999999773e+02 3.113999999999999773e+02 8.000000000000000000e+00
2.663000000000000000e+03 3.043999999999999773e+02 3.071499999999999773e+02 3.078999999999999773e+02 3.061000000000000227e+02 3.138000000000000114e+02 3.103999999999999773e+02 3.143500000000000227e+02 3.140000000000000000e+02 3.153999999999999773e+02 3.113999999999999773e+02 3.144499999999999886e+02 8.000000000000000000e+00
2.664000000000000000e+03 3.071499999999999773e+02 3.078999999999999773e+02 3.061000000000000227e+02 3.138000000000000114e+02 3.103999999999999773e+02 3.143500000000000227e+02 3.140000000000000000e+02 3.153999999999999773e+02 3.113999999999999773e+02 3.144499999999999886e+02 3.137500000000000000e+02 8.000000000000000000e+00
2.676000000000000000e+03 3.088000000000000114e+02 3.077500000000000000e+02 3.068000000000000114e+02 3.067500000000000000e+02 3.091999999999999886e+02 3.125000000000000000e+02 3.098999999999999773e+02 3.137500000000000000e+02 3.125000000000000000e+02 3.120000000000000000e+02 3.138999999999999773e+02 8.000000000000000000e+00
2.677000000000000000e+03 3.077500000000000000e+02 3.068000000000000114e+02 3.067500000000000000e+02 3.091999999999999886e+02 3.125000000000000000e+02 3.098999999999999773e+02 3.137500000000000000e+02 3.125000000000000000e+02 3.120000000000000000e+02 3.138999999999999773e+02 3.143999999999999773e+02 8.000000000000000000e+00
2.678000000000000000e+03 3.068000000000000114e+02 3.067500000000000000e+02 3.091999999999999886e+02 3.125000000000000000e+02 3.098999999999999773e+02 3.137500000000000000e+02 3.125000000000000000e+02 3.120000000000000000e+02 3.138999999999999773e+02 3.143999999999999773e+02 3.190000000000000000e+02 8.000000000000000000e+00
2.679000000000000000e+03 3.067500000000000000e+02 3.091999999999999886e+02 3.125000000000000000e+02 3.098999999999999773e+02 3.137500000000000000e+02 3.125000000000000000e+02 3.120000000000000000e+02 3.138999999999999773e+02 3.143999999999999773e+02 3.190000000000000000e+02 3.200000000000000000e+02 8.000000000000000000e+00
2.680000000000000000e+03 3.091999999999999886e+02 3.125000000000000000e+02 3.098999999999999773e+02 3.137500000000000000e+02 3.125000000000000000e+02 3.120000000000000000e+02 3.138999999999999773e+02 3.143999999999999773e+02 3.190000000000000000e+02 3.200000000000000000e+02 3.210000000000000000e+02 8.000000000000000000e+00
2.907000000000000000e+03 3.451999999999999886e+02 3.448999999999999773e+02 3.470500000000000114e+02 3.418999999999999773e+02 3.433000000000000114e+02 3.446000000000000227e+02 3.469499999999999886e+02 3.515000000000000000e+02 3.505000000000000000e+02 3.593999999999999773e+02 3.615000000000000000e+02 8.000000000000000000e+00
2.909000000000000000e+03 3.470500000000000114e+02 3.418999999999999773e+02 3.433000000000000114e+02 3.446000000000000227e+02 3.469499999999999886e+02 3.515000000000000000e+02 3.505000000000000000e+02 3.593999999999999773e+02 3.615000000000000000e+02 3.624499999999999886e+02 3.645000000000000000e+02 8.000000000000000000e+00
2.910000000000000000e+03 3.418999999999999773e+02 3.433000000000000114e+02 3.446000000000000227e+02 3.469499999999999886e+02 3.515000000000000000e+02 3.505000000000000000e+02 3.593999999999999773e+02 3.615000000000000000e+02 3.624499999999999886e+02 3.645000000000000000e+02 3.615000000000000000e+02 8.000000000000000000e+00
2.911000000000000000e+03 3.433000000000000114e+02 3.446000000000000227e+02 3.469499999999999886e+02 3.515000000000000000e+02 3.505000000000000000e+02 3.593999999999999773e+02 3.615000000000000000e+02 3.624499999999999886e+02 3.645000000000000000e+02 3.615000000000000000e+02 3.561999999999999886e+02 8.000000000000000000e+00
2.912000000000000000e+03 3.446000000000000227e+02 3.469499999999999886e+02 3.515000000000000000e+02 3.505000000000000000e+02 3.593999999999999773e+02 3.615000000000000000e+02 3.624499999999999886e+02 3.645000000000000000e+02 3.615000000000000000e+02 3.561999999999999886e+02 3.547500000000000000e+02 8.000000000000000000e+00
2.913000000000000000e+03 3.469499999999999886e+02 3.515000000000000000e+02 3.505000000000000000e+02 3.593999999999999773e+02 3.615000000000000000e+02 3.624499999999999886e+02 3.645000000000000000e+02 3.615000000000000000e+02 3.561999999999999886e+02 3.547500000000000000e+02 3.476000000000000227e+02 8.000000000000000000e+00
2.914000000000000000e+03 3.515000000000000000e+02 3.505000000000000000e+02 3.593999999999999773e+02 3.615000000000000000e+02 3.624499999999999886e+02 3.645000000000000000e+02 3.615000000000000000e+02 3.561999999999999886e+02 3.547500000000000000e+02 3.476000000000000227e+02 3.493000000000000114e+02 8.000000000000000000e+00
2.915000000000000000e+03 3.505000000000000000e+02 3.593999999999999773e+02 3.615000000000000000e+02 3.624499999999999886e+02 3.645000000000000000e+02 3.615000000000000000e+02 3.561999999999999886e+02 3.547500000000000000e+02 3.476000000000000227e+02 3.493000000000000114e+02 3.516499999999999773e+02 8.000000000000000000e+00
2.916000000000000000e+03 3.593999999999999773e+02 3.615000000000000000e+02 3.624499999999999886e+02 3.645000000000000000e+02 3.615000000000000000e+02 3.561999999999999886e+02 3.547500000000000000e+02 3.476000000000000227e+02 3.493000000000000114e+02 3.516499999999999773e+02 3.515000000000000000e+02 8.000000000000000000e+00
2.922000000000000000e+03 3.547500000000000000e+02 3.476000000000000227e+02 3.493000000000000114e+02 3.516499999999999773e+02 3.515000000000000000e+02 3.525000000000000000e+02 3.563000000000000114e+02 3.616000000000000227e+02 3.581499999999999773e+02 3.623999999999999773e+02 3.655000000000000000e+02 8.000000000000000000e+00
2.923000000000000000e+03 3.476000000000000227e+02 3.493000000000000114e+02 3.516499999999999773e+02 3.515000000000000000e+02 3.525000000000000000e+02 3.563000000000000114e+02 3.616000000000000227e+02 3.581499999999999773e+02 3.623999999999999773e+02 3.655000000000000000e+02 3.631999999999999886e+02 8.000000000000000000e+00
2.924000000000000000e+03 3.493000000000000114e+02 3.516499999999999773e+02 3.515000000000000000e+02 3.525000000000000000e+02 3.563000000000000114e+02 3.616000000000000227e+02 3.581499999999999773e+02 3.623999999999999773e+02 3.655000000000000000e+02 3.631999999999999886e+02 3.582500000000000000e+02 8.000000000000000000e+00
3.052000000000000000e+03 4.021999999999999886e+02 3.980000000000000000e+02 3.992500000000000000e+02 4.005000000000000000e+02 3.970000000000000000e+02 4.028000000000000114e+02 4.065000000000000000e+02 4.061999999999999886e+02 4.112500000000000000e+02 4.121499999999999773e+02 4.098500000000000227e+02 8.000000000000000000e+00
3.055000000000000000e+03 4.005000000000000000e+02 3.970000000000000000e+02 4.028000000000000114e+02 4.065000000000000000e+02 4.061999999999999886e+02 4.112500000000000000e+02 4.121499999999999773e+02 4.098500000000000227e+02 4.113999999999999773e+02 4.152500000000000000e+02 4.102500000000000000e+02 8.000000000000000000e+00
3.056000000000000000e+03 3.970000000000000000e+02 4.028000000000000114e+02 4.065000000000000000e+02 4.061999999999999886e+02 4.112500000000000000e+02 4.121499999999999773e+02 4.098500000000000227e+02 4.113999999999999773e+02 4.152500000000000000e+02 4.102500000000000000e+02 4.095000000000000000e+02 8.000000000000000000e+00
3.075000000000000000e+03 3.930000000000000000e+02 3.927500000000000000e+02 4.008999999999999773e+02 4.012500000000000000e+02 4.022500000000000000e+02 3.999499999999999886e+02 4.020000000000000000e+02 3.948999999999999773e+02 3.990000000000000000e+02 4.022500000000000000e+02 4.070000000000000000e+02 8.000000000000000000e+00
3.076000000000000000e+03 3.927500000000000000e+02 4.008999999999999773e+02 4.012500000000000000e+02 4.022500000000000000e+02 3.999499999999999886e+02 4.020000000000000000e+02 3.948999999999999773e+02 3.990000000000000000e+02 4.022500000000000000e+02 4.070000000000000000e+02 4.110000000000000000e+02 8.000000000000000000e+00
3.077000000000000000e+03 4.008999999999999773e+02 4.012500000000000000e+02 4.022500000000000000e+02 3.999499999999999886e+02 4.020000000000000000e+02 3.948999999999999773e+02 3.990000000000000000e+02 4.022500000000000000e+02 4.070000000000000000e+02 4.110000000000000000e+02 4.117500000000000000e+02 8.000000000000000000e+00
3.078000000000000000e+03 4.012500000000000000e+02 4.022500000000000000e+02 3.999499999999999886e+02 4.020000000000000000e+02 3.948999999999999773e+02 3.990000000000000000e+02 4.022500000000000000e+02 4.070000000000000000e+02 4.110000000000000000e+02 4.117500000000000000e+02 4.170000000000000000e+02 8.000000000000000000e+00
3.079000000000000000e+03 4.022500000000000000e+02 3.999499999999999886e+02 4.020000000000000000e+02 3.948999999999999773e+02 3.990000000000000000e+02 4.022500000000000000e+02 4.070000000000000000e+02 4.110000000000000000e+02 4.117500000000000000e+02 4.170000000000000000e+02 4.195000000000000000e+02 8.000000000000000000e+00
3.080000000000000000e+03 3.999499999999999886e+02 4.020000000000000000e+02 3.948999999999999773e+02 3.990000000000000000e+02 4.022500000000000000e+02 4.070000000000000000e+02 4.110000000000000000e+02 4.117500000000000000e+02 4.170000000000000000e+02 4.195000000000000000e+02 4.155000000000000000e+02 8.000000000000000000e+00
3.081000000000000000e+03 4.020000000000000000e+02 3.948999999999999773e+02 3.990000000000000000e+02 4.022500000000000000e+02 4.070000000000000000e+02 4.110000000000000000e+02 4.117500000000000000e+02 4.170000000000000000e+02 4.195000000000000000e+02 4.155000000000000000e+02 4.160000000000000000e+02 8.000000000000000000e+00
3.321000000000000000e+03 4.172500000000000000e+02 4.205000000000000000e+02 4.255000000000000000e+02 4.252500000000000000e+02 4.250000000000000000e+02 4.271000000000000227e+02 4.270500000000000114e+02 4.270000000000000000e+02 4.341999999999999886e+02 4.342500000000000000e+02 4.337500000000000000e+02 8.000000000000000000e+00
3.322000000000000000e+03 4.205000000000000000e+02 4.255000000000000000e+02 4.252500000000000000e+02 4.250000000000000000e+02 4.271000000000000227e+02 4.270500000000000114e+02 4.270000000000000000e+02 4.341999999999999886e+02 4.342500000000000000e+02 4.337500000000000000e+02 4.345500000000000114e+02 8.000000000000000000e+00
3.323000000000000000e+03 4.255000000000000000e+02 4.252500000000000000e+02 4.250000000000000000e+02 4.271000000000000227e+02 4.270500000000000114e+02 4.270000000000000000e+02 4.341999999999999886e+02 4.342500000000000000e+02 4.337500000000000000e+02 4.345500000000000114e+02 4.352500000000000000e+02 8.000000000000000000e+00
3.324000000000000000e+03 4.252500000000000000e+02 4.250000000000000000e+02 4.271000000000000227e+02 4.270500000000000114e+02 4.270000000000000000e+02 4.341999999999999886e+02 4.342500000000000000e+02 4.337500000000000000e+02 4.345500000000000114e+02 4.352500000000000000e+02 4.323999999999999773e+02 8.000000000000000000e+00
3.392000000000000000e+03 4.173999999999999773e+02 4.170000000000000000e+02 4.177500000000000000e+02 4.191999999999999886e+02 4.175000000000000000e+02 4.198000000000000114e+02 4.183999999999999773e+02 4.170000000000000000e+02 4.151999999999999886e+02 4.213999999999999773e+02 4.221000000000000227e+02 8.000000000000000000e+00
3.393000000000000000e+03 4.170000000000000000e+02 4.177500000000000000e+02 4.191999999999999886e+02 4.175000000000000000e+02 4.198000000000000114e+02 4.183999999999999773e+02 4.170000000000000000e+02 4.151999999999999886e+02 4.213999999999999773e+02 4.221000000000000227e+02 4.257500000000000000e+02 8.000000000000000000e+00
3.394000000000000000e+03 4.177500000000000000e+02 4.191999999999999886e+02 4.175000000000000000e+02 4.198000000000000114e+02 4.183999999999999773e+02 4.170000000000000000e+02 4.151999999999999886e+02 4.213999999999999773e+02 4.221000000000000227e+02 4.257500000000000000e+02 4.241000000000000227e+02 8.000000000000000000e+00
3.395000000000000000e+03 4.191999999999999886e+02 4.175000000000000000e+02 4.198000000000000114e+02 4.183999999999999773e+02 4.170000000000000000e+02 4.151999999999999886e+02 4.213999999999999773e+02 4.221000000000000227e+02 4.257500000000000000e+02 4.241000000000000227e+02 4.233000000000000114e+02 8.000000000000000000e+00
3.396000000000000000e+03 4.175000000000000000e+02 4.198000000000000114e+02 4.183999999999999773e+02 4.170000000000000000e+02 4.151999999999999886e+02 4.213999999999999773e+02 4.221000000000000227e+02 4.257500000000000000e+02 4.241000000000000227e+02 4.233000000000000114e+02 4.233999999999999773e+02 8.000000000000000000e+00
3.602000000000000000e+03 5.457000000000000455e+02 5.516000000000000227e+02 5.535000000000000000e+02 5.547999999999999545e+02 5.533999999999999773e+02 5.540000000000000000e+02 5.513999999999999773e+02 5.501000000000000227e+02 5.497000000000000455e+02 5.600000000000000000e+02 5.665000000000000000e+02 8.000000000000000000e+00
3.603000000000000000e+03 5.516000000000000227e+02 5.535000000000000000e+02 5.547999999999999545e+02 5.533999999999999773e+02 5.540000000000000000e+02 5.513999999999999773e+02 5.501000000000000227e+02 5.497000000000000455e+02 5.600000000000000000e+02 5.665000000000000000e+02 5.642999999999999545e+02 8.000000000000000000e+00
3.606000000000000000e+03 5.533999999999999773e+02 5.540000000000000000e+02 5.513999999999999773e+02 5.501000000000000227e+02 5.497000000000000455e+02 5.600000000000000000e+02 5.665000000000000000e+02 5.642999999999999545e+02 5.730000000000000000e+02 5.882000000000000455e+02 5.832000000000000455e+02 8.000000000000000000e+00
3.607000000000000000e+03 5.540000000000000000e+02 5.513999999999999773e+02 5.501000000000000227e+02 5.497000000000000455e+02 5.600000000000000000e+02 5.665000000000000000e+02 5.642999999999999545e+02 5.730000000000000000e+02 5.882000000000000455e+02 5.832000000000000455e+02 5.882999999999999545e+02 8.000000000000000000e+00
3.678000000000000000e+03 5.813999999999999773e+02 5.797000000000000455e+02 5.970000000000000000e+02 6.126000000000000227e+02 6.240000000000000000e+02 6.215000000000000000e+02 6.281000000000000227e+02 6.332000000000000455e+02 6.297999999999999545e+02 6.232999999999999545e+02 6.406000000000000227e+02 8.000000000000000000e+00
3.679000000000000000e+03 5.797000000000000455e+02 5.970000000000000000e+02 6.126000000000000227e+02 6.240000000000000000e+02 6.215000000000000000e+02 6.281000000000000227e+02 6.332000000000000455e+02 6.297999999999999545e+02 6.232999999999999545e+02 6.406000000000000227e+02 6.505000000000000000e+02 8.000000000000000000e+00
3.680000000000000000e+03 5.970000000000000000e+02 6.126000000000000227e+02 6.240000000000000000e+02 6.215000000000000000e+02 6.281000000000000227e+02 6.332000000000000455e+02 6.297999999999999545e+02 6.232999999999999545e+02 6.406000000000000227e+02 6.505000000000000000e+02 6.592999999999999545e+02 8.000000000000000000e+00
3.681000000000000000e+03 6.126000000000000227e+02 6.240000000000000000e+02 6.215000000000000000e+02 6.281000000000000227e+02 6.332000000000000455e+02 6.297999999999999545e+02 6.232999999999999545e+02 6.406000000000000227e+02 6.505000000000000000e+02 6.592999999999999545e+02 6.643999999999999773e+02 8.000000000000000000e+00
3.682000000000000000e+03 6.240000000000000000e+02 6.215000000000000000e+02 6.281000000000000227e+02 6.332000000000000455e+02 6.297999999999999545e+02 6.232999999999999545e+02 6.406000000000000227e+02 6.505000000000000000e+02 6.592999999999999545e+02 6.643999999999999773e+02 6.423999999999999773e+02 8.000000000000000000e+00
3.696000000000000000e+03 6.200000000000000000e+02 6.121000000000000227e+02 6.187000000000000455e+02 6.217999999999999545e+02 6.335000000000000000e+02 6.353999999999999773e+02 6.342000000000000455e+02 6.467000000000000455e+02 6.502000000000000455e+02 6.442999999999999545e+02 6.457000000000000455e+02 8.000000000000000000e+00
3.748000000000000000e+03 5.742000000000000455e+02 5.661000000000000227e+02 5.735000000000000000e+02 5.732999999999999545e+02 5.762000000000000455e+02 5.725000000000000000e+02 5.727999999999999545e+02 5.781000000000000227e+02 5.895000000000000000e+02 5.955000000000000000e+02 5.898999999999999773e+02 8.000000000000000000e+00
3.750000000000000000e+03 5.735000000000000000e+02 5.732999999999999545e+02 5.762000000000000455e+02 5.725000000000000000e+02 5.727999999999999545e+02 5.781000000000000227e+02 5.895000000000000000e+02 5.955000000000000000e+02 5.898999999999999773e+02 5.893999999999999773e+02 5.987999999999999545e+02 8.000000000000000000e+00
3.814000000000000000e+03 6.215000000000000000e+02 6.068999999999999773e+02 6.093999999999999773e+02 6.130000000000000000e+02 6.112000000000000455e+02 6.113999999999999773e+02 6.263999999999999773e+02 6.262000000000000455e+02 6.248999999999999773e+02 6.313999999999999773e+02 6.275000000000000000e+02 8.000000000000000000e+00
3.816000000000000000e+03 6.093999999999999773e+02 6.130000000000000000e+02 6.112000000000000455e+02 6.113999999999999773e+02 6.263999999999999773e+02 6.262000000000000455e+02 6.248999999999999773e+02 6.313999999999999773e+02 6.275000000000000000e+02 6.350000000000000000e+02 6.323999999999999773e+02 8.000000000000000000e+00
3.817000000000000000e+03 6.130000000000000000e+02 6.112000000000000455e+02 6.113999999999999773e+02 6.263999999999999773e+02 6.262000000000000455e+02 6.248999999999999773e+02 6.313999999999999773e+02 6.275000000000000000e+02 6.350000000000000000e+02 6.323999999999999773e+02 6.461000000000000227e+02 8.000000000000000000e+00
3.934000000000000000e+03 6.512000000000000455e+02 6.536000000000000227e+02 6.511000000000000227e+02 6.400000000000000000e+02 6.430000000000000000e+02 6.480000000000000000e+02 6.488999999999999773e+02 6.566000000000000227e+02 6.531000000000000227e+02 6.537999999999999545e+02 6.493999999999999773e+02 8.000000000000000000e+00
3.935000000000000000e+03 6.536000000000000227e+02 6.511000000000000227e+02 6.400000000000000000e+02 6.430000000000000000e+02 6.480000000000000000e+02 6.488999999999999773e+02 6.566000000000000227e+02 6.531000000000000227e+02 6.537999999999999545e+02 6.493999999999999773e+02 6.555000000000000000e+02 8.000000000000000000e+00
3.938000000000000000e+03 6.430000000000000000e+02 6.480000000000000000e+02 6.488999999999999773e+02 6.566000000000000227e+02 6.531000000000000227e+02 6.537999999999999545e+02 6.493999999999999773e+02 6.555000000000000000e+02 6.597999999999999545e+02 6.631000000000000227e+02 6.607000000000000455e+02 8.000000000000000000e+00
3.940000000000000000e+03 6.488999999999999773e+02 6.566000000000000227e+02 6.531000000000000227e+02 6.537999999999999545e+02 6.493999999999999773e+02 6.555000000000000000e+02 6.597999999999999545e+02 6.631000000000000227e+02 6.607000000000000455e+02 6.670000000000000000e+02 6.668999999999999773e+02 8.000000000000000000e+00
3.941000000000000000e+03 6.566000000000000227e+02 6.531000000000000227e+02 6.537999999999999545e+02 6.493999999999999773e+02 6.555000000000000000e+02 6.597999999999999545e+02 6.631000000000000227e+02 6.607000000000000455e+02 6.670000000000000000e+02 6.668999999999999773e+02 6.646000000000000227e+02 8.000000000000000000e+00
4.407000000000000000e+03 8.888500000000000227e+02 8.906000000000000227e+02 8.745499999999999545e+02 8.678999999999999773e+02 8.841499999999999773e+02 8.822500000000000000e+02 8.891499999999999773e+02 9.020000000000000000e+02 9.121000000000000227e+02 9.056499999999999773e+02 8.911000000000000227e+02 8.000000000000000000e+00
4.409000000000000000e+03 8.745499999999999545e+02 8.678999999999999773e+02 8.841499999999999773e+02 8.822500000000000000e+02 8.891499999999999773e+02 9.020000000000000000e+02 9.121000000000000227e+02 9.056499999999999773e+02 8.911000000000000227e+02 8.976000000000000227e+02 8.855000000000000000e+02 8.000000000000000000e+00
4.411000000000000000e+03 8.841499999999999773e+02 8.822500000000000000e+02 8.891499999999999773e+02 9.020000000000000000e+02 9.121000000000000227e+02 9.056499999999999773e+02 8.911000000000000227e+02 8.976000000000000227e+02 8.855000000000000000e+02 8.857999999999999545e+02 9.023500000000000227e+02 8.000000000000000000e+00
4.412000000000000000e+03 8.822500000000000000e+02 8.891499999999999773e+02 9.020000000000000000e+02 9.121000000000000227e+02 9.056499999999999773e+02 8.911000000000000227e+02 8.976000000000000227e+02 8.855000000000000000e+02 8.857999999999999545e+02 9.023500000000000227e+02 8.957000000000000455e+02 8.000000000000000000e+00
4.413000000000000000e+03 8.891499999999999773e+02 9.020000000000000000e+02 9.121000000000000227e+02 9.056499999999999773e+02 8.911000000000000227e+02 8.976000000000000227e+02 8.855000000000000000e+02 8.857999999999999545e+02 9.023500000000000227e+02 8.957000000000000455e+02 9.098999999999999773e+02 8.000000000000000000e+00
4.414000000000000000e+03 9.020000000000000000e+02 9.121000000000000227e+02 9.056499999999999773e+02 8.911000000000000227e+02 8.976000000000000227e+02 8.855000000000000000e+02 8.857999999999999545e+02 9.023500000000000227e+02 8.957000000000000455e+02 9.098999999999999773e+02 9.090499999999999545e+02 8.000000000000000000e+00
4.415000000000000000e+03 9.121000000000000227e+02 9.056499999999999773e+02 8.911000000000000227e+02 8.976000000000000227e+02 8.855000000000000000e+02 8.857999999999999545e+02 9.023500000000000227e+02 8.957000000000000455e+02 9.098999999999999773e+02 9.090499999999999545e+02 9.160499999999999545e+02 8.000000000000000000e+00
4.416000000000000000e+03 9.056499999999999773e+02 8.911000000000000227e+02 8.976000000000000227e+02 8.855000000000000000e+02 8.857999999999999545e+02 9.023500000000000227e+02 8.957000000000000455e+02 9.098999999999999773e+02 9.090499999999999545e+02 9.160499999999999545e+02 9.126000000000000227e+02 8.000000000000000000e+00
4.417000000000000000e+03 8.911000000000000227e+02 8.976000000000000227e+02 8.855000000000000000e+02 8.857999999999999545e+02 9.023500000000000227e+02 8.957000000000000455e+02 9.098999999999999773e+02 9.090499999999999545e+02 9.160499999999999545e+02 9.126000000000000227e+02 9.218500000000000227e+02 8.000000000000000000e+00
4.418000000000000000e+03 8.976000000000000227e+02 8.855000000000000000e+02 8.857999999999999545e+02 9.023500000000000227e+02 8.957000000000000455e+02 9.098999999999999773e+02 9.090499999999999545e+02 9.160499999999999545e+02 9.126000000000000227e+02 9.218500000000000227e+02 9.254500000000000455e+02 8.000000000000000000e+00
4.420000000000000000e+03 8.857999999999999545e+02 9.023500000000000227e+02 8.957000000000000455e+02 9.098999999999999773e+02 9.090499999999999545e+02 9.160499999999999545e+02 9.126000000000000227e+02 9.218500000000000227e+02 9.254500000000000455e+02 9.253500000000000227e+02 9.307000000000000455e+02 8.000000000000000000e+00
4.469000000000000000e+03 9.131499999999999773e+02 9.121000000000000227e+02 9.200000000000000000e+02 9.242999999999999545e+02 9.387500000000000000e+02 9.369500000000000455e+02 9.357999999999999545e+02 9.491000000000000227e+02 9.478500000000000227e+02 9.507999999999999545e+02 9.486000000000000227e+02 8.000000000000000000e+00
4.470000000000000000e+03 9.121000000000000227e+02 9.200000000000000000e+02 9.242999999999999545e+02 9.387500000000000000e+02 9.369500000000000455e+02 9.357999999999999545e+02 9.491000000000000227e+02 9.478500000000000227e+02 9.507999999999999545e+02 9.486000000000000227e+02 9.508500000000000227e+02 8.000000000000000000e+00
4.476000000000000000e+03 9.491000000000000227e+02 9.478500000000000227e+02 9.507999999999999545e+02 9.486000000000000227e+02 9.508500000000000227e+02 9.533500000000000227e+02 9.375499999999999545e+02 9.294500000000000455e+02 9.338999999999999773e+02 9.535499999999999545e+02 9.562999999999999545e+02 8.000000000000000000e+00
4.477000000000000000e+03 9.478500000000000227e+02 9.507999999999999545e+02 9.486000000000000227e+02 9.508500000000000227e+02 9.533500000000000227e+02 9.375499999999999545e+02 9.294500000000000455e+02 9.338999999999999773e+02 9.535499999999999545e+02 9.562999999999999545e+02 9.664500000000000455e+02 8.000000000000000000e+00
4.478000000000000000e+03 9.507999999999999545e+02 9.486000000000000227e+02 9.508500000000000227e+02 9.533500000000000227e+02 9.375499999999999545e+02 9.294500000000000455e+02 9.338999999999999773e+02 9.535499999999999545e+02 9.562999999999999545e+02 9.664500000000000455e+02 9.629500000000000455e+02 8.000000000000000000e+00
4.479000000000000000e+03 9.486000000000000227e+02 9.508500000000000227e+02 9.533500000000000227e+02 9.375499999999999545e+02 9.294500000000000455e+02 9.338999999999999773e+02 9.535499999999999545e+02 9.562999999999999545e+02 9.664500000000000455e+02 9.629500000000000455e+02 9.627500000000000000e+02 8.000000000000000000e+00
4.480000000000000000e+03 9.508500000000000227e+02 9.533500000000000227e+02 9.375499999999999545e+02 9.294500000000000455e+02 9.338999999999999773e+02 9.535499999999999545e+02 9.562999999999999545e+02 9.664500000000000455e+02 9.629500000000000455e+02 9.627500000000000000e+02 9.544500000000000455e+02 8.000000000000000000e+00
4.481000000000000000e+03 9.533500000000000227e+02 9.375499999999999545e+02 9.294500000000000455e+02 9.338999999999999773e+02 9.535499999999999545e+02 9.562999999999999545e+02 9.664500000000000455e+02 9.629500000000000455e+02 9.627500000000000000e+02 9.544500000000000455e+02 9.457999999999999545e+02 8.000000000000000000e+00
4.617000000000000000e+03 1.063200000000000045e+03 1.066000000000000000e+03 1.062799999999999955e+03 1.077710000000000036e+03 1.072170000000000073e+03 1.095720000000000027e+03 1.093390000000000100e+03 1.100950000000000045e+03 1.119599999999999909e+03 1.107900000000000091e+03 1.108650000000000091e+03 8.000000000000000000e+00
4.618000000000000000e+03 1.066000000000000000e+03 1.062799999999999955e+03 1.077710000000000036e+03 1.072170000000000073e+03 1.095720000000000027e+03 1.093390000000000100e+03 1.100950000000000045e+03 1.119599999999999909e+03 1.107900000000000091e+03 1.108650000000000091e+03 1.118980000000000018e+03 8.000000000000000000e+00
4.619000000000000000e+03 1.062799999999999955e+03 1.077710000000000036e+03 1.072170000000000073e+03 1.095720000000000027e+03 1.093390000000000100e+03 1.100950000000000045e+03 1.119599999999999909e+03 1.107900000000000091e+03 1.108650000000000091e+03 1.118980000000000018e+03 1.114470000000000027e+03 8.000000000000000000e+00
4.620000000000000000e+03 1.077710000000000036e+03 1.072170000000000073e+03 1.095720000000000027e+03 1.093390000000000100e+03 1.100950000000000045e+03 1.119599999999999909e+03 1.107900000000000091e+03 1.108650000000000091e+03 1.118980000000000018e+03 1.114470000000000027e+03 1.103339999999999918e+03 8.000000000000000000e+00
4.621000000000000000e+03 1.072170000000000073e+03 1.095720000000000027e+03 1.093390000000000100e+03 1.100950000000000045e+03 1.119599999999999909e+03 1.107900000000000091e+03 1.108650000000000091e+03 1.118980000000000018e+03 1.114470000000000027e+03 1.103339999999999918e+03 1.097920000000000073e+03 8.000000000000000000e+00
4.723000000000000000e+03 1.211609999999999900e+03 1.209170000000000073e+03 1.192809999999999945e+03 1.202549999999999955e+03 1.198029999999999973e+03 1.211990000000000009e+03 1.197009999999999991e+03 1.211799999999999955e+03 1.208309999999999945e+03 1.208529999999999973e+03 1.193019999999999982e+03 8.000000000000000000e+00
4.726000000000000000e+03 1.202549999999999955e+03 1.198029999999999973e+03 1.211990000000000009e+03 1.197009999999999991e+03 1.211799999999999955e+03 1.208309999999999945e+03 1.208529999999999973e+03 1.193019999999999982e+03 1.182779999999999973e+03 1.191970000000000027e+03 1.185089999999999918e+03 8.000000000000000000e+00
4.740000000000000000e+03 1.161250000000000000e+03 1.163339999999999918e+03 1.167589999999999918e+03 1.180500000000000000e+03 1.182400000000000091e+03 1.185700000000000045e+03 1.194500000000000000e+03 1.194589999999999918e+03 1.204950000000000045e+03 1.201049999999999955e+03 1.203900000000000091e+03 8.000000000000000000e+00
4.741000000000000000e+03 1.163339999999999918e+03 1.167589999999999918e+03 1.180500000000000000e+03 1.182400000000000091e+03 1.185700000000000045e+03 1.194500000000000000e+03 1.194589999999999918e+03 1.204950000000000045e+03 1.201049999999999955e+03 1.203900000000000091e+03 1.197950000000000045e+03 8.000000000000000000e+00
4.742000000000000000e+03 1.167589999999999918e+03 1.180500000000000000e+03 1.182400000000000091e+03 1.185700000000000045e+03 1.194500000000000000e+03 1.194589999999999918e+03 1.204950000000000045e+03 1.201049999999999955e+03 1.203900000000000091e+03 1.197950000000000045e+03 1.213500000000000000e+03 8.000000000000000000e+00
4.743000000000000000e+03 1.180500000000000000e+03 1.182400000000000091e+03 1.185700000000000045e+03 1.194500000000000000e+03 1.194589999999999918e+03 1.204950000000000045e+03 1.201049999999999955e+03 1.203900000000000091e+03 1.197950000000000045e+03 1.213500000000000000e+03 1.214900000000000091e+03 8.000000000000000000e+00
4.745000000000000000e+03 1.185700000000000045e+03 1.194500000000000000e+03 1.194589999999999918e+03 1.204950000000000045e+03 1.201049999999999955e+03 1.203900000000000091e+03 1.197950000000000045e+03 1.213500000000000000e+03 1.214900000000000091e+03 1.225049999999999955e+03 1.224400000000000091e+03 8.000000000000000000e+00
4.746000000000000000e+03 1.194500000000000000e+03 1.194589999999999918e+03 1.204950000000000045e+03 1.201049999999999955e+03 1.203900000000000091e+03 1.197950000000000045e+03 1.213500000000000000e+03 1.214900000000000091e+03 1.225049999999999955e+03 1.224400000000000091e+03 1.228900000000000091e+03 8.000000000000000000e+00
4.747000000000000000e+03 1.194589999999999918e+03 1.204950000000000045e+03 1.201049999999999955e+03 1.203900000000000091e+03 1.197950000000000045e+03 1.213500000000000000e+03 1.214900000000000091e+03 1.225049999999999955e+03 1.224400000000000091e+03 1.228900000000000091e+03 1.231700000000000045e+03 8.000000000000000000e+00
4.748000000000000000e+03 1.204950000000000045e+03 1.201049999999999955e+03 1.203900000000000091e+03 1.197950000000000045e+03 1.213500000000000000e+03 1.214900000000000091e+03 1.225049999999999955e+03 1.224400000000000091e+03 1.228900000000000091e+03 1.231700000000000045e+03 1.227700000000000045e+03 8.000000000000000000e+00
4.752000000000000000e+03 1.213500000000000000e+03 1.214900000000000091e+03 1.225049999999999955e+03 1.224400000000000091e+03 1.228900000000000091e+03 1.231700000000000045e+03 1.227700000000000045e+03 1.225900000000000091e+03 1.230200000000000045e+03 1.239450000000000045e+03 1.237200000000000045e+03 8.000000000000000000e+00
4.873000000000000000e+03 1.329250000000000000e+03 1.340269999999999982e+03 1.355180000000000064e+03 1.348450000000000045e+03 1.349950000000000045e+03 1.363250000000000000e+03 1.361750000000000000e+03 1.356880000000000109e+03 1.361700000000000045e+03 1.374349999999999909e+03 1.374690000000000055e+03 8.000000000000000000e+00
4.874000000000000000e+03 1.340269999999999982e+03 1.355180000000000064e+03 1.348450000000000045e+03 1.349950000000000045e+03 1.363250000000000000e+03 1.361750000000000000e+03 1.356880000000000109e+03 1.361700000000000045e+03 1.374349999999999909e+03 1.374690000000000055e+03 1.384799999999999955e+03 8.000000000000000000e+00
4.875000000000000000e+03 1.355180000000000064e+03 1.348450000000000045e+03 1.349950000000000045e+03 1.363250000000000000e+03 1.361750000000000000e+03 1.356880000000000109e+03 1.361700000000000045e+03 1.374349999999999909e+03 1.374690000000000055e+03 1.384799999999999955e+03 1.385700000000000045e+03 8.000000000000000000e+00
4.876000000000000000e+03 1.348450000000000045e+03 1.349950000000000045e+03 1.363250000000000000e+03 1.361750000000000000e+03 1.356880000000000109e+03 1.361700000000000045e+03 1.374349999999999909e+03 1.374690000000000055e+03 1.384799999999999955e+03 1.385700000000000045e+03 1.405950000000000045e+03 8.000000000000000000e+00
4.877000000000000000e+03 1.349950000000000045e+03 1.363250000000000000e+03 1.361750000000000000e+03 1.356880000000000109e+03 1.361700000000000045e+03 1.374349999999999909e+03 1.374690000000000055e+03 1.384799999999999955e+03 1.385700000000000045e+03 1.405950000000000045e+03 1.397900000000000091e+03 8.000000000000000000e+00
4.878000000000000000e+03 1.363250000000000000e+03 1.361750000000000000e+03 1.356880000000000109e+03 1.361700000000000045e+03 1.374349999999999909e+03 1.374690000000000055e+03 1.384799999999999955e+03 1.385700000000000045e+03 1.405950000000000045e+03 1.397900000000000091e+03 1.396750000000000000e+03 8.000000000000000000e+00
4.879000000000000000e+03 1.361750000000000000e+03 1.356880000000000109e+03 1.361700000000000045e+03 1.374349999999999909e+03 1.374690000000000055e+03 1.384799999999999955e+03 1.385700000000000045e+03 1.405950000000000045e+03 1.397900000000000091e+03 1.396750000000000000e+03 1.409019999999999982e+03 8.000000000000000000e+00
4.972000000000000000e+03 1.502440000000000055e+03 1.496339999999999918e+03 1.501089999999999918e+03 1.510049999999999955e+03 1.500000000000000000e+03 1.486700000000000045e+03 1.496009999999999991e+03 1.516160000000000082e+03 1.528640000000000100e+03 1.532089999999999918e+03 1.544160000000000082e+03 8.000000000000000000e+00
5.046000000000000000e+03 1.648299999999999955e+03 1.637750000000000000e+03 1.675690000000000055e+03 1.664400000000000091e+03 1.676549999999999955e+03 1.666890000000000100e+03 1.680000000000000000e+03 1.671099999999999909e+03 1.659279999999999973e+03 1.641490000000000009e+03 1.620869999999999891e+03 8.000000000000000000e+00
5.051000000000000000e+03 1.666890000000000100e+03 1.680000000000000000e+03 1.671099999999999909e+03 1.659279999999999973e+03 1.641490000000000009e+03 1.620869999999999891e+03 1.640130000000000109e+03 1.652809999999999945e+03 1.702099999999999909e+03 1.721509999999999991e+03 1.744380000000000109e+03 8.000000000000000000e+00
5.052000000000000000e+03 1.680000000000000000e+03 1.671099999999999909e+03 1.659279999999999973e+03 1.641490000000000009e+03 1.620869999999999891e+03 1.640130000000000109e+03 1.652809999999999945e+03 1.702099999999999909e+03 1.721509999999999991e+03 1.744380000000000109e+03 1.743190000000000055e+03 8.000000000000000000e+00
5.053000000000000000e+03 1.671099999999999909e+03 1.659279999999999973e+03 1.641490000000000009e+03 1.620869999999999891e+03 1.640130000000000109e+03 1.652809999999999945e+03 1.702099999999999909e+03 1.721509999999999991e+03 1.744380000000000109e+03 1.743190000000000055e+03 1.715589999999999918e+03 8.000000000000000000e+00
5.056000000000000000e+03 1.620869999999999891e+03 1.640130000000000109e+03 1.652809999999999945e+03 1.702099999999999909e+03 1.721509999999999991e+03 1.744380000000000109e+03 1.743190000000000055e+03 1.715589999999999918e+03 1.719099999999999909e+03 1.736549999999999955e+03 1.762690000000000055e+03 8.000000000000000000e+00
5.057000000000000000e+03 1.640130000000000109e+03 1.652809999999999945e+03 1.702099999999999909e+03 1.721509999999999991e+03 1.744380000000000109e+03 1.743190000000000055e+03 1.715589999999999918e+03 1.719099999999999909e+03 1.736549999999999955e+03 1.762690000000000055e+03 1.754289999999999964e+03 8.000000000000000000e+00
5.058000000000000000e+03 1.652809999999999945e+03 1.702099999999999909e+03 1.721509999999999991e+03 1.744380000000000109e+03 1.743190000000000055e+03 1.715589999999999918e+03 1.719099999999999909e+03 1.736549999999999955e+03 1.762690000000000055e+03 1.754289999999999964e+03 1.794500000000000000e+03 8.000000000000000000e+00
5.059000000000000000e+03 1.702099999999999909e+03 1.721509999999999991e+03 1.744380000000000109e+03 1.743190000000000055e+03 1.715589999999999918e+03 1.719099999999999909e+03 1.736549999999999955e+03 1.762690000000000055e+03 1.754289999999999964e+03 1.794500000000000000e+03 1.784480000000000018e+03 8.000000000000000000e+00
5.060000000000000000e+03 1.721509999999999991e+03 1.744380000000000109e+03 1.743190000000000055e+03 1.715589999999999918e+03 1.719099999999999909e+03 1.736549999999999955e+03 1.762690000000000055e+03 1.754289999999999964e+03 1.794500000000000000e+03 1.784480000000000018e+03 1.765670000000000073e+03 8.000000000000000000e+00
5.064000000000000000e+03 1.719099999999999909e+03 1.736549999999999955e+03 1.762690000000000055e+03 1.754289999999999964e+03 1.794500000000000000e+03 1.784480000000000018e+03 1.765670000000000073e+03 1.759480000000000018e+03 1.787289999999999964e+03 1.781579999999999927e+03 1.783470000000000027e+03 8.000000000000000000e+00
5.065000000000000000e+03 1.736549999999999955e+03 1.762690000000000055e+03 1.754289999999999964e+03 1.794500000000000000e+03 1.784480000000000018e+03 1.765670000000000073e+03 1.759480000000000018e+03 1.787289999999999964e+03 1.781579999999999927e+03 1.783470000000000027e+03 1.765450000000000045e+03 8.000000000000000000e+00
5.115000000000000000e+03 1.637180000000000064e+03 1.642970000000000027e+03 1.651140000000000100e+03 1.658779999999999973e+03 1.654960000000000036e+03 1.664539999999999964e+03 1.676750000000000000e+03 1.665359999999999900e+03 1.711619999999999891e+03 1.721920000000000073e+03 1.736380000000000109e+03 8.000000000000000000e+00
5.116000000000000000e+03 1.642970000000000027e+03 1.651140000000000100e+03 1.658779999999999973e+03 1.654960000000000036e+03 1.664539999999999964e+03 1.676750000000000000e+03 1.665359999999999900e+03 1.711619999999999891e+03 1.721920000000000073e+03 1.736380000000000109e+03 1.730079999999999927e+03 8.000000000000000000e+00
5.117000000000000000e+03 1.651140000000000100e+03 1.658779999999999973e+03 1.654960000000000036e+03 1.664539999999999964e+03 1.676750000000000000e+03 1.665359999999999900e+03 1.711619999999999891e+03 1.721920000000000073e+03 1.736380000000000109e+03 1.730079999999999927e+03 1.737630000000000109e+03 8.000000000000000000e+00
5.118000000000000000e+03 1.658779999999999973e+03 1.654960000000000036e+03 1.664539999999999964e+03 1.676750000000000000e+03 1.665359999999999900e+03 1.711619999999999891e+03 1.721920000000000073e+03 1.736380000000000109e+03 1.730079999999999927e+03 1.737630000000000109e+03 1.744309999999999945e+03 8.000000000000000000e+00
5.119000000000000000e+03 1.654960000000000036e+03 1.664539999999999964e+03 1.676750000000000000e+03 1.665359999999999900e+03 1.711619999999999891e+03 1.721920000000000073e+03 1.736380000000000109e+03 1.730079999999999927e+03 1.737630000000000109e+03 1.744309999999999945e+03 1.759430000000000064e+03 8.000000000000000000e+00
5.120000000000000000e+03 1.664539999999999964e+03 1.676750000000000000e+03 1.665359999999999900e+03 1.711619999999999891e+03 1.721920000000000073e+03 1.736380000000000109e+03 1.730079999999999927e+03 1.737630000000000109e+03 1.744309999999999945e+03 1.759430000000000064e+03 1.727410000000000082e+03 8.000000000000000000e+00
5.169000000000000000e+03 1.661359999999999900e+03 1.667859999999999900e+03 1.620579999999999927e+03 1.630259999999999991e+03 1.640170000000000073e+03 1.641200000000000045e+03 1.658990000000000009e+03 1.654299999999999955e+03 1.675440000000000055e+03 1.656940000000000055e+03 1.651460000000000036e+03 8.000000000000000000e+00
5.170000000000000000e+03 1.667859999999999900e+03 1.620579999999999927e+03 1.630259999999999991e+03 1.640170000000000073e+03 1.641200000000000045e+03 1.658990000000000009e+03 1.654299999999999955e+03 1.675440000000000055e+03 1.656940000000000055e+03 1.651460000000000036e+03 1.650029999999999973e+03 8.000000000000000000e+00
5.172000000000000000e+03 1.630259999999999991e+03 1.640170000000000073e+03 1.641200000000000045e+03 1.658990000000000009e+03 1.654299999999999955e+03 1.675440000000000055e+03 1.656940000000000055e+03 1.651460000000000036e+03 1.650029999999999973e+03 1.640799999999999955e+03 1.642529999999999973e+03 8.000000000000000000e+00
5.173000000000000000e+03 1.640170000000000073e+03 1.641200000000000045e+03 1.658990000000000009e+03 1.654299999999999955e+03 1.675440000000000055e+03 1.656940000000000055e+03 1.651460000000000036e+03 1.650029999999999973e+03 1.640799999999999955e+03 1.642529999999999973e+03 1.642220000000000027e+03 8.000000000000000000e+00
5.179000000000000000e+03 1.651460000000000036e+03 1.650029999999999973e+03 1.640799999999999955e+03 1.642529999999999973e+03 1.642220000000000027e+03 1.638819999999999936e+03 1.641619999999999891e+03 1.644750000000000000e+03 1.656849999999999909e+03 1.662170000000000073e+03 1.665019999999999982e+03 8.000000000000000000e+00
5.180000000000000000e+03 1.650029999999999973e+03 1.640799999999999955e+03 1.642529999999999973e+03 1.642220000000000027e+03 1.638819999999999936e+03 1.641619999999999891e+03 1.644750000000000000e+03 1.656849999999999909e+03 1.662170000000000073e+03 1.665019999999999982e+03 1.662109999999999900e+03 8.000000000000000000e+00
5.181000000000000000e+03 1.640799999999999955e+03 1.642529999999999973e+03 1.642220000000000027e+03 1.638819999999999936e+03 1.641619999999999891e+03 1.644750000000000000e+03 1.656849999999999909e+03 1.662170000000000073e+03 1.665019999999999982e+03 1.662109999999999900e+03 1.654150000000000091e+03 8.000000000000000000e+00
5.182000000000000000e+03 1.642529999999999973e+03 1.642220000000000027e+03 1.638819999999999936e+03 1.641619999999999891e+03 1.644750000000000000e+03 1.656849999999999909e+03 1.662170000000000073e+03 1.665019999999999982e+03 1.662109999999999900e+03 1.654150000000000091e+03 1.636089999999999918e+03 8.000000000000000000e+00
5.325000000000000000e+03 1.715140000000000100e+03 1.718799999999999955e+03 1.733150000000000091e+03 1.733789999999999964e+03 1.727640000000000100e+03 1.725039999999999964e+03 1.726769999999999982e+03 1.712980000000000018e+03 1.713119999999999891e+03 1.730910000000000082e+03 1.726920000000000073e+03 8.000000000000000000e+00
5.566000000000000000e+03 1.271769999999999982e+03 1.280630000000000109e+03 1.281759999999999991e+03 1.320029999999999973e+03 1.315730000000000018e+03 1.315880000000000109e+03 1.340029999999999973e+03 1.333130000000000109e+03 1.346460000000000036e+03 1.351279999999999973e+03 1.352880000000000109e+03 8.000000000000000000e+00
5.567000000000000000e+03 1.280630000000000109e+03 1.281759999999999991e+03 1.320029999999999973e+03 1.315730000000000018e+03 1.315880000000000109e+03 1.340029999999999973e+03 1.333130000000000109e+03 1.346460000000000036e+03 1.351279999999999973e+03 1.352880000000000109e+03 1.345079999999999927e+03 8.000000000000000000e+00
5.568000000000000000e+03 1.281759999999999991e+03 1.320029999999999973e+03 1.315730000000000018e+03 1.315880000000000109e+03 1.340029999999999973e+03 1.333130000000000109e+03 1.346460000000000036e+03 1.351279999999999973e+03 1.352880000000000109e+03 1.345079999999999927e+03 1.344380000000000109e+03 8.000000000000000000e+00
5.569000000000000000e+03 1.320029999999999973e+03 1.315730000000000018e+03 1.315880000000000109e+03 1.340029999999999973e+03 1.333130000000000109e+03 1.346460000000000036e+03 1.351279999999999973e+03 1.352880000000000109e+03 1.345079999999999927e+03 1.344380000000000109e+03 1.323539999999999964e+03 8.000000000000000000e+00
5.705000000000000000e+03 1.284569999999999936e+03 1.298599999999999909e+03 1.309769999999999982e+03 1.308460000000000036e+03 1.289690000000000055e+03 1.288160000000000082e+03 1.288599999999999909e+03 1.295750000000000000e+03 1.293299999999999955e+03 1.305740000000000009e+03 1.296319999999999936e+03 8.000000000000000000e+00
5.706000000000000000e+03 1.298599999999999909e+03 1.309769999999999982e+03 1.308460000000000036e+03 1.289690000000000055e+03 1.288160000000000082e+03 1.288599999999999909e+03 1.295750000000000000e+03 1.293299999999999955e+03 1.305740000000000009e+03 1.296319999999999936e+03 1.292690000000000055e+03 8.000000000000000000e+00
5.710000000000000000e+03 1.288160000000000082e+03 1.288599999999999909e+03 1.295750000000000000e+03 1.293299999999999955e+03 1.305740000000000009e+03 1.296319999999999936e+03 1.292690000000000055e+03 1.292789999999999964e+03 1.294130000000000109e+03 1.291759999999999991e+03 1.293490000000000009e+03 8.000000000000000000e+00
5.931000000000000000e+03 1.192349999999999909e+03 1.194970000000000027e+03 1.203420000000000073e+03 1.186089999999999918e+03 1.183200000000000045e+03 1.203789999999999964e+03 1.202039999999999964e+03 1.214799999999999955e+03 1.208769999999999982e+03 1.202940000000000055e+03 1.194210000000000036e+03 8.000000000000000000e+00
5.944000000000000000e+03 1.202839999999999918e+03 1.198609999999999900e+03 1.204099999999999909e+03 1.196660000000000082e+03 1.202470000000000027e+03 1.188170000000000073e+03 1.194329999999999927e+03 1.178970000000000027e+03 1.201730000000000018e+03 1.211980000000000018e+03 1.204789999999999964e+03 8.000000000000000000e+00
5.945000000000000000e+03 1.198609999999999900e+03 1.204099999999999909e+03 1.196660000000000082e+03 1.202470000000000027e+03 1.188170000000000073e+03 1.194329999999999927e+03 1.178970000000000027e+03 1.201730000000000018e+03 1.211980000000000018e+03 1.204789999999999964e+03 1.184569999999999936e+03 8.000000000000000000e+00
5.948000000000000000e+03 1.202470000000000027e+03 1.188170000000000073e+03 1.194329999999999927e+03 1.178970000000000027e+03 1.201730000000000018e+03 1.211980000000000018e+03 1.204789999999999964e+03 1.184569999999999936e+03 1.178019999999999982e+03 1.193519999999999982e+03 1.192269999999999982e+03 8.000000000000000000e+00
5.950000000000000000e+03 1.194329999999999927e+03 1.178970000000000027e+03 1.201730000000000018e+03 1.211980000000000018e+03 1.204789999999999964e+03 1.184569999999999936e+03 1.178019999999999982e+03 1.193519999999999982e+03 1.192269999999999982e+03 1.184289999999999964e+03 1.187519999999999982e+03 8.000000000000000000e+00
6.286000000000000000e+03 1.321319999999999936e+03 1.323259999999999991e+03 1.311250000000000000e+03 1.309019999999999982e+03 1.313700000000000045e+03 1.325140000000000100e+03 1.327700000000000045e+03 1.350029999999999973e+03 1.344849999999999909e+03 1.337779999999999973e+03 1.328140000000000100e+03 8.000000000000000000e+00
6.287000000000000000e+03 1.323259999999999991e+03 1.311250000000000000e+03 1.309019999999999982e+03 1.313700000000000045e+03 1.325140000000000100e+03 1.327700000000000045e+03 1.350029999999999973e+03 1.344849999999999909e+03 1.337779999999999973e+03 1.328140000000000100e+03 1.327710000000000036e+03 8.000000000000000000e+00
6.288000000000000000e+03 1.311250000000000000e+03 1.309019999999999982e+03 1.313700000000000045e+03 1.325140000000000100e+03 1.327700000000000045e+03 1.350029999999999973e+03 1.344849999999999909e+03 1.337779999999999973e+03 1.328140000000000100e+03 1.327710000000000036e+03 1.318579999999999927e+03 8.000000000000000000e+00
6.289000000000000000e+03 1.309019999999999982e+03 1.313700000000000045e+03 1.325140000000000100e+03 1.327700000000000045e+03 1.350029999999999973e+03 1.344849999999999909e+03 1.337779999999999973e+03 1.328140000000000100e+03 1.327710000000000036e+03 1.318579999999999927e+03 1.322740000000000009e+03 8.000000000000000000e+00
6.290000000000000000e+03 1.313700000000000045e+03 1.325140000000000100e+03 1.327700000000000045e+03 1.350029999999999973e+03 1.344849999999999909e+03 1.337779999999999973e+03 1.328140000000000100e+03 1.327710000000000036e+03 1.318579999999999927e+03 1.322740000000000009e+03 1.314319999999999936e+03 8.000000000000000000e+00
6.291000000000000000e+03 1.325140000000000100e+03 1.327700000000000045e+03 1.350029999999999973e+03 1.344849999999999909e+03 1.337779999999999973e+03 1.328140000000000100e+03 1.327710000000000036e+03 1.318579999999999927e+03 1.322740000000000009e+03 1.314319999999999936e+03 1.310079999999999927e+03 8.000000000000000000e+00
6.292000000000000000e+03 1.327700000000000045e+03 1.350029999999999973e+03 1.344849999999999909e+03 1.337779999999999973e+03 1.328140000000000100e+03 1.327710000000000036e+03 1.318579999999999927e+03 1.322740000000000009e+03 1.314319999999999936e+03 1.310079999999999927e+03 1.313490000000000009e+03 8.000000000000000000e+00
6.293000000000000000e+03 1.350029999999999973e+03 1.344849999999999909e+03 1.337779999999999973e+03 1.328140000000000100e+03 1.327710000000000036e+03 1.318579999999999927e+03 1.322740000000000009e+03 1.314319999999999936e+03 1.310079999999999927e+03 1.313490000000000009e+03 1.314980000000000018e+03 8.000000000000000000e+00
6.490000000000000000e+03 1.253900000000000091e+03 1.243750000000000000e+03 1.243210000000000036e+03 1.246589999999999918e+03 1.250509999999999991e+03 1.256829999999999927e+03 1.244480000000000018e+03 1.247200000000000045e+03 1.249109999999999900e+03 1.245339999999999918e+03 1.241609999999999900e+03 8.000000000000000000e+00
6.491000000000000000e+03 1.243750000000000000e+03 1.243210000000000036e+03 1.246589999999999918e+03 1.250509999999999991e+03 1.256829999999999927e+03 1.244480000000000018e+03 1.247200000000000045e+03 1.249109999999999900e+03 1.245339999999999918e+03 1.241609999999999900e+03 1.220380000000000109e+03 8.000000000000000000e+00
6.492000000000000000e+03 1.243210000000000036e+03 1.246589999999999918e+03 1.250509999999999991e+03 1.256829999999999927e+03 1.244480000000000018e+03 1.247200000000000045e+03 1.249109999999999900e+03 1.245339999999999918e+03 1.241609999999999900e+03 1.220380000000000109e+03 1.224190000000000055e+03 8.000000000000000000e+00
6.493000000000000000e+03 1.246589999999999918e+03 1.250509999999999991e+03 1.256829999999999927e+03 1.244480000000000018e+03 1.247200000000000045e+03 1.249109999999999900e+03 1.245339999999999918e+03 1.241609999999999900e+03 1.220380000000000109e+03 1.224190000000000055e+03 1.226980000000000018e+03 8.000000000000000000e+00
6.494000000000000000e+03 1.250509999999999991e+03 1.256829999999999927e+03 1.244480000000000018e+03 1.247200000000000045e+03 1.249109999999999900e+03 1.245339999999999918e+03 1.241609999999999900e+03 1.220380000000000109e+03 1.224190000000000055e+03 1.226980000000000018e+03 1.225200000000000045e+03 8.000000000000000000e+00
6.495000000000000000e+03 1.256829999999999927e+03 1.244480000000000018e+03 1.247200000000000045e+03 1.249109999999999900e+03 1.245339999999999918e+03 1.241609999999999900e+03 1.220380000000000109e+03 1.224190000000000055e+03 1.226980000000000018e+03 1.225200000000000045e+03 1.213059999999999945e+03 8.000000000000000000e+00
6.497000000000000000e+03 1.247200000000000045e+03 1.249109999999999900e+03 1.245339999999999918e+03 1.241609999999999900e+03 1.220380000000000109e+03 1.224190000000000055e+03 1.226980000000000018e+03 1.225200000000000045e+03 1.213059999999999945e+03 1.214259999999999991e+03 1.217420000000000073e+03 8.000000000000000000e+00
6.511000000000000000e+03 1.234140000000000100e+03 1.242470000000000027e+03 1.241240000000000009e+03 1.244579999999999927e+03 1.255029999999999973e+03 1.255319999999999936e+03 1.250009999999999991e+03 1.260970000000000027e+03 1.259250000000000000e+03 1.269609999999999900e+03 1.269519999999999982e+03 8.000000000000000000e+00
6.512000000000000000e+03 1.242470000000000027e+03 1.241240000000000009e+03 1.244579999999999927e+03 1.255029999999999973e+03 1.255319999999999936e+03 1.250009999999999991e+03 1.260970000000000027e+03 1.259250000000000000e+03 1.269609999999999900e+03 1.269519999999999982e+03 1.268920000000000073e+03 8.000000000000000000e+00
6.515000000000000000e+03 1.255029999999999973e+03 1.255319999999999936e+03 1.250009999999999991e+03 1.260970000000000027e+03 1.259250000000000000e+03 1.269609999999999900e+03 1.269519999999999982e+03 1.268920000000000073e+03 1.266650000000000091e+03 1.268589999999999918e+03 1.258769999999999982e+03 8.000000000000000000e+00
6.596000000000000000e+03 1.277539999999999964e+03 1.280529999999999973e+03 1.278609999999999900e+03 1.278269999999999982e+03 1.293829999999999927e+03 1.276900000000000091e+03 1.280240000000000009e+03 1.291849999999999909e+03 1.290599999999999909e+03 1.287750000000000000e+03 1.294299999999999955e+03 8.000000000000000000e+00
6.597000000000000000e+03 1.280529999999999973e+03 1.278609999999999900e+03 1.278269999999999982e+03 1.293829999999999927e+03 1.276900000000000091e+03 1.280240000000000009e+03 1.291849999999999909e+03 1.290599999999999909e+03 1.287750000000000000e+03 1.294299999999999955e+03 1.293200000000000045e+03 8.000000000000000000e+00
6.598000000000000000e+03 1.278609999999999900e+03 1.278269999999999982e+03 1.293829999999999927e+03 1.276900000000000091e+03 1.280240000000000009e+03 1.291849999999999909e+03 1.290599999999999909e+03 1.287750000000000000e+03 1.294299999999999955e+03 1.293200000000000045e+03 1.283500000000000000e+03 8.000000000000000000e+00
6.679000000000000000e+03 1.322960000000000036e+03 1.326369999999999891e+03 1.324900000000000091e+03 1.315990000000000009e+03 1.313359999999999900e+03 1.316859999999999900e+03 1.311079999999999927e+03 1.331900000000000091e+03 1.328890000000000100e+03 1.347000000000000000e+03 1.353349999999999909e+03 8.000000000000000000e+00
6.680000000000000000e+03 1.326369999999999891e+03 1.324900000000000091e+03 1.315990000000000009e+03 1.313359999999999900e+03 1.316859999999999900e+03 1.311079999999999927e+03 1.331900000000000091e+03 1.328890000000000100e+03 1.347000000000000000e+03 1.353349999999999909e+03 1.344740000000000009e+03 8.000000000000000000e+00
6.681000000000000000e+03 1.324900000000000091e+03 1.315990000000000009e+03 1.313359999999999900e+03 1.316859999999999900e+03 1.311079999999999927e+03 1.331900000000000091e+03 1.328890000000000100e+03 1.347000000000000000e+03 1.353349999999999909e+03 1.344740000000000009e+03 1.324769999999999982e+03 8.000000000000000000e+00
6.684000000000000000e+03 1.316859999999999900e+03 1.311079999999999927e+03 1.331900000000000091e+03 1.328890000000000100e+03 1.347000000000000000e+03 1.353349999999999909e+03 1.344740000000000009e+03 1.324769999999999982e+03 1.325059999999999945e+03 1.325029999999999973e+03 1.341319999999999936e+03 8.000000000000000000e+00
6.685000000000000000e+03 1.311079999999999927e+03 1.331900000000000091e+03 1.328890000000000100e+03 1.347000000000000000e+03 1.353349999999999909e+03 1.344740000000000009e+03 1.324769999999999982e+03 1.325059999999999945e+03 1.325029999999999973e+03 1.341319999999999936e+03 1.332579999999999927e+03 8.000000000000000000e+00
6.686000000000000000e+03 1.331900000000000091e+03 1.328890000000000100e+03 1.347000000000000000e+03 1.353349999999999909e+03 1.344740000000000009e+03 1.324769999999999982e+03 1.325059999999999945e+03 1.325029999999999973e+03 1.341319999999999936e+03 1.332579999999999927e+03 1.333119999999999891e+03 8.000000000000000000e+00
6.687000000000000000e+03 1.328890000000000100e+03 1.347000000000000000e+03 1.353349999999999909e+03 1.344740000000000009e+03 1.324769999999999982e+03 1.325059999999999945e+03 1.325029999999999973e+03 1.341319999999999936e+03 1.332579999999999927e+03 1.333119999999999891e+03 1.326349999999999909e+03 8.000000000000000000e+00
6.688000000000000000e+03 1.347000000000000000e+03 1.353349999999999909e+03 1.344740000000000009e+03 1.324769999999999982e+03 1.325059999999999945e+03 1.325029999999999973e+03 1.341319999999999936e+03 1.332579999999999927e+03 1.333119999999999891e+03 1.326349999999999909e+03 1.333009999999999991e+03 8.000000000000000000e+00
