1.000000000000000000e+02 3.491000000000000227e+02 3.491000000000000227e+02 3.478500000000000227e+02 3.485000000000000000e+02 3.483000000000000114e+02 3.481000000000000227e+02 3.483000000000000114e+02 3.505000000000000000e+02 3.501499999999999773e+02 3.506000000000000227e+02 3.497500000000000000e+02 9.000000000000000000e+00
1.010000000000000000e+02 3.491000000000000227e+02 3.478500000000000227e+02 3.485000000000000000e+02 3.483000000000000114e+02 3.481000000000000227e+02 3.483000000000000114e+02 3.505000000000000000e+02 3.501499999999999773e+02 3.506000000000000227e+02 3.497500000000000000e+02 3.503000000000000114e+02 9.000000000000000000e+00
1.020000000000000000e+02 3.478500000000000227e+02 3.485000000000000000e+02 3.483000000000000114e+02 3.481000000000000227e+02 3.483000000000000114e+02 3.505000000000000000e+02 3.501499999999999773e+02 3.506000000000000227e+02 3.497500000000000000e+02 3.503000000000000114e+02 3.456499999999999773e+02 9.000000000000000000e+00
4.690000000000000000e+02 3.762500000000000000e+02 3.783000000000000114e+02 3.812500000000000000e+02 3.782500000000000000e+02 3.776000000000000227e+02 3.773500000000000227e+02 3.766999999999999886e+02 3.758999999999999773e+02 3.765000000000000000e+02 3.788999999999999773e+02 3.863500000000000227e+02 9.000000000000000000e+00
5.260000000000000000e+02 3.823999999999999773e+02 3.810000000000000000e+02 3.815000000000000000e+02 3.811999999999999886e+02 3.854499999999999886e+02 3.888000000000000114e+02 3.868500000000000227e+02 3.865000000000000000e+02 3.841999999999999886e+02 3.845000000000000000e+02 3.850000000000000000e+02 9.000000000000000000e+00
5.300000000000000000e+02 3.854499999999999886e+02 3.888000000000000114e+02 3.868500000000000227e+02 3.865000000000000000e+02 3.841999999999999886e+02 3.845000000000000000e+02 3.850000000000000000e+02 3.866000000000000227e+02 3.833999999999999773e+02 3.838000000000000114e+02 3.805000000000000000e+02 9.000000000000000000e+00
5.310000000000000000e+02 3.888000000000000114e+02 3.868500000000000227e+02 3.865000000000000000e+02 3.841999999999999886e+02 3.845000000000000000e+02 3.850000000000000000e+02 3.866000000000000227e+02 3.833999999999999773e+02 3.838000000000000114e+02 3.805000000000000000e+02 3.803000000000000114e+02 9.000000000000000000e+00
5.320000000000000000e+02 3.868500000000000227e+02 3.865000000000000000e+02 3.841999999999999886e+02 3.845000000000000000e+02 3.850000000000000000e+02 3.866000000000000227e+02 3.833999999999999773e+02 3.838000000000000114e+02 3.805000000000000000e+02 3.803000000000000114e+02 3.811000000000000227e+02 9.000000000000000000e+00
5.330000000000000000e+02 3.865000000000000000e+02 3.841999999999999886e+02 3.845000000000000000e+02 3.850000000000000000e+02 3.866000000000000227e+02 3.833999999999999773e+02 3.838000000000000114e+02 3.805000000000000000e+02 3.803000000000000114e+02 3.811000000000000227e+02 3.820000000000000000e+02 9.000000000000000000e+00
5.340000000000000000e+02 3.841999999999999886e+02 3.845000000000000000e+02 3.850000000000000000e+02 3.866000000000000227e+02 3.833999999999999773e+02 3.838000000000000114e+02 3.805000000000000000e+02 3.803000000000000114e+02 3.811000000000000227e+02 3.820000000000000000e+02 3.828500000000000227e+02 9.000000000000000000e+00
5.910000000000000000e+02 3.773999999999999773e+02 3.772500000000000000e+02 3.771999999999999886e+02 3.811499999999999773e+02 3.818999999999999773e+02 3.815000000000000000e+02 3.816000000000000227e+02 3.838000000000000114e+02 3.832500000000000000e+02 3.833000000000000114e+02 3.865500000000000114e+02 9.000000000000000000e+00
5.970000000000000000e+02 3.816000000000000227e+02 3.838000000000000114e+02 3.832500000000000000e+02 3.833000000000000114e+02 3.865500000000000114e+02 3.861000000000000227e+02 3.860000000000000000e+02 3.868000000000000114e+02 3.868999999999999773e+02 3.869499999999999886e+02 3.877500000000000000e+02 9.000000000000000000e+00
6.630000000000000000e+02 3.844499999999999886e+02 3.843500000000000227e+02 3.848000000000000114e+02 3.831000000000000227e+02 3.829499999999999886e+02 3.810500000000000114e+02 3.793999999999999773e+02 3.765500000000000114e+02 3.758500000000000227e+02 3.763500000000000227e+02 3.765000000000000000e+02 9.000000000000000000e+00
6.650000000000000000e+02 3.848000000000000114e+02 3.831000000000000227e+02 3.829499999999999886e+02 3.810500000000000114e+02 3.793999999999999773e+02 3.765500000000000114e+02 3.758500000000000227e+02 3.763500000000000227e+02 3.765000000000000000e+02 3.771000000000000227e+02 3.771000000000000227e+02 9.000000000000000000e+00
7.960000000000000000e+02 3.867500000000000000e+02 3.840000000000000000e+02 3.838500000000000227e+02 3.841999999999999886e+02 3.833000000000000114e+02 3.841000000000000227e+02 3.843000000000000114e+02 3.858500000000000227e+02 3.862500000000000000e+02 3.876999999999999886e+02 3.870000000000000000e+02 9.000000000000000000e+00
7.990000000000000000e+02 3.841999999999999886e+02 3.833000000000000114e+02 3.841000000000000227e+02 3.843000000000000114e+02 3.858500000000000227e+02 3.862500000000000000e+02 3.876999999999999886e+02 3.870000000000000000e+02 3.861999999999999886e+02 3.876499999999999773e+02 3.906999999999999886e+02 9.000000000000000000e+00
8.130000000000000000e+02 3.901000000000000227e+02 3.896000000000000227e+02 3.896499999999999773e+02 3.892500000000000000e+02 3.890500000000000114e+02 3.868500000000000227e+02 3.878000000000000114e+02 3.841499999999999773e+02 3.845000000000000000e+02 3.843999999999999773e+02 3.838000000000000114e+02 9.000000000000000000e+00
8.150000000000000000e+02 3.896499999999999773e+02 3.892500000000000000e+02 3.890500000000000114e+02 3.868500000000000227e+02 3.878000000000000114e+02 3.841499999999999773e+02 3.845000000000000000e+02 3.843999999999999773e+02 3.838000000000000114e+02 3.843000000000000114e+02 3.854499999999999886e+02 9.000000000000000000e+00
8.180000000000000000e+02 3.868500000000000227e+02 3.878000000000000114e+02 3.841499999999999773e+02 3.845000000000000000e+02 3.843999999999999773e+02 3.838000000000000114e+02 3.843000000000000114e+02 3.854499999999999886e+02 3.855000000000000000e+02 3.856000000000000227e+02 3.885000000000000000e+02 9.000000000000000000e+00
8.190000000000000000e+02 3.878000000000000114e+02 3.841499999999999773e+02 3.845000000000000000e+02 3.843999999999999773e+02 3.838000000000000114e+02 3.843000000000000114e+02 3.854499999999999886e+02 3.855000000000000000e+02 3.856000000000000227e+02 3.885000000000000000e+02 3.881999999999999886e+02 9.000000000000000000e+00
8.710000000000000000e+02 3.823500000000000227e+02 3.846999999999999886e+02 3.841000000000000227e+02 3.851000000000000227e+02 3.848999999999999773e+02 3.855000000000000000e+02 3.850000000000000000e+02 3.838500000000000227e+02 3.839499999999999886e+02 3.825000000000000000e+02 3.827500000000000000e+02 9.000000000000000000e+00
1.011000000000000000e+03 4.000000000000000000e+02 3.998999999999999773e+02 3.962500000000000000e+02 3.951999999999999886e+02 3.946999999999999886e+02 3.936999999999999886e+02 3.938999999999999773e+02 3.945000000000000000e+02 3.945000000000000000e+02 3.976000000000000227e+02 3.943000000000000114e+02 9.000000000000000000e+00
1.014000000000000000e+03 3.951999999999999886e+02 3.946999999999999886e+02 3.936999999999999886e+02 3.938999999999999773e+02 3.945000000000000000e+02 3.945000000000000000e+02 3.976000000000000227e+02 3.943000000000000114e+02 3.950000000000000000e+02 3.951999999999999886e+02 3.943000000000000114e+02 9.000000000000000000e+00
1.017000000000000000e+03 3.938999999999999773e+02 3.945000000000000000e+02 3.945000000000000000e+02 3.976000000000000227e+02 3.943000000000000114e+02 3.950000000000000000e+02 3.951999999999999886e+02 3.943000000000000114e+02 3.931000000000000227e+02 3.911999999999999886e+02 3.908999999999999773e+02 9.000000000000000000e+00
1.018000000000000000e+03 3.945000000000000000e+02 3.945000000000000000e+02 3.976000000000000227e+02 3.943000000000000114e+02 3.950000000000000000e+02 3.951999999999999886e+02 3.943000000000000114e+02 3.931000000000000227e+02 3.911999999999999886e+02 3.908999999999999773e+02 3.901999999999999886e+02 9.000000000000000000e+00
1.019000000000000000e+03 3.945000000000000000e+02 3.976000000000000227e+02 3.943000000000000114e+02 3.950000000000000000e+02 3.951999999999999886e+02 3.943000000000000114e+02 3.931000000000000227e+02 3.911999999999999886e+02 3.908999999999999773e+02 3.901999999999999886e+02 3.903500000000000227e+02 9.000000000000000000e+00
1.020000000000000000e+03 3.976000000000000227e+02 3.943000000000000114e+02 3.950000000000000000e+02 3.951999999999999886e+02 3.943000000000000114e+02 3.931000000000000227e+02 3.911999999999999886e+02 3.908999999999999773e+02 3.901999999999999886e+02 3.903500000000000227e+02 3.913999999999999773e+02 9.000000000000000000e+00
1.022000000000000000e+03 3.950000000000000000e+02 3.951999999999999886e+02 3.943000000000000114e+02 3.931000000000000227e+02 3.911999999999999886e+02 3.908999999999999773e+02 3.901999999999999886e+02 3.903500000000000227e+02 3.913999999999999773e+02 3.911000000000000227e+02 3.905000000000000000e+02 9.000000000000000000e+00
1.024000000000000000e+03 3.943000000000000114e+02 3.931000000000000227e+02 3.911999999999999886e+02 3.908999999999999773e+02 3.901999999999999886e+02 3.903500000000000227e+02 3.913999999999999773e+02 3.911000000000000227e+02 3.905000000000000000e+02 3.931000000000000227e+02 3.901999999999999886e+02 9.000000000000000000e+00
1.025000000000000000e+03 3.931000000000000227e+02 3.911999999999999886e+02 3.908999999999999773e+02 3.901999999999999886e+02 3.903500000000000227e+02 3.913999999999999773e+02 3.911000000000000227e+02 3.905000000000000000e+02 3.931000000000000227e+02 3.901999999999999886e+02 3.903000000000000114e+02 9.000000000000000000e+00
1.026000000000000000e+03 3.911999999999999886e+02 3.908999999999999773e+02 3.901999999999999886e+02 3.903500000000000227e+02 3.913999999999999773e+02 3.911000000000000227e+02 3.905000000000000000e+02 3.931000000000000227e+02 3.901999999999999886e+02 3.903000000000000114e+02 3.913999999999999773e+02 9.000000000000000000e+00
1.316000000000000000e+03 3.446000000000000227e+02 3.455000000000000000e+02 3.443999999999999773e+02 3.433000000000000114e+02 3.430000000000000000e+02 3.410000000000000000e+02 3.431000000000000227e+02 3.431999999999999886e+02 3.439499999999999886e+02 3.438000000000000114e+02 3.433500000000000227e+02 9.000000000000000000e+00
1.317000000000000000e+03 3.455000000000000000e+02 3.443999999999999773e+02 3.433000000000000114e+02 3.430000000000000000e+02 3.410000000000000000e+02 3.431000000000000227e+02 3.431999999999999886e+02 3.439499999999999886e+02 3.438000000000000114e+02 3.433500000000000227e+02 3.413000000000000114e+02 9.000000000000000000e+00
1.597000000000000000e+03 2.936000000000000227e+02 2.933999999999999773e+02 2.966999999999999886e+02 2.961999999999999886e+02 2.936000000000000227e+02 2.945000000000000000e+02 2.930000000000000000e+02 2.948000000000000114e+02 2.930000000000000000e+02 2.914499999999999886e+02 2.906000000000000227e+02 9.000000000000000000e+00
1.718000000000000000e+03 2.911000000000000227e+02 2.925000000000000000e+02 2.948000000000000114e+02 2.915000000000000000e+02 2.890000000000000000e+02 2.886999999999999886e+02 2.878500000000000227e+02 2.865000000000000000e+02 2.861000000000000227e+02 2.865000000000000000e+02 2.865000000000000000e+02 9.000000000000000000e+00
1.719000000000000000e+03 2.925000000000000000e+02 2.948000000000000114e+02 2.915000000000000000e+02 2.890000000000000000e+02 2.886999999999999886e+02 2.878500000000000227e+02 2.865000000000000000e+02 2.861000000000000227e+02 2.865000000000000000e+02 2.865000000000000000e+02 2.860000000000000000e+02 9.000000000000000000e+00
1.720000000000000000e+03 2.948000000000000114e+02 2.915000000000000000e+02 2.890000000000000000e+02 2.886999999999999886e+02 2.878500000000000227e+02 2.865000000000000000e+02 2.861000000000000227e+02 2.865000000000000000e+02 2.865000000000000000e+02 2.860000000000000000e+02 2.868999999999999773e+02 9.000000000000000000e+00
1.969000000000000000e+03 2.892500000000000000e+02 2.845000000000000000e+02 2.796000000000000227e+02 2.761000000000000227e+02 2.828000000000000114e+02 2.820000000000000000e+02 2.777500000000000000e+02 2.788000000000000114e+02 2.796000000000000227e+02 2.796999999999999886e+02 2.825000000000000000e+02 9.000000000000000000e+00
1.970000000000000000e+03 2.845000000000000000e+02 2.796000000000000227e+02 2.761000000000000227e+02 2.828000000000000114e+02 2.820000000000000000e+02 2.777500000000000000e+02 2.788000000000000114e+02 2.796000000000000227e+02 2.796999999999999886e+02 2.825000000000000000e+02 2.816999999999999886e+02 9.000000000000000000e+00
1.987000000000000000e+03 2.875000000000000000e+02 2.893000000000000114e+02 2.901999999999999886e+02 2.878000000000000114e+02 2.875000000000000000e+02 2.885000000000000000e+02 2.821999999999999886e+02 2.807500000000000000e+02 2.808500000000000227e+02 2.815000000000000000e+02 2.811000000000000227e+02 9.000000000000000000e+00
1.994000000000000000e+03 2.807500000000000000e+02 2.808500000000000227e+02 2.815000000000000000e+02 2.811000000000000227e+02 2.830000000000000000e+02 2.821000000000000227e+02 2.840000000000000000e+02 2.838000000000000114e+02 2.852500000000000000e+02 2.883500000000000227e+02 2.891499999999999773e+02 9.000000000000000000e+00
1.995000000000000000e+03 2.808500000000000227e+02 2.815000000000000000e+02 2.811000000000000227e+02 2.830000000000000000e+02 2.821000000000000227e+02 2.840000000000000000e+02 2.838000000000000114e+02 2.852500000000000000e+02 2.883500000000000227e+02 2.891499999999999773e+02 2.882500000000000000e+02 9.000000000000000000e+00
1.996000000000000000e+03 2.815000000000000000e+02 2.811000000000000227e+02 2.830000000000000000e+02 2.821000000000000227e+02 2.840000000000000000e+02 2.838000000000000114e+02 2.852500000000000000e+02 2.883500000000000227e+02 2.891499999999999773e+02 2.882500000000000000e+02 2.886999999999999886e+02 9.000000000000000000e+00
1.997000000000000000e+03 2.811000000000000227e+02 2.830000000000000000e+02 2.821000000000000227e+02 2.840000000000000000e+02 2.838000000000000114e+02 2.852500000000000000e+02 2.883500000000000227e+02 2.891499999999999773e+02 2.882500000000000000e+02 2.886999999999999886e+02 2.873999999999999773e+02 9.000000000000000000e+00
2.293000000000000000e+03 2.670000000000000000e+02 2.653999999999999773e+02 2.625000000000000000e+02 2.628999999999999773e+02 2.605000000000000000e+02 2.621000000000000227e+02 2.661999999999999886e+02 2.720000000000000000e+02 2.723000000000000114e+02 2.675000000000000000e+02 2.628000000000000114e+02 9.000000000000000000e+00
2.394000000000000000e+03 2.691999999999999886e+02 2.698999999999999773e+02 2.686000000000000227e+02 2.695000000000000000e+02 2.676999999999999886e+02 2.663999999999999773e+02 2.676000000000000227e+02 2.650000000000000000e+02 2.666000000000000227e+02 2.673000000000000114e+02 2.675000000000000000e+02 9.000000000000000000e+00
2.395000000000000000e+03 2.698999999999999773e+02 2.686000000000000227e+02 2.695000000000000000e+02 2.676999999999999886e+02 2.663999999999999773e+02 2.676000000000000227e+02 2.650000000000000000e+02 2.666000000000000227e+02 2.673000000000000114e+02 2.675000000000000000e+02 2.681999999999999886e+02 9.000000000000000000e+00
2.396000000000000000e+03 2.686000000000000227e+02 2.695000000000000000e+02 2.676999999999999886e+02 2.663999999999999773e+02 2.676000000000000227e+02 2.650000000000000000e+02 2.666000000000000227e+02 2.673000000000000114e+02 2.675000000000000000e+02 2.681999999999999886e+02 2.675000000000000000e+02 9.000000000000000000e+00
2.397000000000000000e+03 2.695000000000000000e+02 2.676999999999999886e+02 2.663999999999999773e+02 2.676000000000000227e+02 2.650000000000000000e+02 2.666000000000000227e+02 2.673000000000000114e+02 2.675000000000000000e+02 2.681999999999999886e+02 2.675000000000000000e+02 2.673999999999999773e+02 9.000000000000000000e+00
2.481000000000000000e+03 2.727500000000000000e+02 2.730500000000000114e+02 2.731000000000000227e+02 2.726000000000000227e+02 2.726499999999999773e+02 2.728999999999999773e+02 2.733999999999999773e+02 2.741000000000000227e+02 2.738000000000000114e+02 2.741499999999999773e+02 2.773000000000000114e+02 9.000000000000000000e+00
2.482000000000000000e+03 2.730500000000000114e+02 2.731000000000000227e+02 2.726000000000000227e+02 2.726499999999999773e+02 2.728999999999999773e+02 2.733999999999999773e+02 2.741000000000000227e+02 2.738000000000000114e+02 2.741499999999999773e+02 2.773000000000000114e+02 2.755000000000000000e+02 9.000000000000000000e+00
2.483000000000000000e+03 2.731000000000000227e+02 2.726000000000000227e+02 2.726499999999999773e+02 2.728999999999999773e+02 2.733999999999999773e+02 2.741000000000000227e+02 2.738000000000000114e+02 2.741499999999999773e+02 2.773000000000000114e+02 2.755000000000000000e+02 2.738999999999999773e+02 9.000000000000000000e+00
2.484000000000000000e+03 2.726000000000000227e+02 2.726499999999999773e+02 2.728999999999999773e+02 2.733999999999999773e+02 2.741000000000000227e+02 2.738000000000000114e+02 2.741499999999999773e+02 2.773000000000000114e+02 2.755000000000000000e+02 2.738999999999999773e+02 2.743000000000000114e+02 9.000000000000000000e+00
2.485000000000000000e+03 2.726499999999999773e+02 2.728999999999999773e+02 2.733999999999999773e+02 2.741000000000000227e+02 2.738000000000000114e+02 2.741499999999999773e+02 2.773000000000000114e+02 2.755000000000000000e+02 2.738999999999999773e+02 2.743000000000000114e+02 2.743000000000000114e+02 9.000000000000000000e+00
2.486000000000000000e+03 2.728999999999999773e+02 2.733999999999999773e+02 2.741000000000000227e+02 2.738000000000000114e+02 2.741499999999999773e+02 2.773000000000000114e+02 2.755000000000000000e+02 2.738999999999999773e+02 2.743000000000000114e+02 2.743000000000000114e+02 2.725000000000000000e+02 9.000000000000000000e+00
2.487000000000000000e+03 2.733999999999999773e+02 2.741000000000000227e+02 2.738000000000000114e+02 2.741499999999999773e+02 2.773000000000000114e+02 2.755000000000000000e+02 2.738999999999999773e+02 2.743000000000000114e+02 2.743000000000000114e+02 2.725000000000000000e+02 2.725000000000000000e+02 9.000000000000000000e+00
2.505000000000000000e+03 2.778999999999999773e+02 2.778000000000000114e+02 2.790000000000000000e+02 2.790000000000000000e+02 2.768000000000000114e+02 2.763000000000000114e+02 2.786999999999999886e+02 2.786000000000000227e+02 2.781999999999999886e+02 2.786999999999999886e+02 2.785000000000000000e+02 9.000000000000000000e+00
2.506000000000000000e+03 2.778000000000000114e+02 2.790000000000000000e+02 2.790000000000000000e+02 2.768000000000000114e+02 2.763000000000000114e+02 2.786999999999999886e+02 2.786000000000000227e+02 2.781999999999999886e+02 2.786999999999999886e+02 2.785000000000000000e+02 2.788000000000000114e+02 9.000000000000000000e+00
2.507000000000000000e+03 2.790000000000000000e+02 2.790000000000000000e+02 2.768000000000000114e+02 2.763000000000000114e+02 2.786999999999999886e+02 2.786000000000000227e+02 2.781999999999999886e+02 2.786999999999999886e+02 2.785000000000000000e+02 2.788000000000000114e+02 2.831000000000000227e+02 9.000000000000000000e+00
2.659000000000000000e+03 3.035000000000000000e+02 3.023000000000000114e+02 3.045000000000000000e+02 3.033000000000000114e+02 3.043999999999999773e+02 3.071499999999999773e+02 3.078999999999999773e+02 3.061000000000000227e+02 3.138000000000000114e+02 3.103999999999999773e+02 3.143500000000000227e+02 9.000000000000000000e+00
2.665000000000000000e+03 3.078999999999999773e+02 3.061000000000000227e+02 3.138000000000000114e+02 3.103999999999999773e+02 3.143500000000000227e+02 3.140000000000000000e+02 3.153999999999999773e+02 3.113999999999999773e+02 3.144499999999999886e+02 3.137500000000000000e+02 3.065000000000000000e+02 9.000000000000000000e+00
2.667000000000000000e+03 3.138000000000000114e+02 3.103999999999999773e+02 3.143500000000000227e+02 3.140000000000000000e+02 3.153999999999999773e+02 3.113999999999999773e+02 3.144499999999999886e+02 3.137500000000000000e+02 3.065000000000000000e+02 3.088000000000000114e+02 3.077500000000000000e+02 9.000000000000000000e+00
2.672000000000000000e+03 3.113999999999999773e+02 3.144499999999999886e+02 3.137500000000000000e+02 3.065000000000000000e+02 3.088000000000000114e+02 3.077500000000000000e+02 3.068000000000000114e+02 3.067500000000000000e+02 3.091999999999999886e+02 3.125000000000000000e+02 3.098999999999999773e+02 9.000000000000000000e+00
2.739000000000000000e+03 3.203000000000000114e+02 3.191000000000000227e+02 3.188000000000000114e+02 3.176000000000000227e+02 3.173999999999999773e+02 3.208000000000000114e+02 3.178500000000000227e+02 3.178999999999999773e+02 3.170500000000000114e+02 3.176499999999999773e+02 3.188000000000000114e+02 9.000000000000000000e+00
2.742000000000000000e+03 3.176000000000000227e+02 3.173999999999999773e+02 3.208000000000000114e+02 3.178500000000000227e+02 3.178999999999999773e+02 3.170500000000000114e+02 3.176499999999999773e+02 3.188000000000000114e+02 3.175500000000000114e+02 3.206000000000000227e+02 3.220000000000000000e+02 9.000000000000000000e+00
2.743000000000000000e+03 3.173999999999999773e+02 3.208000000000000114e+02 3.178500000000000227e+02 3.178999999999999773e+02 3.170500000000000114e+02 3.176499999999999773e+02 3.188000000000000114e+02 3.175500000000000114e+02 3.206000000000000227e+02 3.220000000000000000e+02 3.243500000000000227e+02 9.000000000000000000e+00
2.744000000000000000e+03 3.208000000000000114e+02 3.178500000000000227e+02 3.178999999999999773e+02 3.170500000000000114e+02 3.176499999999999773e+02 3.188000000000000114e+02 3.175500000000000114e+02 3.206000000000000227e+02 3.220000000000000000e+02 3.243500000000000227e+02 3.260000000000000000e+02 9.000000000000000000e+00
2.745000000000000000e+03 3.178500000000000227e+02 3.178999999999999773e+02 3.170500000000000114e+02 3.176499999999999773e+02 3.188000000000000114e+02 3.175500000000000114e+02 3.206000000000000227e+02 3.220000000000000000e+02 3.243500000000000227e+02 3.260000000000000000e+02 3.257500000000000000e+02 9.000000000000000000e+00
2.830000000000000000e+03 3.282500000000000000e+02 3.300000000000000000e+02 3.290000000000000000e+02 3.316000000000000227e+02 3.371000000000000227e+02 3.347500000000000000e+02 3.297500000000000000e+02 3.250000000000000000e+02 3.253500000000000227e+02 3.227500000000000000e+02 3.229499999999999886e+02 9.000000000000000000e+00
2.831000000000000000e+03 3.300000000000000000e+02 3.290000000000000000e+02 3.316000000000000227e+02 3.371000000000000227e+02 3.347500000000000000e+02 3.297500000000000000e+02 3.250000000000000000e+02 3.253500000000000227e+02 3.227500000000000000e+02 3.229499999999999886e+02 3.266000000000000227e+02 9.000000000000000000e+00
2.832000000000000000e+03 3.290000000000000000e+02 3.316000000000000227e+02 3.371000000000000227e+02 3.347500000000000000e+02 3.297500000000000000e+02 3.250000000000000000e+02 3.253500000000000227e+02 3.227500000000000000e+02 3.229499999999999886e+02 3.266000000000000227e+02 3.261499999999999773e+02 9.000000000000000000e+00
2.917000000000000000e+03 3.615000000000000000e+02 3.624499999999999886e+02 3.645000000000000000e+02 3.615000000000000000e+02 3.561999999999999886e+02 3.547500000000000000e+02 3.476000000000000227e+02 3.493000000000000114e+02 3.516499999999999773e+02 3.515000000000000000e+02 3.525000000000000000e+02 9.000000000000000000e+00
2.918000000000000000e+03 3.624499999999999886e+02 3.645000000000000000e+02 3.615000000000000000e+02 3.561999999999999886e+02 3.547500000000000000e+02 3.476000000000000227e+02 3.493000000000000114e+02 3.516499999999999773e+02 3.515000000000000000e+02 3.525000000000000000e+02 3.563000000000000114e+02 9.000000000000000000e+00
2.919000000000000000e+03 3.645000000000000000e+02 3.615000000000000000e+02 3.561999999999999886e+02 3.547500000000000000e+02 3.476000000000000227e+02 3.493000000000000114e+02 3.516499999999999773e+02 3.515000000000000000e+02 3.525000000000000000e+02 3.563000000000000114e+02 3.616000000000000227e+02 9.000000000000000000e+00
2.920000000000000000e+03 3.615000000000000000e+02 3.561999999999999886e+02 3.547500000000000000e+02 3.476000000000000227e+02 3.493000000000000114e+02 3.516499999999999773e+02 3.515000000000000000e+02 3.525000000000000000e+02 3.563000000000000114e+02 3.616000000000000227e+02 3.581499999999999773e+02 9.000000000000000000e+00
3.054000000000000000e+03 3.992500000000000000e+02 4.005000000000000000e+02 3.970000000000000000e+02 4.028000000000000114e+02 4.065000000000000000e+02 4.061999999999999886e+02 4.112500000000000000e+02 4.121499999999999773e+02 4.098500000000000227e+02 4.113999999999999773e+02 4.152500000000000000e+02 9.000000000000000000e+00
3.071000000000000000e+03 3.950000000000000000e+02 3.961000000000000227e+02 3.995000000000000000e+02 3.929499999999999886e+02 3.930000000000000000e+02 3.927500000000000000e+02 4.008999999999999773e+02 4.012500000000000000e+02 4.022500000000000000e+02 3.999499999999999886e+02 4.020000000000000000e+02 9.000000000000000000e+00
3.072000000000000000e+03 3.961000000000000227e+02 3.995000000000000000e+02 3.929499999999999886e+02 3.930000000000000000e+02 3.927500000000000000e+02 4.008999999999999773e+02 4.012500000000000000e+02 4.022500000000000000e+02 3.999499999999999886e+02 4.020000000000000000e+02 3.948999999999999773e+02 9.000000000000000000e+00
3.073000000000000000e+03 3.995000000000000000e+02 3.929499999999999886e+02 3.930000000000000000e+02 3.927500000000000000e+02 4.008999999999999773e+02 4.012500000000000000e+02 4.022500000000000000e+02 3.999499999999999886e+02 4.020000000000000000e+02 3.948999999999999773e+02 3.990000000000000000e+02 9.000000000000000000e+00
3.074000000000000000e+03 3.929499999999999886e+02 3.930000000000000000e+02 3.927500000000000000e+02 4.008999999999999773e+02 4.012500000000000000e+02 4.022500000000000000e+02 3.999499999999999886e+02 4.020000000000000000e+02 3.948999999999999773e+02 3.990000000000000000e+02 4.022500000000000000e+02 9.000000000000000000e+00
3.207000000000000000e+03 4.001499999999999773e+02 4.015000000000000000e+02 3.975000000000000000e+02 3.993000000000000114e+02 3.987500000000000000e+02 4.015500000000000114e+02 4.034499999999999886e+02 4.052500000000000000e+02 4.042500000000000000e+02 4.042500000000000000e+02 4.055000000000000000e+02 9.000000000000000000e+00
3.306000000000000000e+03 4.223000000000000114e+02 4.265000000000000000e+02 4.268999999999999773e+02 4.220500000000000114e+02 4.262500000000000000e+02 4.258000000000000114e+02 4.263999999999999773e+02 4.222500000000000000e+02 4.206999999999999886e+02 4.216000000000000227e+02 4.166999999999999886e+02 9.000000000000000000e+00
3.307000000000000000e+03 4.265000000000000000e+02 4.268999999999999773e+02 4.220500000000000114e+02 4.262500000000000000e+02 4.258000000000000114e+02 4.263999999999999773e+02 4.222500000000000000e+02 4.206999999999999886e+02 4.216000000000000227e+02 4.166999999999999886e+02 4.141999999999999886e+02 9.000000000000000000e+00
3.308000000000000000e+03 4.268999999999999773e+02 4.220500000000000114e+02 4.262500000000000000e+02 4.258000000000000114e+02 4.263999999999999773e+02 4.222500000000000000e+02 4.206999999999999886e+02 4.216000000000000227e+02 4.166999999999999886e+02 4.141999999999999886e+02 4.138000000000000114e+02 9.000000000000000000e+00
3.309000000000000000e+03 4.220500000000000114e+02 4.262500000000000000e+02 4.258000000000000114e+02 4.263999999999999773e+02 4.222500000000000000e+02 4.206999999999999886e+02 4.216000000000000227e+02 4.166999999999999886e+02 4.141999999999999886e+02 4.138000000000000114e+02 4.123999999999999773e+02 9.000000000000000000e+00
3.310000000000000000e+03 4.262500000000000000e+02 4.258000000000000114e+02 4.263999999999999773e+02 4.222500000000000000e+02 4.206999999999999886e+02 4.216000000000000227e+02 4.166999999999999886e+02 4.141999999999999886e+02 4.138000000000000114e+02 4.123999999999999773e+02 4.127500000000000000e+02 9.000000000000000000e+00
3.325000000000000000e+03 4.250000000000000000e+02 4.271000000000000227e+02 4.270500000000000114e+02 4.270000000000000000e+02 4.341999999999999886e+02 4.342500000000000000e+02 4.337500000000000000e+02 4.345500000000000114e+02 4.352500000000000000e+02 4.323999999999999773e+02 4.323000000000000114e+02 9.000000000000000000e+00
3.326000000000000000e+03 4.271000000000000227e+02 4.270500000000000114e+02 4.270000000000000000e+02 4.341999999999999886e+02 4.342500000000000000e+02 4.337500000000000000e+02 4.345500000000000114e+02 4.352500000000000000e+02 4.323999999999999773e+02 4.323000000000000114e+02 4.298999999999999773e+02 9.000000000000000000e+00
3.327000000000000000e+03 4.270500000000000114e+02 4.270000000000000000e+02 4.341999999999999886e+02 4.342500000000000000e+02 4.337500000000000000e+02 4.345500000000000114e+02 4.352500000000000000e+02 4.323999999999999773e+02 4.323000000000000114e+02 4.298999999999999773e+02 4.336000000000000227e+02 9.000000000000000000e+00
3.380000000000000000e+03 4.288500000000000227e+02 4.296499999999999773e+02 4.253500000000000227e+02 4.257500000000000000e+02 4.262500000000000000e+02 4.270000000000000000e+02 4.220000000000000000e+02 4.200000000000000000e+02 4.192500000000000000e+02 4.183999999999999773e+02 4.212500000000000000e+02 9.000000000000000000e+00
3.397000000000000000e+03 4.198000000000000114e+02 4.183999999999999773e+02 4.170000000000000000e+02 4.151999999999999886e+02 4.213999999999999773e+02 4.221000000000000227e+02 4.257500000000000000e+02 4.241000000000000227e+02 4.233000000000000114e+02 4.233999999999999773e+02 4.270000000000000000e+02 9.000000000000000000e+00
3.398000000000000000e+03 4.183999999999999773e+02 4.170000000000000000e+02 4.151999999999999886e+02 4.213999999999999773e+02 4.221000000000000227e+02 4.257500000000000000e+02 4.241000000000000227e+02 4.233000000000000114e+02 4.233999999999999773e+02 4.270000000000000000e+02 4.286000000000000227e+02 9.000000000000000000e+00
3.399000000000000000e+03 4.170000000000000000e+02 4.151999999999999886e+02 4.213999999999999773e+02 4.221000000000000227e+02 4.257500000000000000e+02 4.241000000000000227e+02 4.233000000000000114e+02 4.233999999999999773e+02 4.270000000000000000e+02 4.286000000000000227e+02 4.264499999999999886e+02 9.000000000000000000e+00
3.683000000000000000e+03 6.215000000000000000e+02 6.281000000000000227e+02 6.332000000000000455e+02 6.297999999999999545e+02 6.232999999999999545e+02 6.406000000000000227e+02 6.505000000000000000e+02 6.592999999999999545e+02 6.643999999999999773e+02 6.423999999999999773e+02 6.307000000000000455e+02 9.000000000000000000e+00
3.684000000000000000e+03 6.281000000000000227e+02 6.332000000000000455e+02 6.297999999999999545e+02 6.232999999999999545e+02 6.406000000000000227e+02 6.505000000000000000e+02 6.592999999999999545e+02 6.643999999999999773e+02 6.423999999999999773e+02 6.307000000000000455e+02 6.417000000000000455e+02 9.000000000000000000e+00
3.685000000000000000e+03 6.332000000000000455e+02 6.297999999999999545e+02 6.232999999999999545e+02 6.406000000000000227e+02 6.505000000000000000e+02 6.592999999999999545e+02 6.643999999999999773e+02 6.423999999999999773e+02 6.307000000000000455e+02 6.417000000000000455e+02 6.287999999999999545e+02 9.000000000000000000e+00
3.686000000000000000e+03 6.297999999999999545e+02 6.232999999999999545e+02 6.406000000000000227e+02 6.505000000000000000e+02 6.592999999999999545e+02 6.643999999999999773e+02 6.423999999999999773e+02 6.307000000000000455e+02 6.417000000000000455e+02 6.287999999999999545e+02 6.200000000000000000e+02 9.000000000000000000e+00
3.687000000000000000e+03 6.232999999999999545e+02 6.406000000000000227e+02 6.505000000000000000e+02 6.592999999999999545e+02 6.643999999999999773e+02 6.423999999999999773e+02 6.307000000000000455e+02 6.417000000000000455e+02 6.287999999999999545e+02 6.200000000000000000e+02 6.121000000000000227e+02 9.000000000000000000e+00
3.688000000000000000e+03 6.406000000000000227e+02 6.505000000000000000e+02 6.592999999999999545e+02 6.643999999999999773e+02 6.423999999999999773e+02 6.307000000000000455e+02 6.417000000000000455e+02 6.287999999999999545e+02 6.200000000000000000e+02 6.121000000000000227e+02 6.187000000000000455e+02 9.000000000000000000e+00
3.689000000000000000e+03 6.505000000000000000e+02 6.592999999999999545e+02 6.643999999999999773e+02 6.423999999999999773e+02 6.307000000000000455e+02 6.417000000000000455e+02 6.287999999999999545e+02 6.200000000000000000e+02 6.121000000000000227e+02 6.187000000000000455e+02 6.217999999999999545e+02 9.000000000000000000e+00
3.690000000000000000e+03 6.592999999999999545e+02 6.643999999999999773e+02 6.423999999999999773e+02 6.307000000000000455e+02 6.417000000000000455e+02 6.287999999999999545e+02 6.200000000000000000e+02 6.121000000000000227e+02 6.187000000000000455e+02 6.217999999999999545e+02 6.335000000000000000e+02 9.000000000000000000e+00
3.691000000000000000e+03 6.643999999999999773e+02 6.423999999999999773e+02 6.307000000000000455e+02 6.417000000000000455e+02 6.287999999999999545e+02 6.200000000000000000e+02 6.121000000000000227e+02 6.187000000000000455e+02 6.217999999999999545e+02 6.335000000000000000e+02 6.353999999999999773e+02 9.000000000000000000e+00
3.693000000000000000e+03 6.307000000000000455e+02 6.417000000000000455e+02 6.287999999999999545e+02 6.200000000000000000e+02 6.121000000000000227e+02 6.187000000000000455e+02 6.217999999999999545e+02 6.335000000000000000e+02 6.353999999999999773e+02 6.342000000000000455e+02 6.467000000000000455e+02 9.000000000000000000e+00
3.694000000000000000e+03 6.417000000000000455e+02 6.287999999999999545e+02 6.200000000000000000e+02 6.121000000000000227e+02 6.187000000000000455e+02 6.217999999999999545e+02 6.335000000000000000e+02 6.353999999999999773e+02 6.342000000000000455e+02 6.467000000000000455e+02 6.502000000000000455e+02 9.000000000000000000e+00
3.695000000000000000e+03 6.287999999999999545e+02 6.200000000000000000e+02 6.121000000000000227e+02 6.187000000000000455e+02 6.217999999999999545e+02 6.335000000000000000e+02 6.353999999999999773e+02 6.342000000000000455e+02 6.467000000000000455e+02 6.502000000000000455e+02 6.442999999999999545e+02 9.000000000000000000e+00
3.749000000000000000e+03 5.661000000000000227e+02 5.735000000000000000e+02 5.732999999999999545e+02 5.762000000000000455e+02 5.725000000000000000e+02 5.727999999999999545e+02 5.781000000000000227e+02 5.895000000000000000e+02 5.955000000000000000e+02 5.898999999999999773e+02 5.893999999999999773e+02 9.000000000000000000e+00
3.751000000000000000e+03 5.732999999999999545e+02 5.762000000000000455e+02 5.725000000000000000e+02 5.727999999999999545e+02 5.781000000000000227e+02 5.895000000000000000e+02 5.955000000000000000e+02 5.898999999999999773e+02 5.893999999999999773e+02 5.987999999999999545e+02 5.913999999999999773e+02 9.000000000000000000e+00
3.752000000000000000e+03 5.762000000000000455e+02 5.725000000000000000e+02 5.727999999999999545e+02 5.781000000000000227e+02 5.895000000000000000e+02 5.955000000000000000e+02 5.898999999999999773e+02 5.893999999999999773e+02 5.987999999999999545e+02 5.913999999999999773e+02 5.812999999999999545e+02 9.000000000000000000e+00
3.912000000000000000e+03 6.587999999999999545e+02 6.606000000000000227e+02 6.540000000000000000e+02 6.553999999999999773e+02 6.552999999999999545e+02 6.560000000000000000e+02 6.528999999999999773e+02 6.602000000000000455e+02 6.707000000000000455e+02 6.705000000000000000e+02 6.693999999999999773e+02 9.000000000000000000e+00
3.936000000000000000e+03 6.511000000000000227e+02 6.400000000000000000e+02 6.430000000000000000e+02 6.480000000000000000e+02 6.488999999999999773e+02 6.566000000000000227e+02 6.531000000000000227e+02 6.537999999999999545e+02 6.493999999999999773e+02 6.555000000000000000e+02 6.597999999999999545e+02 9.000000000000000000e+00
3.937000000000000000e+03 6.400000000000000000e+02 6.430000000000000000e+02 6.480000000000000000e+02 6.488999999999999773e+02 6.566000000000000227e+02 6.531000000000000227e+02 6.537999999999999545e+02 6.493999999999999773e+02 6.555000000000000000e+02 6.597999999999999545e+02 6.631000000000000227e+02 9.000000000000000000e+00
3.939000000000000000e+03 6.480000000000000000e+02 6.488999999999999773e+02 6.566000000000000227e+02 6.531000000000000227e+02 6.537999999999999545e+02 6.493999999999999773e+02 6.555000000000000000e+02 6.597999999999999545e+02 6.631000000000000227e+02 6.607000000000000455e+02 6.670000000000000000e+02 9.000000000000000000e+00
3.942000000000000000e+03 6.531000000000000227e+02 6.537999999999999545e+02 6.493999999999999773e+02 6.555000000000000000e+02 6.597999999999999545e+02 6.631000000000000227e+02 6.607000000000000455e+02 6.670000000000000000e+02 6.668999999999999773e+02 6.646000000000000227e+02 6.643999999999999773e+02 9.000000000000000000e+00
3.943000000000000000e+03 6.537999999999999545e+02 6.493999999999999773e+02 6.555000000000000000e+02 6.597999999999999545e+02 6.631000000000000227e+02 6.607000000000000455e+02 6.670000000000000000e+02 6.668999999999999773e+02 6.646000000000000227e+02 6.643999999999999773e+02 6.725000000000000000e+02 9.000000000000000000e+00
3.944000000000000000e+03 6.493999999999999773e+02 6.555000000000000000e+02 6.597999999999999545e+02 6.631000000000000227e+02 6.607000000000000455e+02 6.670000000000000000e+02 6.668999999999999773e+02 6.646000000000000227e+02 6.643999999999999773e+02 6.725000000000000000e+02 6.775000000000000000e+02 9.000000000000000000e+00
4.405000000000000000e+03 8.806499999999999773e+02 8.920499999999999545e+02 8.888500000000000227e+02 8.906000000000000227e+02 8.745499999999999545e+02 8.678999999999999773e+02 8.841499999999999773e+02 8.822500000000000000e+02 8.891499999999999773e+02 9.020000000000000000e+02 9.121000000000000227e+02 9.000000000000000000e+00
4.406000000000000000e+03 8.920499999999999545e+02 8.888500000000000227e+02 8.906000000000000227e+02 8.745499999999999545e+02 8.678999999999999773e+02 8.841499999999999773e+02 8.822500000000000000e+02 8.891499999999999773e+02 9.020000000000000000e+02 9.121000000000000227e+02 9.056499999999999773e+02 9.000000000000000000e+00
4.408000000000000000e+03 8.906000000000000227e+02 8.745499999999999545e+02 8.678999999999999773e+02 8.841499999999999773e+02 8.822500000000000000e+02 8.891499999999999773e+02 9.020000000000000000e+02 9.121000000000000227e+02 9.056499999999999773e+02 8.911000000000000227e+02 8.976000000000000227e+02 9.000000000000000000e+00
4.410000000000000000e+03 8.678999999999999773e+02 8.841499999999999773e+02 8.822500000000000000e+02 8.891499999999999773e+02 9.020000000000000000e+02 9.121000000000000227e+02 9.056499999999999773e+02 8.911000000000000227e+02 8.976000000000000227e+02 8.855000000000000000e+02 8.857999999999999545e+02 9.000000000000000000e+00
4.421000000000000000e+03 9.023500000000000227e+02 8.957000000000000455e+02 9.098999999999999773e+02 9.090499999999999545e+02 9.160499999999999545e+02 9.126000000000000227e+02 9.218500000000000227e+02 9.254500000000000455e+02 9.253500000000000227e+02 9.307000000000000455e+02 9.172000000000000455e+02 9.000000000000000000e+00
4.424000000000000000e+03 9.090499999999999545e+02 9.160499999999999545e+02 9.126000000000000227e+02 9.218500000000000227e+02 9.254500000000000455e+02 9.253500000000000227e+02 9.307000000000000455e+02 9.172000000000000455e+02 9.246499999999999773e+02 9.371000000000000227e+02 9.533999999999999773e+02 9.000000000000000000e+00
4.425000000000000000e+03 9.160499999999999545e+02 9.126000000000000227e+02 9.218500000000000227e+02 9.254500000000000455e+02 9.253500000000000227e+02 9.307000000000000455e+02 9.172000000000000455e+02 9.246499999999999773e+02 9.371000000000000227e+02 9.533999999999999773e+02 9.563500000000000227e+02 9.000000000000000000e+00
4.426000000000000000e+03 9.126000000000000227e+02 9.218500000000000227e+02 9.254500000000000455e+02 9.253500000000000227e+02 9.307000000000000455e+02 9.172000000000000455e+02 9.246499999999999773e+02 9.371000000000000227e+02 9.533999999999999773e+02 9.563500000000000227e+02 9.577999999999999545e+02 9.000000000000000000e+00
4.482000000000000000e+03 9.375499999999999545e+02 9.294500000000000455e+02 9.338999999999999773e+02 9.535499999999999545e+02 9.562999999999999545e+02 9.664500000000000455e+02 9.629500000000000455e+02 9.627500000000000000e+02 9.544500000000000455e+02 9.457999999999999545e+02 9.457999999999999545e+02 9.000000000000000000e+00
4.607000000000000000e+03 1.093900000000000091e+03 1.093140000000000100e+03 1.098450000000000045e+03 1.098269999999999982e+03 1.088200000000000045e+03 1.087250000000000000e+03 1.081109999999999900e+03 1.106069999999999936e+03 1.114650000000000091e+03 1.109970000000000027e+03 1.063200000000000045e+03 9.000000000000000000e+00
4.608000000000000000e+03 1.093140000000000100e+03 1.098450000000000045e+03 1.098269999999999982e+03 1.088200000000000045e+03 1.087250000000000000e+03 1.081109999999999900e+03 1.106069999999999936e+03 1.114650000000000091e+03 1.109970000000000027e+03 1.063200000000000045e+03 1.066000000000000000e+03 9.000000000000000000e+00
4.609000000000000000e+03 1.098450000000000045e+03 1.098269999999999982e+03 1.088200000000000045e+03 1.087250000000000000e+03 1.081109999999999900e+03 1.106069999999999936e+03 1.114650000000000091e+03 1.109970000000000027e+03 1.063200000000000045e+03 1.066000000000000000e+03 1.062799999999999955e+03 9.000000000000000000e+00
4.610000000000000000e+03 1.098269999999999982e+03 1.088200000000000045e+03 1.087250000000000000e+03 1.081109999999999900e+03 1.106069999999999936e+03 1.114650000000000091e+03 1.109970000000000027e+03 1.063200000000000045e+03 1.066000000000000000e+03 1.062799999999999955e+03 1.077710000000000036e+03 9.000000000000000000e+00
4.611000000000000000e+03 1.088200000000000045e+03 1.087250000000000000e+03 1.081109999999999900e+03 1.106069999999999936e+03 1.114650000000000091e+03 1.109970000000000027e+03 1.063200000000000045e+03 1.066000000000000000e+03 1.062799999999999955e+03 1.077710000000000036e+03 1.072170000000000073e+03 9.000000000000000000e+00
4.612000000000000000e+03 1.087250000000000000e+03 1.081109999999999900e+03 1.106069999999999936e+03 1.114650000000000091e+03 1.109970000000000027e+03 1.063200000000000045e+03 1.066000000000000000e+03 1.062799999999999955e+03 1.077710000000000036e+03 1.072170000000000073e+03 1.095720000000000027e+03 9.000000000000000000e+00
4.613000000000000000e+03 1.081109999999999900e+03 1.106069999999999936e+03 1.114650000000000091e+03 1.109970000000000027e+03 1.063200000000000045e+03 1.066000000000000000e+03 1.062799999999999955e+03 1.077710000000000036e+03 1.072170000000000073e+03 1.095720000000000027e+03 1.093390000000000100e+03 9.000000000000000000e+00
4.614000000000000000e+03 1.106069999999999936e+03 1.114650000000000091e+03 1.109970000000000027e+03 1.063200000000000045e+03 1.066000000000000000e+03 1.062799999999999955e+03 1.077710000000000036e+03 1.072170000000000073e+03 1.095720000000000027e+03 1.093390000000000100e+03 1.100950000000000045e+03 9.000000000000000000e+00
4.615000000000000000e+03 1.114650000000000091e+03 1.109970000000000027e+03 1.063200000000000045e+03 1.066000000000000000e+03 1.062799999999999955e+03 1.077710000000000036e+03 1.072170000000000073e+03 1.095720000000000027e+03 1.093390000000000100e+03 1.100950000000000045e+03 1.119599999999999909e+03 9.000000000000000000e+00
4.616000000000000000e+03 1.109970000000000027e+03 1.063200000000000045e+03 1.066000000000000000e+03 1.062799999999999955e+03 1.077710000000000036e+03 1.072170000000000073e+03 1.095720000000000027e+03 1.093390000000000100e+03 1.100950000000000045e+03 1.119599999999999909e+03 1.107900000000000091e+03 9.000000000000000000e+00
4.724000000000000000e+03 1.209170000000000073e+03 1.192809999999999945e+03 1.202549999999999955e+03 1.198029999999999973e+03 1.211990000000000009e+03 1.197009999999999991e+03 1.211799999999999955e+03 1.208309999999999945e+03 1.208529999999999973e+03 1.193019999999999982e+03 1.182779999999999973e+03 9.000000000000000000e+00
4.727000000000000000e+03 1.198029999999999973e+03 1.211990000000000009e+03 1.197009999999999991e+03 1.211799999999999955e+03 1.208309999999999945e+03 1.208529999999999973e+03 1.193019999999999982e+03 1.182779999999999973e+03 1.191970000000000027e+03 1.185089999999999918e+03 1.195119999999999891e+03 9.000000000000000000e+00
4.728000000000000000e+03 1.211990000000000009e+03 1.197009999999999991e+03 1.211799999999999955e+03 1.208309999999999945e+03 1.208529999999999973e+03 1.193019999999999982e+03 1.182779999999999973e+03 1.191970000000000027e+03 1.185089999999999918e+03 1.195119999999999891e+03 1.188589999999999918e+03 9.000000000000000000e+00
4.739000000000000000e+03 1.183049999999999955e+03 1.161250000000000000e+03 1.163339999999999918e+03 1.167589999999999918e+03 1.180500000000000000e+03 1.182400000000000091e+03 1.185700000000000045e+03 1.194500000000000000e+03 1.194589999999999918e+03 1.204950000000000045e+03 1.201049999999999955e+03 9.000000000000000000e+00
4.750000000000000000e+03 1.203900000000000091e+03 1.197950000000000045e+03 1.213500000000000000e+03 1.214900000000000091e+03 1.225049999999999955e+03 1.224400000000000091e+03 1.228900000000000091e+03 1.231700000000000045e+03 1.227700000000000045e+03 1.225900000000000091e+03 1.230200000000000045e+03 9.000000000000000000e+00
4.751000000000000000e+03 1.197950000000000045e+03 1.213500000000000000e+03 1.214900000000000091e+03 1.225049999999999955e+03 1.224400000000000091e+03 1.228900000000000091e+03 1.231700000000000045e+03 1.227700000000000045e+03 1.225900000000000091e+03 1.230200000000000045e+03 1.239450000000000045e+03 9.000000000000000000e+00
4.753000000000000000e+03 1.214900000000000091e+03 1.225049999999999955e+03 1.224400000000000091e+03 1.228900000000000091e+03 1.231700000000000045e+03 1.227700000000000045e+03 1.225900000000000091e+03 1.230200000000000045e+03 1.239450000000000045e+03 1.237200000000000045e+03 1.237500000000000000e+03 9.000000000000000000e+00
4.754000000000000000e+03 1.225049999999999955e+03 1.224400000000000091e+03 1.228900000000000091e+03 1.231700000000000045e+03 1.227700000000000045e+03 1.225900000000000091e+03 1.230200000000000045e+03 1.239450000000000045e+03 1.237200000000000045e+03 1.237500000000000000e+03 1.233799999999999955e+03 9.000000000000000000e+00
4.755000000000000000e+03 1.224400000000000091e+03 1.228900000000000091e+03 1.231700000000000045e+03 1.227700000000000045e+03 1.225900000000000091e+03 1.230200000000000045e+03 1.239450000000000045e+03 1.237200000000000045e+03 1.237500000000000000e+03 1.233799999999999955e+03 1.247049999999999955e+03 9.000000000000000000e+00
4.967000000000000000e+03 1.539190000000000055e+03 1.541440000000000055e+03 1.546640000000000100e+03 1.548589999999999918e+03 1.521140000000000100e+03 1.502440000000000055e+03 1.496339999999999918e+03 1.501089999999999918e+03 1.510049999999999955e+03 1.500000000000000000e+03 1.486700000000000045e+03 9.000000000000000000e+00
4.971000000000000000e+03 1.521140000000000100e+03 1.502440000000000055e+03 1.496339999999999918e+03 1.501089999999999918e+03 1.510049999999999955e+03 1.500000000000000000e+03 1.486700000000000045e+03 1.496009999999999991e+03 1.516160000000000082e+03 1.528640000000000100e+03 1.532089999999999918e+03 9.000000000000000000e+00
5.054000000000000000e+03 1.659279999999999973e+03 1.641490000000000009e+03 1.620869999999999891e+03 1.640130000000000109e+03 1.652809999999999945e+03 1.702099999999999909e+03 1.721509999999999991e+03 1.744380000000000109e+03 1.743190000000000055e+03 1.715589999999999918e+03 1.719099999999999909e+03 9.000000000000000000e+00
5.055000000000000000e+03 1.641490000000000009e+03 1.620869999999999891e+03 1.640130000000000109e+03 1.652809999999999945e+03 1.702099999999999909e+03 1.721509999999999991e+03 1.744380000000000109e+03 1.743190000000000055e+03 1.715589999999999918e+03 1.719099999999999909e+03 1.736549999999999955e+03 9.000000000000000000e+00
5.061000000000000000e+03 1.744380000000000109e+03 1.743190000000000055e+03 1.715589999999999918e+03 1.719099999999999909e+03 1.736549999999999955e+03 1.762690000000000055e+03 1.754289999999999964e+03 1.794500000000000000e+03 1.784480000000000018e+03 1.765670000000000073e+03 1.759480000000000018e+03 9.000000000000000000e+00
5.062000000000000000e+03 1.743190000000000055e+03 1.715589999999999918e+03 1.719099999999999909e+03 1.736549999999999955e+03 1.762690000000000055e+03 1.754289999999999964e+03 1.794500000000000000e+03 1.784480000000000018e+03 1.765670000000000073e+03 1.759480000000000018e+03 1.787289999999999964e+03 9.000000000000000000e+00
5.063000000000000000e+03 1.715589999999999918e+03 1.719099999999999909e+03 1.736549999999999955e+03 1.762690000000000055e+03 1.754289999999999964e+03 1.794500000000000000e+03 1.784480000000000018e+03 1.765670000000000073e+03 1.759480000000000018e+03 1.787289999999999964e+03 1.781579999999999927e+03 9.000000000000000000e+00
5.066000000000000000e+03 1.762690000000000055e+03 1.754289999999999964e+03 1.794500000000000000e+03 1.784480000000000018e+03 1.765670000000000073e+03 1.759480000000000018e+03 1.787289999999999964e+03 1.781579999999999927e+03 1.783470000000000027e+03 1.765450000000000045e+03 1.720380000000000109e+03 9.000000000000000000e+00
5.067000000000000000e+03 1.754289999999999964e+03 1.794500000000000000e+03 1.784480000000000018e+03 1.765670000000000073e+03 1.759480000000000018e+03 1.787289999999999964e+03 1.781579999999999927e+03 1.783470000000000027e+03 1.765450000000000045e+03 1.720380000000000109e+03 1.723880000000000109e+03 9.000000000000000000e+00
5.068000000000000000e+03 1.794500000000000000e+03 1.784480000000000018e+03 1.765670000000000073e+03 1.759480000000000018e+03 1.787289999999999964e+03 1.781579999999999927e+03 1.783470000000000027e+03 1.765450000000000045e+03 1.720380000000000109e+03 1.723880000000000109e+03 1.682500000000000000e+03 9.000000000000000000e+00
5.069000000000000000e+03 1.784480000000000018e+03 1.765670000000000073e+03 1.759480000000000018e+03 1.787289999999999964e+03 1.781579999999999927e+03 1.783470000000000027e+03 1.765450000000000045e+03 1.720380000000000109e+03 1.723880000000000109e+03 1.682500000000000000e+03 1.699490000000000009e+03 9.000000000000000000e+00
5.070000000000000000e+03 1.765670000000000073e+03 1.759480000000000018e+03 1.787289999999999964e+03 1.781579999999999927e+03 1.783470000000000027e+03 1.765450000000000045e+03 1.720380000000000109e+03 1.723880000000000109e+03 1.682500000000000000e+03 1.699490000000000009e+03 1.694619999999999891e+03 9.000000000000000000e+00
5.121000000000000000e+03 1.676750000000000000e+03 1.665359999999999900e+03 1.711619999999999891e+03 1.721920000000000073e+03 1.736380000000000109e+03 1.730079999999999927e+03 1.737630000000000109e+03 1.744309999999999945e+03 1.759430000000000064e+03 1.727410000000000082e+03 1.721529999999999973e+03 9.000000000000000000e+00
5.183000000000000000e+03 1.642220000000000027e+03 1.638819999999999936e+03 1.641619999999999891e+03 1.644750000000000000e+03 1.656849999999999909e+03 1.662170000000000073e+03 1.665019999999999982e+03 1.662109999999999900e+03 1.654150000000000091e+03 1.636089999999999918e+03 1.641750000000000000e+03 9.000000000000000000e+00
5.184000000000000000e+03 1.638819999999999936e+03 1.641619999999999891e+03 1.644750000000000000e+03 1.656849999999999909e+03 1.662170000000000073e+03 1.665019999999999982e+03 1.662109999999999900e+03 1.654150000000000091e+03 1.636089999999999918e+03 1.641750000000000000e+03 1.638599999999999909e+03 9.000000000000000000e+00
5.185000000000000000e+03 1.641619999999999891e+03 1.644750000000000000e+03 1.656849999999999909e+03 1.662170000000000073e+03 1.665019999999999982e+03 1.662109999999999900e+03 1.654150000000000091e+03 1.636089999999999918e+03 1.641750000000000000e+03 1.638599999999999909e+03 1.605160000000000082e+03 9.000000000000000000e+00
5.186000000000000000e+03 1.644750000000000000e+03 1.656849999999999909e+03 1.662170000000000073e+03 1.665019999999999982e+03 1.662109999999999900e+03 1.654150000000000091e+03 1.636089999999999918e+03 1.641750000000000000e+03 1.638599999999999909e+03 1.605160000000000082e+03 1.590119999999999891e+03 9.000000000000000000e+00
5.187000000000000000e+03 1.656849999999999909e+03 1.662170000000000073e+03 1.665019999999999982e+03 1.662109999999999900e+03 1.654150000000000091e+03 1.636089999999999918e+03 1.641750000000000000e+03 1.638599999999999909e+03 1.605160000000000082e+03 1.590119999999999891e+03 1.594690000000000055e+03 9.000000000000000000e+00
5.188000000000000000e+03 1.662170000000000073e+03 1.665019999999999982e+03 1.662109999999999900e+03 1.654150000000000091e+03 1.636089999999999918e+03 1.641750000000000000e+03 1.638599999999999909e+03 1.605160000000000082e+03 1.590119999999999891e+03 1.594690000000000055e+03 1.579809999999999945e+03 9.000000000000000000e+00
5.329000000000000000e+03 1.727640000000000100e+03 1.725039999999999964e+03 1.726769999999999982e+03 1.712980000000000018e+03 1.713119999999999891e+03 1.730910000000000082e+03 1.726920000000000073e+03 1.728990000000000009e+03 1.729589999999999918e+03 1.751109999999999900e+03 1.748839999999999918e+03 9.000000000000000000e+00
5.330000000000000000e+03 1.725039999999999964e+03 1.726769999999999982e+03 1.712980000000000018e+03 1.713119999999999891e+03 1.730910000000000082e+03 1.726920000000000073e+03 1.728990000000000009e+03 1.729589999999999918e+03 1.751109999999999900e+03 1.748839999999999918e+03 1.741369999999999891e+03 9.000000000000000000e+00
5.331000000000000000e+03 1.726769999999999982e+03 1.712980000000000018e+03 1.713119999999999891e+03 1.730910000000000082e+03 1.726920000000000073e+03 1.728990000000000009e+03 1.729589999999999918e+03 1.751109999999999900e+03 1.748839999999999918e+03 1.741369999999999891e+03 1.718690000000000055e+03 9.000000000000000000e+00
5.340000000000000000e+03 1.741369999999999891e+03 1.718690000000000055e+03 1.726220000000000027e+03 1.714150000000000091e+03 1.717240000000000009e+03 1.695910000000000082e+03 1.693779999999999973e+03 1.699170000000000073e+03 1.703309999999999945e+03 1.712480000000000018e+03 1.709490000000000009e+03 9.000000000000000000e+00
5.342000000000000000e+03 1.726220000000000027e+03 1.714150000000000091e+03 1.717240000000000009e+03 1.695910000000000082e+03 1.693779999999999973e+03 1.699170000000000073e+03 1.703309999999999945e+03 1.712480000000000018e+03 1.709490000000000009e+03 1.713140000000000100e+03 1.696750000000000000e+03 9.000000000000000000e+00
5.343000000000000000e+03 1.714150000000000091e+03 1.717240000000000009e+03 1.695910000000000082e+03 1.693779999999999973e+03 1.699170000000000073e+03 1.703309999999999945e+03 1.712480000000000018e+03 1.709490000000000009e+03 1.713140000000000100e+03 1.696750000000000000e+03 1.695490000000000009e+03 9.000000000000000000e+00
5.344000000000000000e+03 1.717240000000000009e+03 1.695910000000000082e+03 1.693779999999999973e+03 1.699170000000000073e+03 1.703309999999999945e+03 1.712480000000000018e+03 1.709490000000000009e+03 1.713140000000000100e+03 1.696750000000000000e+03 1.695490000000000009e+03 1.696740000000000009e+03 9.000000000000000000e+00
5.345000000000000000e+03 1.695910000000000082e+03 1.693779999999999973e+03 1.699170000000000073e+03 1.703309999999999945e+03 1.712480000000000018e+03 1.709490000000000009e+03 1.713140000000000100e+03 1.696750000000000000e+03 1.695490000000000009e+03 1.696740000000000009e+03 1.670450000000000045e+03 9.000000000000000000e+00
5.346000000000000000e+03 1.693779999999999973e+03 1.699170000000000073e+03 1.703309999999999945e+03 1.712480000000000018e+03 1.709490000000000009e+03 1.713140000000000100e+03 1.696750000000000000e+03 1.695490000000000009e+03 1.696740000000000009e+03 1.670450000000000045e+03 1.668849999999999909e+03 9.000000000000000000e+00
5.347000000000000000e+03 1.699170000000000073e+03 1.703309999999999945e+03 1.712480000000000018e+03 1.709490000000000009e+03 1.713140000000000100e+03 1.696750000000000000e+03 1.695490000000000009e+03 1.696740000000000009e+03 1.670450000000000045e+03 1.668849999999999909e+03 1.647339999999999918e+03 9.000000000000000000e+00
5.348000000000000000e+03 1.703309999999999945e+03 1.712480000000000018e+03 1.709490000000000009e+03 1.713140000000000100e+03 1.696750000000000000e+03 1.695490000000000009e+03 1.696740000000000009e+03 1.670450000000000045e+03 1.668849999999999909e+03 1.647339999999999918e+03 1.656940000000000055e+03 9.000000000000000000e+00
5.570000000000000000e+03 1.315730000000000018e+03 1.315880000000000109e+03 1.340029999999999973e+03 1.333130000000000109e+03 1.346460000000000036e+03 1.351279999999999973e+03 1.352880000000000109e+03 1.345079999999999927e+03 1.344380000000000109e+03 1.323539999999999964e+03 1.314009999999999991e+03 9.000000000000000000e+00
5.571000000000000000e+03 1.315880000000000109e+03 1.340029999999999973e+03 1.333130000000000109e+03 1.346460000000000036e+03 1.351279999999999973e+03 1.352880000000000109e+03 1.345079999999999927e+03 1.344380000000000109e+03 1.323539999999999964e+03 1.314009999999999991e+03 1.313730000000000018e+03 9.000000000000000000e+00
5.572000000000000000e+03 1.340029999999999973e+03 1.333130000000000109e+03 1.346460000000000036e+03 1.351279999999999973e+03 1.352880000000000109e+03 1.345079999999999927e+03 1.344380000000000109e+03 1.323539999999999964e+03 1.314009999999999991e+03 1.313730000000000018e+03 1.310980000000000018e+03 9.000000000000000000e+00
5.573000000000000000e+03 1.333130000000000109e+03 1.346460000000000036e+03 1.351279999999999973e+03 1.352880000000000109e+03 1.345079999999999927e+03 1.344380000000000109e+03 1.323539999999999964e+03 1.314009999999999991e+03 1.313730000000000018e+03 1.310980000000000018e+03 1.317980000000000018e+03 9.000000000000000000e+00
5.574000000000000000e+03 1.346460000000000036e+03 1.351279999999999973e+03 1.352880000000000109e+03 1.345079999999999927e+03 1.344380000000000109e+03 1.323539999999999964e+03 1.314009999999999991e+03 1.313730000000000018e+03 1.310980000000000018e+03 1.317980000000000018e+03 1.304680000000000064e+03 9.000000000000000000e+00
5.575000000000000000e+03 1.351279999999999973e+03 1.352880000000000109e+03 1.345079999999999927e+03 1.344380000000000109e+03 1.323539999999999964e+03 1.314009999999999991e+03 1.313730000000000018e+03 1.310980000000000018e+03 1.317980000000000018e+03 1.304680000000000064e+03 1.288130000000000109e+03 9.000000000000000000e+00
5.576000000000000000e+03 1.352880000000000109e+03 1.345079999999999927e+03 1.344380000000000109e+03 1.323539999999999964e+03 1.314009999999999991e+03 1.313730000000000018e+03 1.310980000000000018e+03 1.317980000000000018e+03 1.304680000000000064e+03 1.288130000000000109e+03 1.283480000000000018e+03 9.000000000000000000e+00
5.577000000000000000e+03 1.345079999999999927e+03 1.344380000000000109e+03 1.323539999999999964e+03 1.314009999999999991e+03 1.313730000000000018e+03 1.310980000000000018e+03 1.317980000000000018e+03 1.304680000000000064e+03 1.288130000000000109e+03 1.283480000000000018e+03 1.267529999999999973e+03 9.000000000000000000e+00
5.578000000000000000e+03 1.344380000000000109e+03 1.323539999999999964e+03 1.314009999999999991e+03 1.313730000000000018e+03 1.310980000000000018e+03 1.317980000000000018e+03 1.304680000000000064e+03 1.288130000000000109e+03 1.283480000000000018e+03 1.267529999999999973e+03 1.273680000000000064e+03 9.000000000000000000e+00
5.699000000000000000e+03 1.283869999999999891e+03 1.292509999999999991e+03 1.302130000000000109e+03 1.295910000000000082e+03 1.295970000000000027e+03 1.290799999999999955e+03 1.284569999999999936e+03 1.298599999999999909e+03 1.309769999999999982e+03 1.308460000000000036e+03 1.289690000000000055e+03 9.000000000000000000e+00
5.700000000000000000e+03 1.292509999999999991e+03 1.302130000000000109e+03 1.295910000000000082e+03 1.295970000000000027e+03 1.290799999999999955e+03 1.284569999999999936e+03 1.298599999999999909e+03 1.309769999999999982e+03 1.308460000000000036e+03 1.289690000000000055e+03 1.288160000000000082e+03 9.000000000000000000e+00
5.707000000000000000e+03 1.309769999999999982e+03 1.308460000000000036e+03 1.289690000000000055e+03 1.288160000000000082e+03 1.288599999999999909e+03 1.295750000000000000e+03 1.293299999999999955e+03 1.305740000000000009e+03 1.296319999999999936e+03 1.292690000000000055e+03 1.292789999999999964e+03 9.000000000000000000e+00
5.708000000000000000e+03 1.308460000000000036e+03 1.289690000000000055e+03 1.288160000000000082e+03 1.288599999999999909e+03 1.295750000000000000e+03 1.293299999999999955e+03 1.305740000000000009e+03 1.296319999999999936e+03 1.292690000000000055e+03 1.292789999999999964e+03 1.294130000000000109e+03 9.000000000000000000e+00
5.709000000000000000e+03 1.289690000000000055e+03 1.288160000000000082e+03 1.288599999999999909e+03 1.295750000000000000e+03 1.293299999999999955e+03 1.305740000000000009e+03 1.296319999999999936e+03 1.292690000000000055e+03 1.292789999999999964e+03 1.294130000000000109e+03 1.291759999999999991e+03 9.000000000000000000e+00
5.711000000000000000e+03 1.288599999999999909e+03 1.295750000000000000e+03 1.293299999999999955e+03 1.305740000000000009e+03 1.296319999999999936e+03 1.292690000000000055e+03 1.292789999999999964e+03 1.294130000000000109e+03 1.291759999999999991e+03 1.293490000000000009e+03 1.292400000000000091e+03 9.000000000000000000e+00
5.712000000000000000e+03 1.295750000000000000e+03 1.293299999999999955e+03 1.305740000000000009e+03 1.296319999999999936e+03 1.292690000000000055e+03 1.292789999999999964e+03 1.294130000000000109e+03 1.291759999999999991e+03 1.293490000000000009e+03 1.292400000000000091e+03 1.294299999999999955e+03 9.000000000000000000e+00
5.713000000000000000e+03 1.293299999999999955e+03 1.305740000000000009e+03 1.296319999999999936e+03 1.292690000000000055e+03 1.292789999999999964e+03 1.294130000000000109e+03 1.291759999999999991e+03 1.293490000000000009e+03 1.292400000000000091e+03 1.294299999999999955e+03 1.265279999999999973e+03 9.000000000000000000e+00
5.714000000000000000e+03 1.305740000000000009e+03 1.296319999999999936e+03 1.292690000000000055e+03 1.292789999999999964e+03 1.294130000000000109e+03 1.291759999999999991e+03 1.293490000000000009e+03 1.292400000000000091e+03 1.294299999999999955e+03 1.265279999999999973e+03 1.258599999999999909e+03 9.000000000000000000e+00
5.715000000000000000e+03 1.296319999999999936e+03 1.292690000000000055e+03 1.292789999999999964e+03 1.294130000000000109e+03 1.291759999999999991e+03 1.293490000000000009e+03 1.292400000000000091e+03 1.294299999999999955e+03 1.265279999999999973e+03 1.258599999999999909e+03 1.255380000000000109e+03 9.000000000000000000e+00
5.932000000000000000e+03 1.194970000000000027e+03 1.203420000000000073e+03 1.186089999999999918e+03 1.183200000000000045e+03 1.203789999999999964e+03 1.202039999999999964e+03 1.214799999999999955e+03 1.208769999999999982e+03 1.202940000000000055e+03 1.194210000000000036e+03 1.199069999999999936e+03 9.000000000000000000e+00
5.949000000000000000e+03 1.188170000000000073e+03 1.194329999999999927e+03 1.178970000000000027e+03 1.201730000000000018e+03 1.211980000000000018e+03 1.204789999999999964e+03 1.184569999999999936e+03 1.178019999999999982e+03 1.193519999999999982e+03 1.192269999999999982e+03 1.184289999999999964e+03 9.000000000000000000e+00
5.951000000000000000e+03 1.178970000000000027e+03 1.201730000000000018e+03 1.211980000000000018e+03 1.204789999999999964e+03 1.184569999999999936e+03 1.178019999999999982e+03 1.193519999999999982e+03 1.192269999999999982e+03 1.184289999999999964e+03 1.187519999999999982e+03 1.183819999999999936e+03 9.000000000000000000e+00
5.952000000000000000e+03 1.201730000000000018e+03 1.211980000000000018e+03 1.204789999999999964e+03 1.184569999999999936e+03 1.178019999999999982e+03 1.193519999999999982e+03 1.192269999999999982e+03 1.184289999999999964e+03 1.187519999999999982e+03 1.183819999999999936e+03 1.192569999999999936e+03 9.000000000000000000e+00
6.220000000000000000e+03 1.219650000000000091e+03 1.213089999999999918e+03 1.205569999999999936e+03 1.215160000000000082e+03 1.212900000000000091e+03 1.210990000000000009e+03 1.244539999999999964e+03 1.245230000000000018e+03 1.243900000000000091e+03 1.262140000000000100e+03 1.269440000000000055e+03 9.000000000000000000e+00
6.221000000000000000e+03 1.213089999999999918e+03 1.205569999999999936e+03 1.215160000000000082e+03 1.212900000000000091e+03 1.210990000000000009e+03 1.244539999999999964e+03 1.245230000000000018e+03 1.243900000000000091e+03 1.262140000000000100e+03 1.269440000000000055e+03 1.274039999999999964e+03 9.000000000000000000e+00
6.487000000000000000e+03 1.266299999999999955e+03 1.261180000000000064e+03 1.253950000000000045e+03 1.253900000000000091e+03 1.243750000000000000e+03 1.243210000000000036e+03 1.246589999999999918e+03 1.250509999999999991e+03 1.256829999999999927e+03 1.244480000000000018e+03 1.247200000000000045e+03 9.000000000000000000e+00
6.488000000000000000e+03 1.261180000000000064e+03 1.253950000000000045e+03 1.253900000000000091e+03 1.243750000000000000e+03 1.243210000000000036e+03 1.246589999999999918e+03 1.250509999999999991e+03 1.256829999999999927e+03 1.244480000000000018e+03 1.247200000000000045e+03 1.249109999999999900e+03 9.000000000000000000e+00
6.489000000000000000e+03 1.253950000000000045e+03 1.253900000000000091e+03 1.243750000000000000e+03 1.243210000000000036e+03 1.246589999999999918e+03 1.250509999999999991e+03 1.256829999999999927e+03 1.244480000000000018e+03 1.247200000000000045e+03 1.249109999999999900e+03 1.245339999999999918e+03 9.000000000000000000e+00
6.498000000000000000e+03 1.249109999999999900e+03 1.245339999999999918e+03 1.241609999999999900e+03 1.220380000000000109e+03 1.224190000000000055e+03 1.226980000000000018e+03 1.225200000000000045e+03 1.213059999999999945e+03 1.214259999999999991e+03 1.217420000000000073e+03 1.220450000000000045e+03 9.000000000000000000e+00
6.516000000000000000e+03 1.255319999999999936e+03 1.250009999999999991e+03 1.260970000000000027e+03 1.259250000000000000e+03 1.269609999999999900e+03 1.269519999999999982e+03 1.268920000000000073e+03 1.266650000000000091e+03 1.268589999999999918e+03 1.258769999999999982e+03 1.257950000000000045e+03 9.000000000000000000e+00
6.517000000000000000e+03 1.250009999999999991e+03 1.260970000000000027e+03 1.259250000000000000e+03 1.269609999999999900e+03 1.269519999999999982e+03 1.268920000000000073e+03 1.266650000000000091e+03 1.268589999999999918e+03 1.258769999999999982e+03 1.257950000000000045e+03 1.260809999999999945e+03 9.000000000000000000e+00
6.518000000000000000e+03 1.260970000000000027e+03 1.259250000000000000e+03 1.269609999999999900e+03 1.269519999999999982e+03 1.268920000000000073e+03 1.266650000000000091e+03 1.268589999999999918e+03 1.258769999999999982e+03 1.257950000000000045e+03 1.260809999999999945e+03 1.277349999999999909e+03 9.000000000000000000e+00
6.585000000000000000e+03 1.273779999999999973e+03 1.275710000000000036e+03 1.270750000000000000e+03 1.274500000000000000e+03 1.275799999999999955e+03 1.269720000000000027e+03 1.281430000000000064e+03 1.276220000000000027e+03 1.280690000000000055e+03 1.285400000000000091e+03 1.276160000000000082e+03 9.000000000000000000e+00
6.586000000000000000e+03 1.275710000000000036e+03 1.270750000000000000e+03 1.274500000000000000e+03 1.275799999999999955e+03 1.269720000000000027e+03 1.281430000000000064e+03 1.276220000000000027e+03 1.280690000000000055e+03 1.285400000000000091e+03 1.276160000000000082e+03 1.277539999999999964e+03 9.000000000000000000e+00
6.587000000000000000e+03 1.270750000000000000e+03 1.274500000000000000e+03 1.275799999999999955e+03 1.269720000000000027e+03 1.281430000000000064e+03 1.276220000000000027e+03 1.280690000000000055e+03 1.285400000000000091e+03 1.276160000000000082e+03 1.277539999999999964e+03 1.280529999999999973e+03 9.000000000000000000e+00
6.588000000000000000e+03 1.274500000000000000e+03 1.275799999999999955e+03 1.269720000000000027e+03 1.281430000000000064e+03 1.276220000000000027e+03 1.280690000000000055e+03 1.285400000000000091e+03 1.276160000000000082e+03 1.277539999999999964e+03 1.280529999999999973e+03 1.278609999999999900e+03 9.000000000000000000e+00
6.589000000000000000e+03 1.275799999999999955e+03 1.269720000000000027e+03 1.281430000000000064e+03 1.276220000000000027e+03 1.280690000000000055e+03 1.285400000000000091e+03 1.276160000000000082e+03 1.277539999999999964e+03 1.280529999999999973e+03 1.278609999999999900e+03 1.278269999999999982e+03 9.000000000000000000e+00
6.590000000000000000e+03 1.269720000000000027e+03 1.281430000000000064e+03 1.276220000000000027e+03 1.280690000000000055e+03 1.285400000000000091e+03 1.276160000000000082e+03 1.277539999999999964e+03 1.280529999999999973e+03 1.278609999999999900e+03 1.278269999999999982e+03 1.293829999999999927e+03 9.000000000000000000e+00
6.591000000000000000e+03 1.281430000000000064e+03 1.276220000000000027e+03 1.280690000000000055e+03 1.285400000000000091e+03 1.276160000000000082e+03 1.277539999999999964e+03 1.280529999999999973e+03 1.278609999999999900e+03 1.278269999999999982e+03 1.293829999999999927e+03 1.276900000000000091e+03 9.000000000000000000e+00
6.592000000000000000e+03 1.276220000000000027e+03 1.280690000000000055e+03 1.285400000000000091e+03 1.276160000000000082e+03 1.277539999999999964e+03 1.280529999999999973e+03 1.278609999999999900e+03 1.278269999999999982e+03 1.293829999999999927e+03 1.276900000000000091e+03 1.280240000000000009e+03 9.000000000000000000e+00
6.593000000000000000e+03 1.280690000000000055e+03 1.285400000000000091e+03 1.276160000000000082e+03 1.277539999999999964e+03 1.280529999999999973e+03 1.278609999999999900e+03 1.278269999999999982e+03 1.293829999999999927e+03 1.276900000000000091e+03 1.280240000000000009e+03 1.291849999999999909e+03 9.000000000000000000e+00
6.594000000000000000e+03 1.285400000000000091e+03 1.276160000000000082e+03 1.277539999999999964e+03 1.280529999999999973e+03 1.278609999999999900e+03 1.278269999999999982e+03 1.293829999999999927e+03 1.276900000000000091e+03 1.280240000000000009e+03 1.291849999999999909e+03 1.290599999999999909e+03 9.000000000000000000e+00
6.595000000000000000e+03 1.276160000000000082e+03 1.277539999999999964e+03 1.280529999999999973e+03 1.278609999999999900e+03 1.278269999999999982e+03 1.293829999999999927e+03 1.276900000000000091e+03 1.280240000000000009e+03 1.291849999999999909e+03 1.290599999999999909e+03 1.287750000000000000e+03 9.000000000000000000e+00
