1.000000000000000000e+00 1.943048576214409170e-02
2.080000000000000000e+02 1.475471440350521139e-03
3.300000000000000000e+01 -5.962530167134598436e-03
5.300000000000000000e+01 -1.752624497132953879e-03
5.880000000000000000e+02 9.372330985720091602e-04
2.000000000000000000e+00 -2.785923884736542754e-03
1.500000000000000000e+01 -1.388435520560829615e-03
5.000000000000000000e+00 -5.892930804211347689e-04
8.000000000000000000e+00 -6.451352185712426815e-03
9.000000000000000000e+00 1.026036815241917078e-03
3.800000000000000000e+01 1.970023609579926466e-03
1.000000000000000000e+00 4.173512980611235323e-02
1.000000000000000000e+00 2.839116719242902251e-02
1.000000000000000000e+00 -4.601226993865030999e-03
1.000000000000000000e+00 -6.779661016949117651e-03
1.000000000000000000e+00 -8.687558175612817429e-03
1.000000000000000000e+00 -2.363989637305703023e-02
1.000000000000000000e+00 -9.950248756218905283e-03
1.600000000000000000e+01 1.872608866742135093e-03
2.000000000000000000e+00 2.110882136087452628e-03
1.000000000000000000e+00 -5.564387917329068241e-03
6.000000000000000000e+00 5.876796332289470348e-03
3.000000000000000000e+00 -7.271068413317212376e-04
1.000000000000000000e+00 2.820891118323986743e-02
1.000000000000000000e+00 3.334672559260755398e-02
3.000000000000000000e+00 -8.324159858438345827e-03
2.000000000000000000e+00 2.464937332820978620e-03
1.000000000000000000e+00 -9.059729502362001696e-03
5.110000000000000000e+02 -1.066592329502331964e-04
1.730000000000000000e+02 -3.832822224544139736e-04
5.000000000000000000e+00 4.486931358670660439e-03
1.000000000000000000e+00 -1.055321039768940261e-02
1.000000000000000000e+00 -1.133939598068937037e-02
1.100000000000000000e+01 1.291989467419028944e-03
1.740000000000000000e+02 -2.021072184059249184e-04
1.750000000000000000e+02 5.053666015036641914e-04
6.100000000000000000e+01 2.599335128345831719e-03
3.000000000000000000e+00 1.257750848840753777e-02
9.000000000000000000e+00 5.395037823269359031e-03
2.000000000000000000e+00 -1.865709706670315438e-02
2.000000000000000000e+00 -2.592478113433404133e-02
1.310000000000000000e+02 1.171036406782664492e-03
1.800000000000000000e+01 4.983119235550088379e-03
4.000000000000000000e+00 7.622267396144490753e-04
8.000000000000000000e+00 4.402995177188661138e-03
2.500000000000000000e+01 -2.087512942856287537e-03
2.680000000000000000e+02 1.009260086085792029e-03
2.000000000000000000e+00 -4.199249988090045932e-04
5.800000000000000000e+01 2.497611034463158744e-05
1.000000000000000000e+00 1.265822784810134716e-02
1.000000000000000000e+00 1.822916666666666782e-02
2.000000000000000000e+00 1.409610066339456007e-02
1.000000000000000000e+00 -1.138785701236210909e-02
1.800000000000000000e+01 2.424758671529730642e-03
7.000000000000000000e+00 2.862464386378254805e-03
3.100000000000000000e+01 2.213917530982405756e-03
2.580000000000000000e+02 6.183129131411763731e-04
3.760000000000000000e+02 3.331093335891333117e-04
1.000000000000000000e+00 6.415132984170628279e-03
1.000000000000000000e+00 8.816368063379081271e-03
1.000000000000000000e+00 1.000734880906055738e-02
3.000000000000000000e+00 1.007190554889183381e-02
5.000000000000000000e+00 1.211143114990506295e-02
7.000000000000000000e+00 -6.276717124037230373e-03
7.000000000000000000e+00 -7.018135594881195951e-04
1.770000000000000000e+02 -4.810388860573111113e-04
2.000000000000000000e+00 1.684973719594754643e-03
2.700000000000000000e+01 1.711839650187775954e-03
3.300000000000000000e+01 -1.106869072491658797e-04
1.250000000000000000e+02 -1.434719978013418830e-03
5.000000000000000000e+00 1.700004634152619751e-02
1.000000000000000000e+00 1.587254406563021886e-02
6.900000000000000000e+01 2.871252955956001343e-04
2.000000000000000000e+00 -2.061870960586829199e-02
6.000000000000000000e+01 1.139492938121510575e-03
5.000000000000000000e+00 3.664646366070548143e-03
1.780000000000000000e+02 9.413038067122691394e-04
1.000000000000000000e+00 -5.609915198956235208e-03
5.000000000000000000e+00 -6.696775957199862855e-04
2.900000000000000000e+01 5.243168092376628356e-03
4.000000000000000000e+00 1.507412074424332830e-02
1.000000000000000000e+00 -9.308510638297910061e-03
1.000000000000000000e+00 -1.031592520954219445e-02
3.250000000000000000e+02 6.878218635970116375e-04
3.000000000000000000e+00 -3.642686787122955544e-02
1.020000000000000000e+02 1.480715244500417378e-03
3.100000000000000000e+01 1.891310274241864023e-03
3.000000000000000000e+01 -1.486543469584631488e-03
5.300000000000000000e+01 -5.292172139240929702e-04
1.000000000000000000e+01 -5.693952421108846966e-03
1.700000000000000000e+02 -1.072934430767657002e-03
1.000000000000000000e+01 -1.222849973712043315e-03
5.300000000000000000e+01 1.866682566048728006e-03
1.900000000000000000e+01 -3.223741957726546960e-03
2.000000000000000000e+00 1.195355998895286133e-02
1.390000000000000000e+02 -1.213176577613538868e-03
7.000000000000000000e+00 -8.223380587553199314e-05
3.000000000000000000e+00 -2.703224051843998877e-03
4.000000000000000000e+00 8.040887484410811845e-03
3.400000000000000000e+01 -1.403751476358661675e-03
4.000000000000000000e+00 1.399961120413014196e-02
3.200000000000000000e+01 -9.162351697375127266e-04
1.000000000000000000e+01 7.922987600729413521e-03
5.000000000000000000e+00 1.307622158249633921e-03
2.440000000000000000e+02 -3.174380664432289220e-04
5.700000000000000000e+01 -1.456255907685996727e-03
1.000000000000000000e+01 -1.219457701708505717e-03
3.000000000000000000e+00 -5.136129201504534975e-03
4.700000000000000000e+01 1.199552829790745661e-03
8.000000000000000000e+00 -6.534056697594181964e-04
1.700000000000000000e+02 4.305659209184865377e-04
1.930000000000000000e+02 -3.453930993291384250e-05
1.100000000000000000e+01 2.185056847168432952e-03
4.700000000000000000e+01 -1.335540115919531430e-03
1.220000000000000000e+02 1.845137067042642003e-04
6.200000000000000000e+01 1.915124724199543035e-04
1.690000000000000000e+02 -1.232871846243035465e-03
2.000000000000000000e+00 -7.153277448039003020e-03
5.000000000000000000e+00 -1.058181743754154150e-02
5.900000000000000000e+01 -2.197975607427641621e-04
8.700000000000000000e+01 -3.019836645129396545e-04
4.600000000000000000e+01 1.308032585796644687e-03
3.000000000000000000e+00 -1.674986213299334845e-03
5.900000000000000000e+01 -1.798786958739962121e-03
5.000000000000000000e+00 2.811629976342906647e-03
1.650000000000000000e+02 -2.782616270572817207e-04
7.000000000000000000e+00 -2.499063613686978123e-03
3.900000000000000000e+01 -9.018070374763717447e-04
