2.600000000000000000e+02 6.241753976431300144e-01 5.581867873841781513e-01 4.689702103598443750e-01 4.807740663595548303e-01 5.359820929481088347e-01 3.979421253562135385e-01 2.625009659847217236e-01 4.099722408267599261e-01 2.851709461027515657e-01 2.561912892695433763e-01
2.950000000000000000e+02 6.563062293405594883e-01 5.603006841564300844e-01 5.344331325629920748e-01 4.053320549076858126e-01 5.145358924723723026e-01 3.609399234172464555e-01 2.871231189110721171e-01 3.287535044477025159e-01 3.553972447233080256e-01 2.472435659813089770e-01
3.140000000000000000e+02 7.051020501917679706e-01 6.139610300092501749e-01 5.824702222158503195e-01 4.545691416342909075e-01 3.487656179260218980e-01 3.988275595762307835e-01 4.203556017531311917e-01 3.351154100300115513e-01 2.469145513611604170e-01 1.600785848987507920e-01
7.500000000000000000e+02 7.005840777708502998e-01 6.378554034391886729e-01 5.705473495900736935e-01 4.658024427902047182e-01 4.086620713186240317e-01 4.183454450270915337e-01 3.233205534951031912e-01 2.675220228047872628e-01 2.724420889424348791e-01 2.056615080853415323e-01
2.428000000000000000e+03 6.136939428168527444e-01 5.679253291366780365e-01 4.856059146828362039e-01 3.317198435900046150e-01 7.018770705421867317e-01 3.024191240541361236e-01 2.753559242191256362e-01 3.337237453572559631e-01 3.730017998122348577e-01 2.832405465464578054e-01
2.431000000000000000e+03 4.899654512337909829e-01 7.753024743938412566e-01 4.857360474632775316e-01 4.752088614756040386e-01 4.800667975113326325e-01 4.838252750452888273e-01 3.091973345713517340e-01 3.164622481999099235e-01 2.393731028957673257e-01 2.502824580509036001e-01
2.532000000000000000e+03 5.336952630061730929e-01 4.657867793272891799e-01 4.707459888659182856e-01 4.672609523870075998e-01 6.017198033443177385e-01 4.338803274490621864e-01 3.994749594289896399e-01 4.241298037247399066e-01 2.795032554344537012e-01 2.470795221366871297e-01
2.755000000000000000e+03 6.372173632738484805e-01 5.221361330570740700e-01 4.494788092518665623e-01 5.232778937773947536e-01 4.299121371328538666e-01 4.149843796987946476e-01 2.958273904826280165e-01 3.824076613265899316e-01 3.655636524660814679e-01 2.322704539549989289e-01
2.781000000000000000e+03 6.070291967559747759e-01 6.833488633177173810e-01 5.694020009486806533e-01 4.738026559654008318e-01 3.756250749909589848e-01 3.421897561516809572e-01 2.859480383411380222e-01 3.336650163927463719e-01 3.085804708069956881e-01 2.521626314150423043e-01
2.782000000000000000e+03 7.135963851229889521e-01 6.202814190332421873e-01 5.338949737854955524e-01 4.829905658860749185e-01 4.060081750347023233e-01 3.692694204026109595e-01 3.597749249788195214e-01 3.272840895619589796e-01 2.747509639531491299e-01 1.792498239866000265e-01
2.954000000000000000e+03 6.787593399591843601e-01 5.982957415388936440e-01 5.861518751361157742e-01 4.936158246376458614e-01 4.858798808298418481e-01 4.894274546407366144e-01 3.116338880824584545e-01 3.442192532233183111e-01 2.307875928863896142e-01 1.220411132122770220e-01
3.406000000000000000e+03 6.646730289792395219e-01 6.595472083699938093e-01 6.082266993642958530e-01 4.760919424429499447e-01 3.703455632410257437e-01 4.231154810687281498e-01 3.399378526778307763e-01 2.833743859270717591e-01 2.516187017006322191e-01 1.970639781610269425e-01
3.472000000000000000e+03 6.758510307356498936e-01 6.136210536978182750e-01 4.746915172559358354e-01 4.588393325534472211e-01 4.041974638198321257e-01 3.883125509947453757e-01 3.570804243043214088e-01 2.897550029359070023e-01 3.548295219149156243e-01 2.220583748150497250e-01
3.473000000000000000e+03 6.574730333654390524e-01 5.431093187702035197e-01 5.309009338249390808e-01 5.195699003035235686e-01 4.750402144521074232e-01 4.594019330662185152e-01 3.198435552665291892e-01 3.867665885524445013e-01 2.498809319821067021e-01 1.739213779760874490e-01
3.530000000000000000e+03 5.511947185783455661e-01 6.098841641123677881e-01 5.246472040417975435e-01 5.317087519557841535e-01 4.270245527379436523e-01 3.862179323174991241e-01 3.547797644132328898e-01 3.668451286871986516e-01 3.437706948867998435e-01 1.874803775775529258e-01
3.546000000000000000e+03 6.398191567674582636e-01 5.620400680458732534e-01 4.934318147667499654e-01 4.514687936354790376e-01 4.554187336941774578e-01 3.491709992971496757e-01 2.570234350591859562e-01 4.233788775626207146e-01 3.806377473235392772e-01 2.208103144620751634e-01
3.549000000000000000e+03 5.453234476602444314e-01 5.780660933833693393e-01 4.926930589759536683e-01 4.124406337340805750e-01 5.680125822239331379e-01 4.546745832352055428e-01 1.906356923805824222e-01 3.422568492293905917e-01 4.050172879253949865e-01 2.769753232706549384e-01
3.552000000000000000e+03 5.284757148032980245e-01 6.650118150740925715e-01 5.997209551944705508e-01 3.494979969740963921e-01 4.627713855325319980e-01 5.025417335912606420e-01 2.784379483076927508e-01 3.126813364541847773e-01 2.591662032361939372e-01 3.038959133617956665e-01
3.610000000000000000e+03 5.104750534653142990e-01 5.615389516710436180e-01 5.603499242518090728e-01 4.304202636642925350e-01 4.296773099871579182e-01 5.520369502255735306e-01 3.492111698693007860e-01 3.546813862970470410e-01 2.818253939189742652e-01 2.573719962870964495e-01
3.611000000000000000e+03 5.788803088740980263e-01 5.875341277974952536e-01 4.702996674629761342e-01 4.984390067225109022e-01 6.229416089994833650e-01 4.093307963121892712e-01 3.561635078670737919e-01 2.739217318281269575e-01 2.585304986291055984e-01 2.746941555691095327e-01
3.985000000000000000e+03 5.967227975416543595e-01 5.214180882883207024e-01 5.361479514807043767e-01 4.332992959874198968e-01 4.826586914581499355e-01 4.339014739811003496e-01 3.326080027808179240e-01 3.765726092251400203e-01 3.182947188037449915e-01 2.405386946923848968e-01
3.992000000000000000e+03 7.340234458066230427e-01 6.659594287163156379e-01 5.501993993175250397e-01 4.345680517904447204e-01 4.316125549727419242e-01 3.979649836419421050e-01 2.558604642673678597e-01 3.225377364548654424e-01 2.584475433540281974e-01 2.061822177639149600e-01
4.009000000000000000e+03 7.213481733895648063e-01 7.091342879671639343e-01 5.346958500880175658e-01 4.936836233756584091e-01 3.851602623755630006e-01 3.664457263970930523e-01 2.686644367072855144e-01 3.117484586959886617e-01 2.748319671276872045e-01 1.882353027406000190e-01
4.038000000000000000e+03 8.655571032817253041e-01 6.104944326456888115e-01 5.126140736230434536e-01 3.453434845750588678e-01 4.613140250606193038e-01 3.357007224896896291e-01 2.427160789159492349e-01 3.609578586469823214e-01 3.059733421854370361e-01 1.782484200840882271e-01
4.066000000000000000e+03 6.103971068820001067e-01 4.993973864832538800e-01 5.725142065750354892e-01 4.778067619894039164e-01 5.028994238459723043e-01 3.292879666328296095e-01 2.178013330683456206e-01 3.693546962040780701e-01 3.652708286755524947e-01 2.975720783224019561e-01
4.073000000000000000e+03 6.388785503981961877e-01 6.226067617463930670e-01 5.216274328753552902e-01 3.824125746438750140e-01 4.527708141935730679e-01 3.446401387451237808e-01 3.645914970288379742e-01 3.289918674927224673e-01 3.487937840028594860e-01 2.292501508337065064e-01
4.074000000000000000e+03 6.705361136357732565e-01 5.908781791551021012e-01 4.716737112354029149e-01 5.690300850697450619e-01 4.297363212102836005e-01 4.741848098998621697e-01 3.700602738542304593e-01 3.852481115046932358e-01 2.622880391913190445e-01 1.053346237350057252e-01
4.085000000000000000e+03 6.443685302851909213e-01 4.342971428667823375e-01 5.425854136733870847e-01 4.326263394902948867e-01 4.806505841252987077e-01 4.235524413747503436e-01 4.243322348343714912e-01 3.308623493621083433e-01 3.152851273733781046e-01 2.458990632766587803e-01
4.086000000000000000e+03 4.933209711263479291e-01 6.062433445628839790e-01 5.102755946090843375e-01 5.887194518783793740e-01 5.199937540163395155e-01 5.362147913921809783e-01 3.680745819599586244e-01 3.447809668460784516e-01 2.771219318979082913e-01 1.365837225178827552e-01
4.326000000000000000e+03 6.731285541479544721e-01 5.440118585911926097e-01 5.215284314403897392e-01 4.035300843875883614e-01 5.277559530676380062e-01 4.800803003252216428e-01 3.285579409685610019e-01 3.208180713596825440e-01 2.895412690518686105e-01 2.076571276581503644e-01
4.346000000000000000e+03 4.492870828509449854e-01 5.326789177387132312e-01 4.287697827086678903e-01 3.320390294122358421e-01 6.560614040505217126e-01 5.565729725580751408e-01 3.669794860791309454e-01 2.194170893532282340e-01 3.384886951315609904e-01 4.092855817645877914e-01
4.360000000000000000e+03 5.811411618564219506e-01 3.878430526295971181e-01 4.622323088498897503e-01 5.649633428564484472e-01 5.211344695769325464e-01 3.468955229706963128e-01 2.322201076206281412e-01 3.936131273454507862e-01 4.385412824700909429e-01 3.168775286859114027e-01
4.363000000000000000e+03 6.203073730621894155e-01 6.169440913737942456e-01 4.851774733369592085e-01 3.769222815115134684e-01 5.155084617648006962e-01 5.276388868485313299e-01 3.133373492698869334e-01 3.925352034607966778e-01 3.404262239271307333e-01 1.177446601856933645e-01
4.504000000000000000e+03 6.071702468985517021e-01 5.884174412871520099e-01 4.697114877460422111e-01 4.112084932348474831e-01 4.869656800513427752e-01 5.019728655251040061e-01 3.804637157070169806e-01 3.295023590254688717e-01 2.957424021884018095e-01 2.179699019755921841e-01
4.528000000000000000e+03 6.296939031304622514e-01 5.103146376387702743e-01 4.334157775373093102e-01 4.507618817238658870e-01 5.422974375893810928e-01 4.406178123014140025e-01 3.935778211755664446e-01 2.959396736225730073e-01 2.964858524102340076e-01 2.902096043357624833e-01
4.529000000000000000e+03 5.475348186295717623e-01 4.898055352725129152e-01 5.064217186800842319e-01 6.197693215669395350e-01 5.143650499146896760e-01 4.800672309354725997e-01 3.090467142447412829e-01 3.069026996394175200e-01 3.095704231759182079e-01 2.506987853860692117e-01
4.548000000000000000e+03 5.095481155097499881e-01 5.555570632811447362e-01 4.494592240625991386e-01 4.649554711186704159e-01 5.543854206965483922e-01 4.881118017317045421e-01 3.444824567557900341e-01 3.241577564520514154e-01 3.263598085473838895e-01 2.840692045598929849e-01
4.549000000000000000e+03 5.704330563608397409e-01 4.841206204238839850e-01 4.959182491315302643e-01 6.032871324111842570e-01 5.409065948558479109e-01 4.000887318945154369e-01 3.181446256910532844e-01 3.194273174143578697e-01 2.845306551110738935e-01 2.972408883572897342e-01
4.556000000000000000e+03 6.629066849955852492e-01 6.094281667421762583e-01 6.058299092537575703e-01 4.071503033736778576e-01 3.832190875555216425e-01 4.540471462893058696e-01 3.330311245518325913e-01 3.029902994480345724e-01 2.539780628730829437e-01 2.411928575376490469e-01
4.557000000000000000e+03 6.382521830789296136e-01 6.454440725162100545e-01 4.688676158078442513e-01 4.794856817343341460e-01 5.297433840760429336e-01 4.120128009834150284e-01 3.163749137751408758e-01 2.597485950020923529e-01 2.558726942781249791e-01 2.829718950571083469e-01
4.561000000000000000e+03 6.778734416565324050e-01 6.183655819560257560e-01 5.593571074410317312e-01 4.565401810689742601e-01 3.602050561241901261e-01 3.761806969932026679e-01 2.849562242990097971e-01 3.724225118672326862e-01 3.257137222777323760e-01 1.996225716674859541e-01
4.562000000000000000e+03 6.601259490016541109e-01 6.181299135729978467e-01 5.268989516461061173e-01 4.784714436009485650e-01 4.575421970308143349e-01 3.767092139369156989e-01 4.114348967340748509e-01 3.529397580899065190e-01 2.238321588202727419e-01 1.891042254888955221e-01
4.655000000000000000e+03 6.176044455558817869e-01 6.105712284757150998e-01 6.199648943285199776e-01 4.738333202905256614e-01 4.348831044338078988e-01 3.467617420974086206e-01 3.382121973607132293e-01 2.864767323357791939e-01 3.077845050875933075e-01 2.310386144092356486e-01
4.678000000000000000e+03 6.661558468536469269e-01 6.199467033267428429e-01 4.678467718352559146e-01 3.810293607520987003e-01 5.028014078861664515e-01 3.955736353361152258e-01 2.336705522652417766e-01 3.605373172185018515e-01 3.427740079808601625e-01 2.623875916941361131e-01
4.808000000000000000e+03 6.928610328443348676e-01 6.012361702891271253e-01 5.333397487771146528e-01 3.754951523471859454e-01 5.438400720625763407e-01 4.275428346950084224e-01 3.960498977165316514e-01 2.318049330577325040e-01 2.644270515304439906e-01 2.279041446727124998e-01
4.980000000000000000e+03 6.328511373578292742e-01 5.813360646902087092e-01 5.537332086447586121e-01 5.147093460590212999e-01 4.585295642382688497e-01 4.193969639027249618e-01 3.256670685531330434e-01 3.050526550844716023e-01 3.087205967884315561e-01 1.962219422921885337e-01
5.274000000000000000e+03 7.186968099059820592e-01 6.678928096219268751e-01 5.362073475302310266e-01 4.346755606154150131e-01 5.038797526417813089e-01 3.853142911611404098e-01 2.831391261182490959e-01 2.272274137760864066e-01 2.193122742258772073e-01 2.922663282192825007e-01
5.886000000000000000e+03 5.777601548542325993e-01 4.995163553533760181e-01 5.719883501989654340e-01 6.067692090365096602e-01 4.876863636462427931e-01 4.907523770678131059e-01 3.608060213782717240e-01 3.620043693225825088e-01 2.557310659909655115e-01 1.512716215962395250e-01
6.140000000000000000e+03 4.755220372075444346e-01 4.735526404868472539e-01 4.723020781125053524e-01 4.551568367622536027e-01 5.041727622197170744e-01 3.669295486819301733e-01 2.828810356093459100e-01 5.488088802072532690e-01 4.356476645205137332e-01 2.314686125932369776e-01
6.197000000000000000e+03 6.294610487392702236e-01 5.866303676096363828e-01 5.344729524826539180e-01 4.574723093468578972e-01 4.735963314377862887e-01 5.466956005282702646e-01 3.907278255272721990e-01 3.084178456192102624e-01 2.284150625747103647e-01 1.754355758444655078e-01
6.225000000000000000e+03 5.358599398805137248e-01 6.510493870532245708e-01 5.741314010527361900e-01 4.721885728089043610e-01 4.699979840635895578e-01 4.075851138395704121e-01 3.149525595761709096e-01 3.171937298163556851e-01 2.826390588340188526e-01 2.583585324589918741e-01
6.237000000000000000e+03 7.429479919453593206e-01 5.655894921872521852e-01 4.613052060709072477e-01 2.733112771675064723e-01 5.711309027097332125e-01 5.035080330420450556e-01 2.988461843782146965e-01 2.824757963970794261e-01 2.573692865935749974e-01 2.984132907086546327e-01
6.242000000000000000e+03 7.143903921454101136e-01 5.870726143116337115e-01 5.357630750504658312e-01 4.608946557655048126e-01 4.626868485581797641e-01 4.092890029488585601e-01 3.186898019009294925e-01 3.096061757822816118e-01 2.496059369741595590e-01 2.279915993902727478e-01
