2.620000000000000000e+02 5.580352192462257888e-01 5.786731755315593917e-01 6.444695804799851491e-01 5.495750258893949969e-01 3.852471440542256653e-01 5.290687506218409997e-01 3.070830484713527042e-01 2.804937489327724021e-01 2.939082270277001419e-01 1.908579679606715596e-01
2.970000000000000000e+02 6.260111359261729680e-01 5.351998274573079861e-01 6.447656087677164916e-01 5.292867047608387221e-01 4.400273079308060220e-01 4.449651605702349966e-01 4.104115681742792066e-01 2.840656013370143063e-01 2.067421996968432374e-01 2.063327983000432519e-01
1.660000000000000000e+03 6.618195857653765835e-01 7.033271432447291138e-01 6.272248169116464434e-01 5.942123901561784383e-01 4.217263257927872377e-01 3.821207668771776644e-01 3.395581097534930426e-01 3.021865708077808854e-01 1.777662650150086676e-01 1.308585128897831462e-01
2.015000000000000000e+03 4.282891111241993176e-01 9.945882944296796646e-01 5.856801868672559808e-01 4.105888275193809167e-01 4.895552026248893296e-01 6.975011694122346118e-01 3.882173306425826809e-01 2.578204909889326157e-01 9.740187884359795267e-02 7.404739824732804732e-02
2.533000000000000000e+03 5.034116936699726264e-01 5.202052414303607319e-01 5.165850838261393241e-01 6.672943072855801461e-01 5.010205414402351121e-01 4.823094554766813036e-01 4.500811976926832325e-01 2.849007532658790476e-01 2.596919673113853855e-01 1.945222333395406344e-01
2.757000000000000000e+03 5.287974825762319364e-01 5.969604207925556238e-01 5.499168369923898014e-01 5.489095021224800197e-01 4.088230946808204536e-01 4.765767868940479213e-01 3.906693102520578664e-01 2.381357088249647369e-01 2.959096227234349064e-01 2.634242943285006744e-01
2.783000000000000000e+03 6.620017140299194747e-01 5.951291093764992102e-01 5.494656991544504265e-01 5.188800252590062279e-01 4.493365145351690404e-01 4.602328856940241519e-01 3.604247139672543399e-01 2.970864310592402080e-01 2.017869676918992161e-01 2.185325515787725215e-01
2.926000000000000000e+03 6.591628576681607399e-01 6.139422336700250948e-01 6.121710070748639376e-01 6.627356078546587925e-01 4.343255378388515275e-01 4.302505771281610603e-01 3.735566813716394985e-01 2.727551242730472669e-01 1.474175236226752117e-01 1.615854498255318572e-01
2.938000000000000000e+03 6.724581482265715726e-01 5.764928869722074634e-01 5.569660125961811703e-01 6.574895585052271674e-01 4.482728561078948570e-01 4.747752229929699253e-01 3.532359677720515734e-01 2.204818939924128862e-01 2.235998869759812657e-01 1.744062293150466514e-01
2.955000000000000000e+03 6.491794843675680049e-01 6.507138007047182926e-01 5.674107918957242980e-01 5.997184661105259273e-01 6.072668506126642773e-01 4.165746059512938637e-01 3.886559694528731179e-01 2.566764530973869585e-01 1.466535443840327468e-01 1.306000607446383688e-01
3.083000000000000000e+03 5.882717243403436935e-01 5.738318952867649259e-01 5.755445431255110655e-01 5.730916575824723802e-01 4.521876919528557415e-01 4.526993300804264542e-01 3.738979027913762465e-01 2.507291930515546108e-01 2.194962840170032736e-01 2.620776529703567892e-01
3.191000000000000000e+03 6.425620510265368512e-01 6.486447769447918343e-01 6.419837803964690837e-01 6.004362893428505377e-01 4.641634179672915472e-01 4.019568323906090312e-01 4.045985944717013227e-01 2.647170056416350836e-01 1.419534080056335246e-01 1.564728029911391094e-01
3.221000000000000000e+03 7.370568240412612715e-01 6.401478729389068478e-01 5.711540292661199114e-01 5.620340138519196449e-01 4.370503478358349070e-01 4.419381115557803885e-01 3.334320479016352201e-01 1.965633021969881988e-01 2.267075559530047635e-01 1.765384115017440969e-01
3.531000000000000000e+03 6.588018406368932878e-01 5.936386143173523200e-01 5.984651285569400070e-01 5.464002371148287684e-01 4.802256608118462000e-01 4.632594782811040868e-01 4.130079981531621369e-01 3.797419918425041785e-01 2.168462417160331446e-01 3.083774912367893278e-02
3.532000000000000000e+03 6.591800755809156254e-01 6.775420338449023028e-01 6.294713619390210901e-01 6.151395827599959176e-01 5.988904766625797738e-01 5.490934818846219256e-01 4.463861876159862518e-01 2.564139074115140415e-01 6.071244485552253212e-02 1.590432988235435021e-03
3.556000000000000000e+03 6.700023297822187418e-01 7.285967787174391086e-01 5.614849255762766056e-01 5.743733084251847476e-01 4.193947293895978201e-01 4.522115010350439279e-01 4.009097480318211670e-01 2.454498129405122409e-01 9.006971231248359078e-02 2.013216394511481988e-01
3.639000000000000000e+03 5.650171901653227025e-01 5.947009992250621435e-01 5.681489506255731348e-01 4.228656847482644698e-01 5.955726107341564601e-01 5.443450888014399469e-01 5.404372911587382866e-01 4.188641085523275853e-01 6.545129675511007772e-02 1.046879894556089624e-01
3.698000000000000000e+03 6.007499373279395760e-01 5.656775661578620218e-01 6.201161212433698999e-01 5.634186079524117208e-01 4.025061910430745016e-01 4.708339921716002685e-01 3.856681227079594709e-01 2.641637692020790129e-01 2.377156940083770820e-01 2.101983603062639039e-01
3.987000000000000000e+03 6.099533677440241997e-01 5.378080603753221389e-01 5.998925901855359788e-01 5.818395771285824747e-01 4.728828472606285138e-01 4.814774551319537244e-01 3.431326259401753509e-01 2.575070456103157879e-01 2.050784060164959344e-01 2.493228008200757406e-01
3.994000000000000000e+03 6.640227688530513372e-01 5.844424049204167693e-01 6.128991586747249976e-01 6.040089180247645295e-01 4.378336517461811073e-01 4.705163806791882730e-01 3.197923727453876319e-01 2.612976334891624619e-01 2.301312188452439844e-01 1.607913263811051596e-01
4.011000000000000000e+03 6.378217260885690187e-01 6.157126136445006948e-01 5.623944819916730786e-01 5.516130447414526738e-01 4.338582392142180111e-01 4.391273010370904673e-01 3.243293323230722613e-01 2.259514151984458319e-01 2.843549144869307876e-01 2.257027779864112238e-01
4.040000000000000000e+03 6.652266415813664624e-01 5.507199583752728778e-01 6.747249876673041546e-01 5.840283813195705775e-01 4.729041884408248797e-01 5.635938154017969826e-01 4.187768868758274254e-01 2.623757322800757130e-01 1.752297106311888064e-01 5.135997321120874815e-02
4.087000000000000000e+03 6.431347883316007596e-01 5.673014908229271347e-01 6.320086197031264952e-01 6.106088016018769160e-01 6.420299514344266489e-01 4.615117573352562341e-01 3.730853542022570246e-01 2.934091586392927331e-01 1.497933228889694324e-01 7.826318315003387427e-02
4.138000000000000000e+03 6.849523083023960623e-01 6.172234983072911740e-01 6.180882961770113315e-01 6.047889187496686692e-01 4.122163027644010769e-01 4.861309262923496632e-01 3.119928490642867036e-01 2.361703823513399692e-01 1.934940990978906150e-01 1.767659560444078404e-01
4.328000000000000000e+03 6.431745705498943533e-01 5.639561114883604453e-01 6.886170162413055573e-01 6.963082544625304182e-01 5.414814468716827589e-01 4.726724790379945862e-01 3.624335482931855812e-01 2.664573177020562733e-01 1.054553324930790209e-01 1.056501600692590220e-01
4.349000000000000000e+03 4.917209284419659654e-01 7.462873127335147849e-01 7.154574439005725317e-01 5.853309233884340657e-01 3.090552859536186414e-01 4.384821843823994425e-01 4.801735279792556654e-01 2.178519435722806319e-01 1.846028696795626867e-01 1.685486834010289092e-01
4.483000000000000000e+03 6.481261229278838520e-01 6.155606502028247995e-01 6.930510124863465959e-01 6.483033069241450619e-01 6.300592260126235411e-01 4.577522395681559719e-01 3.301580035265250790e-01 2.188758602199533110e-01 1.273129185630303417e-01 9.221868680260966733e-02
4.531000000000000000e+03 5.956708689293983561e-01 6.923624037124451736e-01 6.362053667035580951e-01 6.459769719236116980e-01 4.583063482962711488e-01 4.080908402458833240e-01 3.450896414466037010e-01 2.807893211771566588e-01 1.672111621951020144e-01 1.444542903147372215e-01
4.563000000000000000e+03 6.508914104907593812e-01 5.789271746514886852e-01 5.347570764986875336e-01 5.512330304584116547e-01 4.436332627993023747e-01 5.054619335928867141e-01 3.784485867895481803e-01 2.315756352301868437e-01 2.037841230528316394e-01 2.444782863934409634e-01
4.680000000000000000e+03 5.759701579292229034e-01 5.226078468220040074e-01 6.429057224627092726e-01 5.742043548865662927e-01 3.770606000657329981e-01 4.926931807218969395e-01 4.016384767757188445e-01 3.081529173450207049e-01 2.636066864151379030e-01 1.696013015172189164e-01
4.785000000000000000e+03 6.994111880317548380e-01 6.447800201006168574e-01 5.570435501126380640e-01 5.319802711371318660e-01 3.581803710300334731e-01 4.306611283377608235e-01 3.498102254062410710e-01 2.215923671440930276e-01 2.461583084113646847e-01 2.325321358257182724e-01
4.881000000000000000e+03 6.645300147610656571e-01 6.649064827506293573e-01 5.869684598110471718e-01 5.640822180342656145e-01 4.297092022412187795e-01 4.499552505115210210e-01 2.802702247199134189e-01 2.284184222823529287e-01 2.459906621634830592e-01 1.995621421393181105e-01
4.886000000000000000e+03 7.521854143689997718e-01 6.538728648590061976e-01 5.665607852995649951e-01 5.529407093864388001e-01 4.076429768693592415e-01 4.412938487402767729e-01 3.339427456858738985e-01 1.744186757453902170e-01 2.221290010492769362e-01 2.002087557889022373e-01
5.007000000000000000e+03 5.946876393701704400e-01 5.963977447863475501e-01 6.091325389364831144e-01 5.443940115445229377e-01 5.980642673983215252e-01 5.831451810972130279e-01 6.394155024890422201e-01 2.993715699101393013e-01 1.088127142816468912e-02 2.485020051883218492e-02
5.017000000000000000e+03 7.313159994628795069e-01 5.263218774130390409e-01 6.378953775894824485e-01 4.983123754333556032e-01 3.469340177193419583e-01 5.256387501126551509e-01 4.735941985175501912e-01 3.195660134444555656e-01 7.460768041545587370e-02 1.902461711196959393e-01
5.282000000000000000e+03 6.280868109884889527e-01 7.023441586098607692e-01 5.811486644269776569e-01 5.207929383080517338e-01 3.724081790896516808e-01 4.441557319427125172e-01 3.411898068979634657e-01 2.489103272857335070e-01 2.484338778079095422e-01 2.024217158449507781e-01
6.142000000000000000e+03 5.534530418120938711e-01 5.509883916411445481e-01 6.118546863542695391e-01 5.061135541642426405e-01 4.006630530860812445e-01 6.933209061364528081e-01 4.843809912788927807e-01 2.432288822117593119e-01 1.672577475542825765e-01 1.679739644416708977e-01
6.245000000000000000e+03 6.636798600239848245e-01 7.054839594458531815e-01 6.817771653481713434e-01 6.444820587544363155e-01 5.783725279497042848e-01 4.247933787649220139e-01 3.344370615196144425e-01 2.256704327857640968e-01 8.757906623089772857e-02 9.566548560911923571e-02
