2.342000000000000000e+03 6.125570223366327838e-01 6.736322755570188781e-01 5.686892315180499535e-01 4.433527484254246587e-01 3.052261278531394062e-01 2.176482226640391315e-01 2.243057718175729132e-01 2.183078090619649247e-01 4.688523383031963365e-01 3.877716143294195894e-01
2.343000000000000000e+03 6.843701088530707022e-01 5.978080899654485414e-01 4.842143108470537416e-01 3.930742971966871835e-01 2.232918180094556615e-01 2.740890267295036375e-01 2.053405619010957306e-01 4.811510563431087850e-01 4.021525175388706574e-01 3.411090366140827612e-01
2.344000000000000000e+03 6.301064007366304898e-01 5.380055109784412926e-01 4.599734538451356047e-01 3.427713203928617891e-01 3.160759131202056649e-01 2.733842445561385226e-01 5.209562142385647521e-01 4.249001205823313421e-01 3.667785179185643618e-01 2.811461419908791171e-01
2.529000000000000000e+03 6.133503547852217075e-01 5.345777660333914660e-01 5.184932826700521247e-01 4.229656103778838827e-01 2.738296924671144716e-01 3.132950466494109909e-01 2.935837938857219775e-01 4.364549831096457555e-01 3.570971478086176210e-01 3.694901660759569717e-01
2.530000000000000000e+03 5.502474967948109974e-01 5.454774578931457230e-01 4.593637925411535594e-01 3.566225175331142472e-01 3.284791848886967069e-01 3.423980634868788453e-01 4.435969085895757336e-01 3.520098154574368698e-01 3.760135547517143850e-01 3.921016481883535243e-01
2.531000000000000000e+03 5.692307033962430429e-01 5.017725164477323530e-01 4.140393010463279122e-01 4.171156857923165040e-01 3.781694957757457121e-01 5.210433322529137712e-01 3.593880098675336643e-01 3.824470665652988655e-01 4.094457326850847734e-01 2.679197611142097313e-01
2.754000000000000000e+03 6.700633532668682779e-01 6.004281759397018803e-01 4.611446581650743837e-01 3.741296187362674885e-01 4.214385946119396653e-01 3.618645865327583255e-01 3.269576821831036151e-01 2.771203156354783981e-01 3.587809302125649080e-01 3.357377924241889411e-01
3.516000000000000000e+03 6.210335394384922658e-01 5.766913156888405778e-01 4.767523679494168887e-01 3.732708152039455607e-01 4.486198378192027270e-01 4.406325578021662581e-01 3.292891972034652226e-01 3.532956755796697879e-01 3.460914467713570031e-01 2.658008330359475369e-01
3.548000000000000000e+03 5.462525598030055773e-01 5.211717319453439412e-01 5.456054863100491259e-01 4.519193091072984392e-01 3.256803431026394913e-01 5.016960154551948214e-01 3.857497695575212715e-01 2.041788543697205804e-01 3.408366832967449356e-01 3.894633238052860880e-01
3.620000000000000000e+03 6.947959607096790835e-01 5.520622045440917169e-01 6.118508006879629368e-01 4.270315427721435020e-01 3.523229879761807237e-01 2.340656305306536566e-01 1.724320333828357754e-01 2.992058667041541664e-01 3.332444174957807093e-01 4.514330085860265296e-01
3.621000000000000000e+03 5.989683784123639443e-01 6.658023444481867559e-01 5.018799828983820932e-01 4.715593650515231827e-01 2.852386944982309713e-01 2.513262566853180502e-01 3.284953811733182238e-01 3.612217911034819040e-01 4.976012365638244339e-01 2.033595577139302446e-01
3.629000000000000000e+03 8.049703309405819018e-01 4.762340285980123378e-01 6.076775277209380821e-01 3.365612380308879437e-01 3.122491617214492865e-01 3.452185244443407020e-01 1.709578547556940276e-01 3.548751722628610272e-01 3.411541517567864834e-01 3.719410977449381095e-01
3.631000000000000000e+03 6.531769917663966529e-01 4.462858075082485332e-01 4.541013499588870128e-01 4.647380926761335851e-01 2.295600171831178593e-01 4.322145826233578791e-01 3.516592495899587556e-01 3.959982659613184297e-01 3.429399527930680480e-01 3.758969296407367877e-01
3.632000000000000000e+03 4.751870136428555380e-01 4.938649176127730134e-01 5.019119354187167037e-01 3.264142887949747496e-01 4.818940700835716573e-01 4.150146724502067896e-01 4.054574173787604541e-01 3.431061926710910481e-01 3.889896876498467604e-01 3.778136427808295728e-01
3.633000000000000000e+03 5.106830787453033871e-01 5.280944409225772906e-01 3.752574384460408141e-01 5.353800954208493001e-01 4.475683369374539033e-01 4.634150893189007414e-01 3.356717821780534350e-01 3.844447464689556559e-01 3.828105851860728603e-01 2.931216951351806044e-01
3.635000000000000000e+03 4.162371343094909970e-01 5.495977725400051916e-01 5.004955768393585247e-01 5.257067972214327645e-01 3.778625845897529700e-01 4.086689526310879894e-01 3.484834622836163742e-01 2.547894931706968791e-01 4.165857758613525363e-01 4.134954883036749407e-01
3.636000000000000000e+03 5.373879964818907284e-01 5.002747206437309080e-01 5.138409745759978664e-01 4.097236557484098540e-01 3.999564253184483831e-01 3.671653707467537608e-01 2.067181121095614804e-01 3.878510383333078626e-01 3.968957944114734904e-01 4.368931619846720404e-01
3.637000000000000000e+03 5.162713651485939526e-01 5.385452141556822392e-01 4.451917230287256166e-01 4.633371614002969596e-01 3.893838936677719298e-01 2.427502261383005788e-01 3.857287193560340888e-01 3.927582879707720576e-01 4.463934687692396874e-01 3.478784779214968981e-01
3.983000000000000000e+03 6.259156203944995500e-01 5.330568280228277223e-01 5.308374705222829171e-01 4.243159263794627489e-01 4.110138204544366292e-01 3.055726978440743702e-01 3.505681969040523316e-01 3.481894218556783049e-01 3.184212319692443227e-01 3.487562285283547503e-01
3.984000000000000000e+03 5.613656041265326913e-01 5.703083977539418203e-01 4.755099402056947033e-01 4.944619062938104825e-01 3.394345240474724301e-01 4.225785919050595862e-01 3.594232175905128779e-01 3.232671881614188059e-01 3.660261713052031518e-01 3.037192251233959417e-01
4.026000000000000000e+03 6.547576643935341112e-01 5.026073838106834835e-01 5.486134766352627201e-01 3.515634942385629791e-01 4.419150685105589504e-01 3.241061278373444376e-01 3.805493974057683193e-01 3.891491096547229356e-01 3.331166369840320440e-01 2.815908406220969940e-01
4.083000000000000000e+03 6.636595856966306384e-01 6.004837023970185372e-01 5.739341328225620043e-01 2.942414552718932153e-01 4.007383653178251959e-01 2.893713841464772285e-01 3.348710577109754172e-01 3.273664090734562659e-01 3.809964453743575064e-01 2.996524050269479544e-01
4.084000000000000000e+03 6.285580014495695256e-01 6.149566638814927266e-01 3.715808294945914803e-01 4.927866959821035064e-01 3.281496104873691255e-01 4.120988365506455531e-01 3.421696730730748870e-01 3.973712863935551787e-01 3.178686870777649442e-01 2.950361707984138215e-01
4.359000000000000000e+03 6.512850078667739018e-01 5.534186389588290345e-01 3.280060045998440255e-01 4.071333629705341517e-01 4.897627769764900107e-01 4.544669677681437148e-01 2.811728697835541024e-01 2.344473457494431479e-01 3.816346340024749373e-01 4.146967019756586104e-01
4.527000000000000000e+03 5.775881284326593867e-01 6.111486419671272596e-01 4.686867117762651969e-01 3.794071651945082335e-01 3.667405441232449159e-01 4.781201468757033668e-01 3.710375163110793961e-01 3.821891804130941317e-01 2.968523078849343855e-01 2.877222061218187021e-01
4.547000000000000000e+03 6.197340370736514892e-01 4.747461428417999452e-01 5.123413256179811803e-01 3.909327681695327628e-01 3.743711596082241466e-01 4.809079361564909672e-01 4.073120020751574422e-01 3.329880097426531904e-01 3.174355326418520362e-01 3.104932925446028946e-01
4.995000000000000000e+03 6.260909729840927751e-01 5.688749664079242319e-01 5.251192295551101452e-01 3.977724767952432461e-01 4.601767092207015852e-01 4.101563881472353734e-01 1.934532053406367857e-01 2.199907052412329866e-01 3.921120128760863244e-01 3.999017222885138945e-01
4.996000000000000000e+03 5.676090292203549437e-01 5.361191735967046901e-01 4.213073497303060910e-01 4.993999244913017721e-01 4.222992109188329901e-01 2.126831670294433707e-01 1.827193045682778128e-01 3.749202531830037599e-01 3.948238546483371358e-01 5.139355195777532970e-01
4.997000000000000000e+03 5.511800507948394490e-01 4.571691890875723696e-01 5.232896689029292725e-01 4.857570001866237663e-01 2.063311985376870272e-01 2.188382489757945415e-01 3.736419224135158479e-01 3.927040839677255479e-01 5.317569848367216245e-01 3.573520582234655518e-01
5.004000000000000000e+03 5.912294359242283859e-01 7.298763895351603193e-01 5.176778112834153900e-01 3.472693403380101018e-01 2.828109725575455591e-01 3.131119741983834359e-01 2.202840921846207500e-01 3.094234665002179585e-01 3.513654649618074277e-01 4.412538259050826084e-01
5.005000000000000000e+03 7.516424664580676485e-01 5.682345526202052799e-01 4.210734560701859253e-01 3.948613194346413668e-01 3.631613631953010124e-01 2.898847373362930524e-01 3.266128043394920799e-01 3.691195725529075600e-01 4.753717842519240011e-01 2.030855122038092708e-01
5.884000000000000000e+03 5.759279812465502024e-01 5.891748220393985269e-01 4.826888493799467716e-01 3.659240589438600977e-01 4.248573918945603989e-01 4.405724180707011883e-01 3.285369560702209313e-01 3.705067107484750766e-01 3.203633983582447331e-01 3.171973261922232945e-01
6.139000000000000000e+03 5.187319678030140047e-01 4.421923964254633743e-01 4.266862132851932388e-01 4.237968597629069301e-01 3.699034835723680192e-01 4.450063844475726782e-01 3.032816893340486430e-01 2.828978929457457436e-01 5.267915166493398749e-01 4.151392889998791191e-01
