1.927000000000000000e+03 7.545791433439626994e-01 8.987661489928440162e-01 8.048746657378021974e-01 6.894443691159662935e-01 4.733387632786370536e-01 3.201603678777997786e-01 1.725788037118700657e-01 2.293535191394687200e-01 3.396235173147649222e-02 4.014160829722190904e-02
2.617000000000000000e+03 8.224741309018723801e-01 7.671493673092127930e-01 7.348675583997388294e-01 7.149243292553130180e-01 4.696194869691426854e-01 2.818300763464242076e-01 2.682461504459842661e-01 1.952323625810990781e-01 6.782622678290972651e-02 7.505589159562135737e-02
2.806000000000000000e+03 7.705141087442808345e-01 7.631915037077668940e-01 6.694733443807295847e-01 7.370530765846494692e-01 4.716808355151311249e-01 4.191763597091188176e-01 1.057144744770075750e-01 1.623077667731697149e-01 1.361715348434597850e-01 1.484115085078481500e-01
3.495000000000000000e+03 8.268247409611666487e-01 7.904245897705394208e-01 6.843025314293856853e-01 6.960025598093401156e-01 5.278922604719439304e-01 2.797186600323281480e-01 1.110077540358448550e-01 1.659584684322423787e-01 1.141521404141008222e-01 1.678370681465822245e-01
4.078000000000000000e+03 7.348925697500564569e-01 7.993288246294280031e-01 7.565330585051177614e-01 7.940761347470568499e-01 5.621650401811664199e-01 2.657113334128670679e-01 1.617558007677388499e-01 1.816712050219756736e-01 2.327444955096327414e-02 1.511920514754487299e-01
4.320000000000000000e+03 6.110260869615494750e-01 6.952959161241334396e-01 7.871285373796281792e-01 8.261007934436358502e-01 5.708238677129288119e-01 2.737315990256518616e-01 2.486866178484019863e-01 1.433514692671111201e-01 1.698465895150566285e-01 1.208825560067526700e-01
4.896000000000000000e+03 8.599391473668526187e-01 8.068997762006981933e-01 6.422921321824691665e-01 6.101754403243516700e-01 5.187668235791911275e-01 2.880675053325649770e-01 1.344237374256431194e-01 1.341695479832232252e-01 1.744692773550563791e-01 1.626625722142563957e-01
4.930000000000000000e+03 8.190972237101785680e-01 8.082460499883509231e-01 8.719365521302501199e-01 7.418425138875802682e-01 5.687998057246552719e-01 3.196430651938294565e-01 0.000000000000000000e+00 7.019652398357810463e-02 1.250683918036320785e-01 1.006605000978448849e-01
5.010000000000000000e+03 7.049460540374460349e-01 7.773503207039773599e-01 8.171805235260639622e-01 1.000000000000000000e+00 5.330701685902211606e-01 6.900368519064904727e-02 3.743215770882067639e-02 2.280457229861701240e-01 6.451645867879186869e-02 1.838429371016086500e-01
5.760000000000000000e+03 8.704824490971292406e-01 7.744587206540739510e-01 7.096389423480857772e-01 6.115983265865077012e-01 4.545507421668102399e-01 2.671588675435366822e-01 2.466507628498491866e-01 1.930935186045230345e-01 1.343514052389039870e-01 8.392927026668282886e-02
6.163000000000000000e+03 8.283301221120881186e-01 8.148422458908872734e-01 7.199997243422874282e-01 5.763728479404747196e-01 5.663564292317880833e-01 3.368958028621567569e-01 1.085895853547214213e-01 7.775973280070545834e-02 2.011934511514625046e-01 1.319746348382420109e-01
6.185000000000000000e+03 7.028290198406649258e-01 7.466085852127937184e-01 6.719521692394408996e-01 7.266248115495519411e-01 5.898066089642500787e-01 3.704776193536584161e-01 1.487511962479494687e-01 1.618420815595318918e-01 1.262312716239562260e-01 1.699172284641121411e-01
6.248000000000000000e+03 8.384637193958395240e-01 8.317118249346269199e-01 7.479535992107392284e-01 7.247315384959314155e-01 5.184522463783044488e-01 2.550481561806315356e-01 2.050120142884155339e-01 1.303778397296558866e-01 1.152558291685433917e-01 4.329942792914102945e-02
6.249000000000000000e+03 8.911609210318570673e-01 8.262285097403656575e-01 7.950418745599734383e-01 6.649098000388841134e-01 3.634815321327271587e-01 3.313456212101156262e-01 1.760943456537731600e-01 1.560936074377648752e-01 8.478540400629758222e-02 6.669740266332359335e-02
6.254000000000000000e+03 8.706827508266740123e-01 7.823808935119473951e-01 7.301414129363931194e-01 6.022331490532149001e-01 4.915578535666769722e-01 2.716534535311129206e-01 2.544868525402407822e-01 1.646838340834801961e-01 1.047942778941458181e-01 9.068402829722778391e-02
