2.420000000000000000e+02 7.261165669354002761e-01 7.009927309494405900e-01 5.843423979360142795e-01 5.358711902741993827e-01 4.354574820887180953e-01 3.180748567848197816e-01 1.944399146357312647e-01 1.892816531300482996e-01 2.526761287234977060e-01 3.103870485490208275e-01
2.430000000000000000e+02 7.336465579656760161e-01 6.379049576657268572e-01 5.909858866715953507e-01 5.408234533549954870e-01 3.827980267882209464e-01 2.723184295943347211e-01 2.007790105281063164e-01 2.699036682368922691e-01 3.416405235090251291e-01 2.508593611069289131e-01
2.440000000000000000e+02 6.728163484502328595e-01 6.410555714165115937e-01 5.920114633812060267e-01 4.908369265998118181e-01 3.231230777620146544e-01 2.758983987039702046e-01 2.889214625357184874e-01 3.647328741834210963e-01 2.743973664097362208e-01 2.778666633242614092e-01
2.450000000000000000e+02 6.665202415814495129e-01 6.320037647664707992e-01 5.386995975961692551e-01 4.255953986970075209e-01 3.128362745322770810e-01 3.618343719761105692e-01 3.851551760720623441e-01 2.812301212514655147e-01 2.948386161601909139e-01 2.979547540665521410e-01
2.460000000000000000e+02 6.624010995429558957e-01 5.882541483657988124e-01 4.884612033397697783e-01 4.224546088453214887e-01 4.235772718919926794e-01 4.745054242682311685e-01 2.957960701549315341e-01 3.080981658858640837e-01 3.207216988529383861e-01 2.598008219548024189e-01
2.470000000000000000e+02 6.288233212690753637e-01 5.499614110576092063e-01 4.937937083762710677e-01 5.291673318956623406e-01 5.709913304164648817e-01 3.840740903498460201e-01 3.343025982050739087e-01 3.436808960236411026e-01 2.858338953070692634e-01 2.036213363379028862e-01
2.480000000000000000e+02 5.913194755748746312e-01 5.524169538974078586e-01 5.816103999425329407e-01 6.554782575078701434e-01 4.578179194471687086e-01 4.239926642438119897e-01 3.719147770540742748e-01 3.030337395622665908e-01 2.226676278021567090e-01 1.925075266847568189e-01
2.550000000000000000e+02 7.697700015077370006e-01 6.714576434099259750e-01 6.098314595527425386e-01 5.174011451926658900e-01 4.593607084599949930e-01 3.213823621129547337e-01 2.119642383645576889e-01 1.748730856644254983e-01 2.266068943002018665e-01 2.975456934762789607e-01
2.560000000000000000e+02 7.088863833497864864e-01 6.637189345831517873e-01 5.782657063756336813e-01 5.653086936170808041e-01 3.907469674675509430e-01 2.950791064731575486e-01 1.873589701514392081e-01 2.438697990966830764e-01 3.300778492344471071e-01 2.686816474588912818e-01
2.570000000000000000e+02 6.993715224901666527e-01 6.324956665112294596e-01 6.160641316348779428e-01 5.016811192721682966e-01 3.550815329431319944e-01 2.645583884764817761e-01 2.627162970863926028e-01 3.549761740230039098e-01 2.964129689154674230e-01 2.355053730963776737e-01
2.580000000000000000e+02 6.535353190466474116e-01 6.482296050879318150e-01 5.417904851019282875e-01 4.464659914216940750e-01 2.910022230991466397e-01 3.259357116535326337e-01 3.679576078999163280e-01 2.999365740595037466e-01 2.439816684806969393e-01 3.601701201187649803e-01
2.590000000000000000e+02 6.754025532596220627e-01 5.889625675080479850e-01 5.038387392598451253e-01 4.005941764247547554e-01 3.770126447252022395e-01 4.527672982722543149e-01 3.146316736878135845e-01 2.502941099946248138e-01 3.863478763360378432e-01 2.639317128451375560e-01
2.610000000000000000e+02 5.881948760347276428e-01 5.183309247338655501e-01 5.277232186805758118e-01 6.093087453386722974e-01 4.571517374704116010e-01 3.297197322195863367e-01 4.337783027436722394e-01 2.908458102741185991e-01 2.693329341719840064e-01 2.729465524158368184e-01
2.910000000000000000e+02 6.765546590882294264e-01 5.919297725514500730e-01 6.091653576083397859e-01 5.475695769392919798e-01 4.667040519396255527e-01 3.174441399537973330e-01 2.706062502333446695e-01 2.030605683676587336e-01 3.318027624441470813e-01 2.572729806820999721e-01
2.920000000000000000e+02 6.264070261315094479e-01 6.531352300453533433e-01 5.928727036583572030e-01 5.587797458082254254e-01 3.713135869897866703e-01 3.482778168160459153e-01 2.084630555556928055e-01 3.496131259409712699e-01 2.774546534402699272e-01 2.611002310899765422e-01
2.930000000000000000e+02 6.724353321054911126e-01 6.271466220755970156e-01 5.899804647920257050e-01 4.605721256656217788e-01 3.920752557322433329e-01 2.655489578118485627e-01 3.617992242917616452e-01 2.790910994278223423e-01 2.716428563486646963e-01 2.991734731281597282e-01
2.940000000000000000e+02 6.495521325742602547e-01 6.256371269588550943e-01 5.081361002960661510e-01 4.801993057242741614e-01 2.936897029677995041e-01 4.372775164609752352e-01 2.833616193796995586e-01 2.738065957222776681e-01 3.139006497958360398e-01 3.301087680479031783e-01
2.960000000000000000e+02 6.037540935874201597e-01 5.924461352151429994e-01 4.801173601674231239e-01 6.100800103763718285e-01 4.345086039912989251e-01 3.753607720005993631e-01 3.585494209898247853e-01 3.825044756796131540e-01 2.728757829518979050e-01 1.929057278875674630e-01
3.110000000000000000e+02 7.655249134437412950e-01 7.107534972283040542e-01 5.735668708229014756e-01 5.503605346597885140e-01 3.635413914436652627e-01 3.292765423876801711e-01 1.856221663205952777e-01 1.833961181719915290e-01 2.522917570837711065e-01 3.111487291327404425e-01
3.120000000000000000e+02 7.441974778120469258e-01 6.297866899015329700e-01 6.051093218356221604e-01 4.797929925031231280e-01 3.988295666243156234e-01 2.645053658546052677e-01 1.959194697352431846e-01 2.710966288952625924e-01 3.439606393178328836e-01 2.723180382433497693e-01
3.130000000000000000e+02 6.741801227322817835e-01 6.634986948474707047e-01 5.508098166303935228e-01 5.173699892922225541e-01 3.277236046084498478e-01 2.821058088735311498e-01 3.008349482355452409e-01 3.767408791854556238e-01 3.062671030512614245e-01 2.179253874885226094e-01
5.410000000000000000e+02 7.346919698711481539e-01 6.905228051159583158e-01 6.315650784188486799e-01 5.698091864871568379e-01 4.416870709468154743e-01 3.311924968790804780e-01 2.386057334436823829e-01 2.405142711565521896e-01 1.835965170405071123e-01 2.332100776567073985e-01
5.430000000000000000e+02 7.278463348169956770e-01 6.839712189864647351e-01 6.151243840782283367e-01 5.264963625025481653e-01 4.073987193248090888e-01 3.609116211046600742e-01 2.212699747164738884e-01 2.889616810474348596e-01 2.101835821400938886e-01 2.294032266959090682e-01
9.650000000000000000e+02 7.435427851163870505e-01 6.887068512526022257e-01 6.024856930669677535e-01 5.980412046959689976e-01 4.382912184543342193e-01 3.359888629219267009e-01 1.916647910798976173e-01 1.901786555256662903e-01 2.522320161493545321e-01 2.427365936862277973e-01
1.529000000000000000e+03 7.366537901154025514e-01 6.635510967072082433e-01 6.484884941718748186e-01 6.089481120372259859e-01 4.322911032024576161e-01 3.069165338969061518e-01 1.663456621586866246e-01 1.897420987212262711e-01 2.785596042778034076e-01 2.457739804279537310e-01
1.658000000000000000e+03 6.793026225774454474e-01 5.890339190178077722e-01 5.524852984498548336e-01 5.945038668577385943e-01 4.574358858640321657e-01 3.942795383145705213e-01 2.488558307589678054e-01 2.569910773839084728e-01 2.782791526665876480e-01 2.440197314803908002e-01
2.341000000000000000e+03 6.866065493800700414e-01 5.932706282855159108e-01 6.500858817189385519e-01 5.404636315156977622e-01 3.594127756350491421e-01 2.828173316891933742e-01 1.710545034651675400e-01 2.329779553695688621e-01 2.265814763386052033e-01 4.475055023414236111e-01
2.406000000000000000e+03 6.604949328258579166e-01 5.928505296281262327e-01 5.260599234273146685e-01 6.009686104620345359e-01 4.915636929181270154e-01 4.321866076887708186e-01 3.201666141582427128e-01 2.592090925056986239e-01 2.040170755971202898e-01 2.428717825957338039e-01
2.429000000000000000e+03 5.933671209310521499e-01 5.292990048688226423e-01 3.971298934099156686e-01 7.492009533330472593e-01 3.355167272468312367e-01 3.389364223007710897e-01 3.430053971862003226e-01 3.829492719432742720e-01 2.949590587479563597e-01 2.939120505207428180e-01
2.430000000000000000e+03 5.635190830654416283e-01 4.553210338938670776e-01 7.572156894689678897e-01 4.362787010190463666e-01 3.888897415938256108e-01 4.217939517030641627e-01 4.055873390570515769e-01 3.036204842085307720e-01 3.121151212266541908e-01 2.318086470440270108e-01
2.563000000000000000e+03 7.191542045035809183e-01 6.321272052334050429e-01 6.130456629279781300e-01 5.448638125597440318e-01 3.816065765496526874e-01 3.056034281395990093e-01 3.158160172281092026e-01 2.767701976541662723e-01 2.023260023580685796e-01 2.661083444306335255e-01
2.565000000000000000e+03 6.949445691824146509e-01 6.459334785140857793e-01 5.496775222593426324e-01 4.749306952187418163e-01 4.839002981027901162e-01 3.837283516593316124e-01 2.241301881033895271e-01 3.099426755995936533e-01 2.761268165356496329e-01 2.295957533619933932e-01
2.585000000000000000e+03 7.177814061675392709e-01 6.196379514616557893e-01 6.336954019364822166e-01 6.005485524236739980e-01 4.194647863299123536e-01 3.318728877200707306e-01 2.382044278772933732e-01 2.059291307106511371e-01 2.442471273097720774e-01 2.680700453348663359e-01
2.607000000000000000e+03 6.391587870397469340e-01 5.916248120060249027e-01 5.318897305991586721e-01 5.707255371167532232e-01 4.436913464470471080e-01 3.837416669944015979e-01 3.652040591475660958e-01 2.788063449862250853e-01 2.307404612095135255e-01 2.599550070843726357e-01
2.749000000000000000e+03 7.046161378600953595e-01 6.154964563571235781e-01 6.048365637259683902e-01 5.579159209538742115e-01 4.919421043610210931e-01 4.197197913064988906e-01 2.918163197278544341e-01 1.971145468075254648e-01 1.804735179363378961e-01 2.592831716418095289e-01
2.750000000000000000e+03 6.508235909598263369e-01 6.521626929375630155e-01 6.048914844933438451e-01 5.847811059358101193e-01 4.995386528990602981e-01 3.754863429621869142e-01 2.049390053707838000e-01 1.864867975553495261e-01 2.822548796946391381e-01 2.637195695750074176e-01
2.751000000000000000e+03 6.752810067821556350e-01 6.420840283681616967e-01 6.164578510882045004e-01 5.782249128850465159e-01 4.309717485124626712e-01 2.665356088240557475e-01 1.819384261861025087e-01 2.882953083185308962e-01 2.780837307497677768e-01 2.907318531966222586e-01
2.752000000000000000e+03 6.720498821024892822e-01 6.591370230284612219e-01 6.181671004431024130e-01 5.266306787427731395e-01 3.087844973592047682e-01 2.488757959942074494e-01 3.042229289884291754e-01 2.901114478637951688e-01 3.132343682282763275e-01 2.643814853630178652e-01
2.753000000000000000e+03 6.775704701789386775e-01 6.496243089123746595e-01 5.623328430223318852e-01 4.052477833536095031e-01 2.713032113244791543e-01 3.714294668166829294e-01 2.941308480318825525e-01 3.178575381749172424e-01 2.748288045201716101e-01 3.407242443472861537e-01
2.756000000000000000e+03 5.547229474452483045e-01 5.003562575903530707e-01 5.633246565754995716e-01 5.158956683812725430e-01 4.772733842812537652e-01 3.663609906134399630e-01 4.022606002265322056e-01 3.785836696509806698e-01 2.431026037025207087e-01 2.863326621615309708e-01
2.769000000000000000e+03 7.899719898145075581e-01 6.248266558095119105e-01 6.129474227529929653e-01 4.892439701542474761e-01 5.072075931184844011e-01 3.933281390575267267e-01 1.839254385912016954e-01 2.702603220885708146e-01 2.236245648431256228e-01 2.030661855291990836e-01
2.778000000000000000e+03 7.644065628459099093e-01 7.067251045786855368e-01 5.648355540004420527e-01 4.489822396397731841e-01 5.082495363906864849e-01 3.494354224863671088e-01 2.327411957534367415e-01 2.282866682274246606e-01 2.364932980085709957e-01 2.349757941383014692e-01
2.779000000000000000e+03 7.377928592132472208e-01 6.189803628330647900e-01 5.159718729525499814e-01 6.031689794939650850e-01 4.189977007720567803e-01 3.134959285523347683e-01 2.436146203109603725e-01 2.509533073063630049e-01 2.586063712503050005e-01 2.920698596763077193e-01
2.780000000000000000e+03 6.546448859546755150e-01 5.722208468221496869e-01 6.439772958168151762e-01 5.215994682780605851e-01 3.718475617161762781e-01 3.226333900802697552e-01 2.666022104281024485e-01 2.728503864247917576e-01 3.184562327267191351e-01 2.870453255998015041e-01
2.786000000000000000e+03 6.518586011127158741e-01 6.385027645597053381e-01 6.635804426688691748e-01 6.182799443382955840e-01 4.730516172375305861e-01 2.880473591422077484e-01 2.582002562668941903e-01 1.843294631365949010e-01 2.017362814763734302e-01 3.191930131479968069e-01
2.972000000000000000e+03 7.103186510710172152e-01 7.160755498177073797e-01 6.653066470702119206e-01 6.062661215325042541e-01 4.093777247559626242e-01 2.724367725637059090e-01 1.650093062935421295e-01 1.651060472074244168e-01 2.637406999582215805e-01 2.863684263463452950e-01
2.973000000000000000e+03 7.462900065627696700e-01 7.100128719652879505e-01 6.491684054979360852e-01 5.161499920814091036e-01 3.254930947569605881e-01 2.378992551651430420e-01 1.719304374620536646e-01 2.807298142821128550e-01 3.143267020613962348e-01 2.472153059471762226e-01
2.974000000000000000e+03 7.401932211813186946e-01 6.948205962427655979e-01 5.721709808134672892e-01 4.417687056339160145e-01 2.828456071923479698e-01 2.449512389604376617e-01 3.022506307055083385e-01 3.357168157402632414e-01 2.713038629925779155e-01 2.815829645576731211e-01
3.002000000000000000e+03 7.516499549880303332e-01 7.209554925531779235e-01 5.566430165506974781e-01 4.555617188562735564e-01 4.381341474120064028e-01 3.034884831854929299e-01 2.431762772614911305e-01 2.950569734238507325e-01 2.522783100447231752e-01 2.266230404090378570e-01
3.024000000000000000e+03 7.331753051126067566e-01 6.869465543585004941e-01 6.310547861183946061e-01 5.476818377641545776e-01 4.144469863253749664e-01 3.620138454660725702e-01 2.758749028327963093e-01 2.105361432717154369e-01 1.748299153493118874e-01 2.513641865311296852e-01
3.082000000000000000e+03 5.647944726554540162e-01 5.636917717611132916e-01 5.362559958890535938e-01 5.444248402775840878e-01 5.028369079800986130e-01 4.005640692892206700e-01 3.792307897595820210e-01 3.623762714483324543e-01 2.533950452879094040e-01 2.146813257272498499e-01
3.185000000000000000e+03 7.028882454054001805e-01 6.520535017357641516e-01 7.071037069118057961e-01 6.497412183024094956e-01 4.674892244172777489e-01 3.082110842417917218e-01 1.738682642291135283e-01 2.101306820052795121e-01 2.346181175405642472e-01 2.146453154466446689e-01
3.217000000000000000e+03 7.352921893415079735e-01 6.675428946062939017e-01 6.598367513693853548e-01 5.431931688689806137e-01 4.694957111091305757e-01 3.112150049454657785e-01 2.138623275343037866e-01 2.375453763058051893e-01 2.098289784916957113e-01 2.414030613380853674e-01
3.251000000000000000e+03 7.046744505728994579e-01 7.088819810137417798e-01 6.017763590996125789e-01 5.874663773684757340e-01 4.146283423871974794e-01 3.320514551083877941e-01 2.758552349692999783e-01 2.107145480164975271e-01 2.152050568286657528e-01 2.374152767044371837e-01
3.253000000000000000e+03 6.986070885845764300e-01 6.929476154605438420e-01 5.898527250457731297e-01 5.214363563742798746e-01 4.509626446299719871e-01 3.176479513466429205e-01 2.556068568808324559e-01 2.895067305719793427e-01 2.262255098898228733e-01 2.329929372872273641e-01
3.437000000000000000e+03 7.247544452758205580e-01 6.832123361060236100e-01 5.576045471799578879e-01 5.054626985730736877e-01 4.222381563084269263e-01 3.606163968346877136e-01 2.807192135107255959e-01 2.359852477937745274e-01 2.630116050888111623e-01 2.310436787668590231e-01
3.438000000000000000e+03 7.217527348341373772e-01 6.184738097505034782e-01 5.705338474067629395e-01 5.355151716812750484e-01 4.415456574111618626e-01 3.743623741336460919e-01 2.589793318901518759e-01 2.859677989770923467e-01 2.597100704274042382e-01 2.149042727509092865e-01
3.443000000000000000e+03 7.156686426691065694e-01 6.567099899085330206e-01 6.568264765565464680e-01 6.022752285385735149e-01 4.686405160197519293e-01 2.977281599623506358e-01 1.921713387895020719e-01 1.920886826788399671e-01 2.781471912875041474e-01 2.330739586836195476e-01
3.468000000000000000e+03 7.408171796170468504e-01 6.639230910189969359e-01 5.953364307072398498e-01 5.581995069065577297e-01 4.628697150150196116e-01 3.538774499062710133e-01 1.849120858928661182e-01 2.202017885079641524e-01 2.445200253714079897e-01 2.560937363874631334e-01
3.469000000000000000e+03 6.952639799597880588e-01 6.433406911130636896e-01 6.049050197851790767e-01 5.589883451420450955e-01 4.194803130215153386e-01 2.562265426216452369e-01 2.308454847211850458e-01 2.565524240076137441e-01 2.786087099999732253e-01 2.958373537166659739e-01
3.470000000000000000e+03 6.759176101691644067e-01 6.516083568027581929e-01 6.051205656273618283e-01 5.203619606388542040e-01 3.005999615578858752e-01 3.068629849001030530e-01 2.715367872718338904e-01 2.935501642724634430e-01 3.214041388771815000e-01 2.602145524153839373e-01
3.471000000000000000e+03 6.731713136414351206e-01 6.405556971139539923e-01 5.600401627862385823e-01 4.015868101494356468e-01 3.454197033478548229e-01 3.384549391105806104e-01 3.010299593709255817e-01 3.294844297093467156e-01 2.727430057289215726e-01 3.243733747332214756e-01
3.512000000000000000e+03 6.366617763432582677e-01 6.140606698932047358e-01 5.678368993167133283e-01 5.642495590721797738e-01 4.398996837290476414e-01 3.624935894318500607e-01 2.350701914375659118e-01 1.985910189588415975e-01 3.104288601245893675e-01 3.274832742277495878e-01
3.513000000000000000e+03 6.373881766138319582e-01 6.054532019378108254e-01 5.956797978978498609e-01 5.219318547071361003e-01 4.106976306689951173e-01 2.962898033438389755e-01 1.922700869288856140e-01 3.161447779815372838e-01 3.444657787548936478e-01 3.008666381056755990e-01
3.514000000000000000e+03 6.263152886693463817e-01 6.272171080914110686e-01 5.561012896735817446e-01 4.918788341302182121e-01 3.256026560769689215e-01 2.445757107190514312e-01 3.212647585703739539e-01 3.500299663401025274e-01 3.125347647221066727e-01 3.261719033192719830e-01
3.515000000000000000e+03 6.453951638862440721e-01 5.903974383551008343e-01 5.295847319299935574e-01 4.160419017165054578e-01 2.616327585155091007e-01 3.865986277407640337e-01 3.584016551609095491e-01 3.140909739891597496e-01 3.390434572767854760e-01 3.240811284257911207e-01
3.517000000000000000e+03 6.078670677723075899e-01 5.282311088725428760e-01 4.398954940421595516e-01 5.364922176486948135e-01 5.131076065727009361e-01 4.075187410260018850e-01 3.729486730159391472e-01 3.604293290309163456e-01 2.823284190782633374e-01 2.495048702795221174e-01
3.518000000000000000e+03 5.619978085905175114e-01 4.934795485233539614e-01 5.765297538584698289e-01 5.912315746365870428e-01 4.709782045892552116e-01 4.543536484886043225e-01 3.794697367335779781e-01 2.892021754567312697e-01 2.634200105836458361e-01 2.483305656213429802e-01
3.524000000000000000e+03 7.448468609967932030e-01 6.535772336368895763e-01 5.930997108245963378e-01 5.541975417361491019e-01 4.642244754379325489e-01 3.789664826405167442e-01 1.656007423965908942e-01 2.621513853036689934e-01 2.224148841204533766e-01 2.471999903644891694e-01
3.525000000000000000e+03 6.920565852441318277e-01 6.481656596546843119e-01 6.090785602810087074e-01 5.691106874715902153e-01 4.600304229670896805e-01 2.429768711792767988e-01 2.858420544287803566e-01 2.389163119478420194e-01 2.750245243531446726e-01 2.501584653396510816e-01
3.526000000000000000e+03 6.792343370218464349e-01 6.541663522423569743e-01 6.123438986646431159e-01 5.543658247793769034e-01 2.827652626686753545e-01 3.665860477500711423e-01 2.502389395321065191e-01 2.884265166139677872e-01 2.707133609355145132e-01 2.662782334627064595e-01
3.527000000000000000e+03 6.791028098725024886e-01 6.509812022607501802e-01 5.930849137541596150e-01 3.909180745237350596e-01 4.233777203548653723e-01 3.195005905736250096e-01 2.995086593103432615e-01 2.777350527624258825e-01 2.827636042930554705e-01 2.993877221483819406e-01
3.528000000000000000e+03 6.732948469915758238e-01 6.304168945648690459e-01 4.513541341599434098e-01 5.101881797526561790e-01 3.618195515197815126e-01 3.704721591275465520e-01 2.839950397759125611e-01 2.879034572862018138e-01 3.158941529461798958e-01 3.216219842225111480e-01
3.529000000000000000e+03 6.549786507213517517e-01 5.027168099304236693e-01 5.529907046571166385e-01 4.570763029416747836e-01 4.244399037676607755e-01 3.540338080800959353e-01 2.962110944315633487e-01 3.248387065651862082e-01 3.405949565598046513e-01 3.119886575620695601e-01
3.542000000000000000e+03 7.818686959108785972e-01 7.351035025754336649e-01 4.877400574630670338e-01 4.224828098540392984e-01 4.449023502767340821e-01 3.235527702962024965e-01 2.331008498960963349e-01 2.408139873056375502e-01 2.992314731151125562e-01 2.520620477948414817e-01
3.543000000000000000e+03 7.710524720159547263e-01 5.565182334460756497e-01 5.017707560921710330e-01 5.574100811432570746e-01 3.988226031666523563e-01 3.231203318595087248e-01 2.661078434226107903e-01 3.272355534136840438e-01 2.839100243821424674e-01 2.524784565675535219e-01
3.544000000000000000e+03 5.868112001789532739e-01 5.482000459237728052e-01 5.927508629272695284e-01 4.892847395070823446e-01 3.669041868726631850e-01 3.339321711929245651e-01 3.404636945341126264e-01 2.896270031671375200e-01 2.654546353674304693e-01 3.959049619394943154e-01
3.545000000000000000e+03 5.641504732447919501e-01 6.140939156058873305e-01 5.170222994809338113e-01 4.399956749580938298e-01 3.556451101159378014e-01 3.962701136373952826e-01 2.797861509301196037e-01 2.533744690948322997e-01 4.059839233627371424e-01 3.586726067446817656e-01
3.547000000000000000e+03 5.849762963597011645e-01 5.331553070692420793e-01 4.948252040915954719e-01 5.290159420362674503e-01 3.871981349507346293e-01 3.145898931324356274e-01 4.405925535049171060e-01 3.880737327242804180e-01 2.244170173466611962e-01 3.394354745918211624e-01
3.550000000000000000e+03 5.945630224488677174e-01 5.269266223052144760e-01 4.557156584816641209e-01 6.202013127592892472e-01 5.062398669806985607e-01 2.340723299297851057e-01 3.427623233203025976e-01 4.091544108455402173e-01 2.802384341103074661e-01 3.001285122406133765e-01
3.551000000000000000e+03 5.583222433783572303e-01 5.051279229578544694e-01 6.443385274708652855e-01 5.816373999279784712e-01 2.571798985991466946e-01 4.174309115494057587e-01 4.314855481676023174e-01 2.842531521281149165e-01 3.158853667371635532e-01 2.566848215594437765e-01
3.553000000000000000e+03 6.711803291651896597e-01 6.201636819523629329e-01 3.987742410649240954e-01 5.235452842539028984e-01 5.587538498526872788e-01 3.272071434742441221e-01 3.055274392605726863e-01 2.462811361010805722e-01 3.062388893612895124e-01 3.111134196181901124e-01
3.579000000000000000e+03 8.082779148088401477e-01 9.255569950584245920e-01 6.855149653890677541e-01 4.130989841694250875e-01 4.163200404031656698e-01 1.924774737617990783e-01 1.826545231399806513e-01 2.207495237023708590e-01 2.283984133880392342e-01 1.633893297250072763e-01
3.608000000000000000e+03 6.116263069333851554e-01 5.262909091932791439e-01 4.273489926879320833e-01 4.768598197803156635e-01 4.438264440060132876e-01 3.029791048152050137e-01 3.112323869964823131e-01 4.424304336711840091e-01 3.319387548687579015e-01 3.303935503085180247e-01
3.609000000000000000e+03 5.575784581488202329e-01 4.792717477908335355e-01 5.228829034963357048e-01 5.267046105457446892e-01 3.402469485267972660e-01 3.821747077847721941e-01 4.688862450988408037e-01 3.407041555206881678e-01 3.485409287374779952e-01 2.723638221256013958e-01
3.612000000000000000e+03 6.220135007075761058e-01 5.268670716829327860e-01 5.508430061675705369e-01 6.953986304717243438e-01 4.820093584537579745e-01 4.430210612219421806e-01 2.882174127287284726e-01 2.688954511386009161e-01 2.960317340954999321e-01 1.811497713713607904e-01
3.613000000000000000e+03 5.607127580591981797e-01 5.939435944582500682e-01 7.109766859681768691e-01 5.639210573242928737e-01 5.138768263351476406e-01 3.601099734725569657e-01 2.759710026405310379e-01 3.041842447965736329e-01 1.892524625054496645e-01 2.605250771884957683e-01
3.618000000000000000e+03 6.913964357649048376e-01 6.576623146980246082e-01 6.614330403814477899e-01 4.792051486731161436e-01 5.303562240519631432e-01 3.136249289916333005e-01 2.661199944694723762e-01 1.999923496705464931e-01 1.989790430105070618e-01 2.930203603216167685e-01
3.619000000000000000e+03 6.796573129993010998e-01 6.925453461733883653e-01 5.263072853521830741e-01 6.042709173420492963e-01 3.550557038097687523e-01 3.336439867094321277e-01 1.963961881881958749e-01 1.963527658572755130e-01 3.091975556252100077e-01 3.303459007736612163e-01
3.627000000000000000e+03 6.273773557035901005e-01 6.459605887744136465e-01 7.922901848150631920e-01 3.780671234746241782e-01 5.224727870224107340e-01 2.262658537585609253e-01 2.345944313787027002e-01 2.872504076336226397e-01 1.964691374182674921e-01 3.387639376851019346e-01
3.634000000000000000e+03 5.301474541234940663e-01 4.009249182739517692e-01 5.370510155506593719e-01 4.882366192523994175e-01 4.862203384571360254e-01 3.698639910594979652e-01 3.675451962049026688e-01 3.646559250005620978e-01 2.794706741643832593e-01 4.177453940287774170e-01
3.697000000000000000e+03 5.678111770062478358e-01 5.697463067615451404e-01 5.189522138257052220e-01 5.872166981750592818e-01 4.805034877557213813e-01 3.501911212815961294e-01 3.871102663912953101e-01 3.653278961627048904e-01 2.589494873269412856e-01 2.253223435557521470e-01
3.818000000000000000e+03 6.297012247868249979e-01 5.644797243703896239e-01 6.625237247968894794e-01 5.828290854225716133e-01 4.225194700613570942e-01 4.078845924864993866e-01 2.393678131185494606e-01 2.789098550309403457e-01 2.121787014651163317e-01 2.929406681352089703e-01
3.819000000000000000e+03 5.941812863265947264e-01 6.938311475338082568e-01 6.143122001094682982e-01 5.101212565238696373e-01 4.694959337886157047e-01 3.042667759949152506e-01 2.859032587584813823e-01 2.110962825469155923e-01 3.093750784525303721e-01 2.760768739498888902e-01
3.820000000000000000e+03 7.161137256712020172e-01 6.533011446169567638e-01 5.562215313695465513e-01 5.553773368421093259e-01 3.487625053572531164e-01 3.598136290199653309e-01 2.126672465681308521e-01 3.206261411394824568e-01 2.938701054352251818e-01 2.236223066422444450e-01
3.825000000000000000e+03 6.938208350349290843e-01 6.026582754323676072e-01 6.833800471940131294e-01 6.374320268608197892e-01 4.672157173639280847e-01 3.621961517033661648e-01 2.046064590916912007e-01 2.125283424750932515e-01 2.325578556217333115e-01 2.279527881604783979e-01
3.946000000000000000e+03 7.180109605967441855e-01 6.929320764346100781e-01 5.876098312030005877e-01 5.847369839540820236e-01 4.447941887446646425e-01 3.075026296193288933e-01 1.950946380485245324e-01 2.411067382853125385e-01 2.492654299157873732e-01 2.528876151852823551e-01
3.981000000000000000e+03 7.083631207774380156e-01 5.943286966005154603e-01 5.644310332665422036e-01 4.377963746685906710e-01 4.018694227763970339e-01 2.954668676635084368e-01 2.957491165022277380e-01 2.446318955438032960e-01 3.317443007191800963e-01 3.237294049597579937e-01
3.982000000000000000e+03 6.258054124188220380e-01 6.095184581303531024e-01 4.965405542210851730e-01 4.979005253516794460e-01 3.401944957547575754e-01 3.724972296442836672e-01 2.521334989510156110e-01 3.465326474664886525e-01 3.468405989960680613e-01 3.100290548700398996e-01
3.986000000000000000e+03 5.605935930310795845e-01 5.859978254997832980e-01 4.950482108563105665e-01 5.715471238933852449e-01 5.109083738245466799e-01 4.161099062122478598e-01 4.037090205409828991e-01 3.338730940560507010e-01 2.584509453779128552e-01 2.003353939202627554e-01
3.988000000000000000e+03 5.691583875739831822e-01 6.365822113027773677e-01 6.128909604027110714e-01 5.535852036841462098e-01 5.577140229236708935e-01 4.189611103620739518e-01 2.611373216192928726e-01 2.028106721839679771e-01 2.616075083341699581e-01 2.631707064039766064e-01
3.989000000000000000e+03 6.619151777609829645e-01 6.503878884608059741e-01 5.912253497544558423e-01 6.306175151321692374e-01 4.851300739685228680e-01 3.302960000084775860e-01 2.015360154715684360e-01 2.667015570205457098e-01 2.784271437515015157e-01 2.141090570048483910e-01
3.990000000000000000e+03 6.767384098291924222e-01 6.330553102647678010e-01 6.589725837470152836e-01 5.699668722303898871e-01 3.812488811373659914e-01 2.668026265777173056e-01 2.762731287977120975e-01 2.873637126055267332e-01 2.272335132145540115e-01 2.760839979353778006e-01
3.993000000000000000e+03 7.088654018773005161e-01 6.150109746763688934e-01 5.139515853999316874e-01 5.480188901240462540e-01 4.917190814132117449e-01 3.506468431804752317e-01 3.606989462421621440e-01 2.841384882276811741e-01 2.355610714629049474e-01 1.992601231460591482e-01
3.997000000000000000e+03 7.196940791923920333e-01 6.389142412641501956e-01 6.819525001900013095e-01 5.808848038169850403e-01 4.305635905220227544e-01 3.371490369672509035e-01 1.892566136669146803e-01 2.130741643953224795e-01 2.583624168579697344e-01 2.361896342967494955e-01
4.007000000000000000e+03 7.154853072958640148e-01 6.172131513522055579e-01 6.397667620087585938e-01 6.213114861015973656e-01 3.550583911603792941e-01 3.179139384999820628e-01 2.378608842408418966e-01 2.588251957555685601e-01 2.343190577372699090e-01 2.640445205523540007e-01
4.016000000000000000e+03 7.591872216087240943e-01 7.105194330403590275e-01 5.816572174779564008e-01 6.308836798646669797e-01 4.795131662980467446e-01 2.440328633448683171e-01 1.940063372404486619e-01 1.953368246535328034e-01 2.051944115372001110e-01 2.822927334333314442e-01
4.017000000000000000e+03 7.394122023190463633e-01 6.322280869182911323e-01 6.679396330762706890e-01 5.752921720030481634e-01 2.883207452148479066e-01 2.679159313365615525e-01 2.041116688796049128e-01 2.146573132322999455e-01 3.082167194666060595e-01 3.021083864885194536e-01
4.019000000000000000e+03 7.410941289972808876e-01 6.695918617152537555e-01 4.805135856926160409e-01 4.351596443379615597e-01 3.335655328443659084e-01 3.057370094646860714e-01 3.559694453436522688e-01 3.531118307319288663e-01 2.271374483490140317e-01 2.900345535309822864e-01
4.021000000000000000e+03 5.843462559886469787e-01 5.618337959808453741e-01 5.142068459913421430e-01 4.754183053121674440e-01 5.384755395745111084e-01 4.803011851397843701e-01 2.552474511349618336e-01 3.387277377190023864e-01 2.225907522894948753e-01 3.247254169521898715e-01
4.022000000000000000e+03 5.865316124722372848e-01 5.538450596470761988e-01 5.171636904804695067e-01 6.042639717805498023e-01 5.484982442917883949e-01 3.149496752913471531e-01 3.471552898460960601e-01 2.169785273736660747e-01 3.387020187535999538e-01 2.788415866168950652e-01
4.023000000000000000e+03 5.694358335641268587e-01 5.459124137749066241e-01 6.142087268773838149e-01 5.989677321931723419e-01 3.329064469575248597e-01 4.038302335235104956e-01 1.980012813000171235e-01 3.335351990167990111e-01 2.794379284484425630e-01 3.576248984765092453e-01
4.024000000000000000e+03 5.595373782219901226e-01 6.307095459022415973e-01 6.065465022702516418e-01 4.067034360078842226e-01 4.358770901461764824e-01 2.349419665320014172e-01 3.262265930460470642e-01 2.659640944461800216e-01 3.620730797788906385e-01 3.638768366294335976e-01
4.025000000000000000e+03 6.426481234100341888e-01 6.295508749239731028e-01 4.505547568020076832e-01 5.042030197679879810e-01 2.405545141195083170e-01 3.841525470748641258e-01 2.563864002198900649e-01 3.619135265350482689e-01 3.740352986037267513e-01 3.142083210478323618e-01
4.061000000000000000e+03 6.404359831454292662e-01 6.664087426082714316e-01 5.866974124621769926e-01 4.341106160819798165e-01 4.574473378724960293e-01 3.591696212366913277e-01 1.971342734517710360e-01 3.110560012665093410e-01 2.652838490444277553e-01 3.172787406506487051e-01
4.065000000000000000e+03 6.408950102592437803e-01 5.837671094082472756e-01 4.496482189560848108e-01 5.356144886275703287e-01 3.881341567376377921e-01 4.375721766873854612e-01 2.637162532519823910e-01 2.202668597947014528e-01 3.581584295201182266e-01 3.458794860260947512e-01
4.067000000000000000e+03 5.365655026681166451e-01 6.148275114646234440e-01 5.282045929741905343e-01 5.838831114676228395e-01 3.781473846840420205e-01 2.833458967320782729e-01 3.909231499295220402e-01 3.812868742163907920e-01 3.166495498121041363e-01 2.416764761925944138e-01
4.069000000000000000e+03 5.826958033540381443e-01 6.305604320064396306e-01 4.976075993702122613e-01 3.930872523277539332e-01 5.174203700762304292e-01 4.593436484862612468e-01 3.160565502758976852e-01 2.369244668487674454e-01 3.421361996603640709e-01 2.898241424403009692e-01
4.070000000000000000e+03 6.411987240681437106e-01 5.296732803860666472e-01 4.375089412651208542e-01 5.736832465601847675e-01 5.093074006351999694e-01 3.711189803650695729e-01 2.220725333016519976e-01 3.387128047089488225e-01 2.926126621520450666e-01 3.439903610173787873e-01
4.071000000000000000e+03 5.574296365339745929e-01 4.849477784919865586e-01 6.008148238938673114e-01 5.793906412689120433e-01 4.173172141659222123e-01 2.787295043716442877e-01 3.477119103828006375e-01 2.941256572064218089e-01 3.600421175297235377e-01 3.231507711920953985e-01
4.072000000000000000e+03 5.058205736319172363e-01 6.210903945645013247e-01 5.927662272023237477e-01 4.837122026808822195e-01 2.886118244306888903e-01 4.039520017968126764e-01 2.845395768482752996e-01 3.564607351226449228e-01 3.270141290423212999e-01 3.359717962732017282e-01
4.081000000000000000e+03 9.064877861607975040e-01 7.785031972036821069e-01 5.572236855382290965e-01 4.641215174948076228e-01 3.894594778029811799e-01 1.158831588630691301e-01 2.358714602321914933e-01 1.858405259337058690e-01 2.765738898491689191e-01 2.669831003237009281e-01
4.082000000000000000e+03 8.130059884523438418e-01 6.216433076915106604e-01 5.393147006560679024e-01 5.112687295711345614e-01 1.497900123948426032e-01 3.286596708557544266e-01 2.059821851752664246e-01 3.043044257805949671e-01 3.019337219591843868e-01 3.437269002004995078e-01
4.099000000000000000e+03 7.546470556595024082e-01 7.690884422167787449e-01 7.543240326887314939e-01 5.051251510759546814e-01 3.446464773822516814e-01 2.839141707557015226e-01 1.300791860846138848e-01 1.292446530900460688e-01 2.440344267062449224e-01 3.056387723694269365e-01
4.100000000000000000e+03 7.953903414435443686e-01 7.910275685446046534e-01 5.636838580809834243e-01 4.595987767784660560e-01 3.397495476432681460e-01 1.992809209971731499e-01 1.315802984711558488e-01 2.593310822416463046e-01 3.354764763863622989e-01 2.830583201763527401e-01
4.106000000000000000e+03 5.231515464789942005e-01 6.074383256306066237e-01 6.656053714707952373e-01 5.893905641836721943e-01 4.582750762300472624e-01 2.963521603307456842e-01 2.614340813279465436e-01 2.839822304036760947e-01 3.149506304436898163e-01 2.826942624692906914e-01
4.107000000000000000e+03 6.188618646487640262e-01 6.802783282351847483e-01 6.019228365476770870e-01 5.203738737114202983e-01 3.108232116666263534e-01 3.090627614882526242e-01 2.738143878252813912e-01 3.078162611396180193e-01 2.838232716234463937e-01 3.024238498579998047e-01
4.137000000000000000e+03 5.692849409933199434e-01 6.563802422395794700e-01 5.705403629059455639e-01 5.785087662945663789e-01 5.204674517119243227e-01 3.523200062418301859e-01 3.954852016217741406e-01 2.954449070379702169e-01 2.291454907153353815e-01 1.806552443873358782e-01
4.322000000000000000e+03 8.291790145116187949e-01 8.498158103874619007e-01 6.771191113981598342e-01 4.255578402635301072e-01 3.756103935101914315e-01 2.011024582604673816e-01 1.707573585999689614e-01 1.253822168675551851e-01 2.685251946993901795e-01 2.711717958110154147e-01
4.323000000000000000e+03 8.834671112853049735e-01 7.355062734063685381e-01 5.118754451655795901e-01 5.053805044848561634e-01 2.602726568767916304e-01 2.619042453693409267e-01 1.426664089357272958e-01 3.001928276882054880e-01 3.108249293716233153e-01 2.433326327251736365e-01
4.324000000000000000e+03 7.801530529403042369e-01 5.876911140568559233e-01 5.823883781462531051e-01 4.070065795594217106e-01 3.377030045412505177e-01 2.335052022977250064e-01 3.437266967845564736e-01 3.491230220167802489e-01 2.826937124634542609e-01 2.718276542302496823e-01
4.358000000000000000e+03 6.394031488653437734e-01 6.447453829497953315e-01 5.273807656788623843e-01 2.674350469460014534e-01 3.317240053517314657e-01 4.470964351420072536e-01 3.947602289325435887e-01 2.924469100689882084e-01 2.495787239204683150e-01 3.747604896353454174e-01
4.361000000000000000e+03 4.141855688293981652e-01 4.931292199627430040e-01 5.774897947356592010e-01 5.708339592861343403e-01 3.667195112298333726e-01 2.724762640001302527e-01 3.935680935590711305e-01 4.394463412796441593e-01 3.177127479738352522e-01 3.761024612295376657e-01
4.362000000000000000e+03 5.007137762629940703e-01 5.860597470277274512e-01 5.700787865113879915e-01 4.214024717885804239e-01 2.605890605877831390e-01 4.374685295824951581e-01 4.326345726729659003e-01 2.964975744278677827e-01 3.716249862087109834e-01 3.159051874186307174e-01
4.431000000000000000e+03 5.816905945749915041e-01 5.665062433892180671e-01 5.800821099054359609e-01 6.474296133949267729e-01 5.499900883080169889e-01 4.367178180006475730e-01 2.590455866526524265e-01 1.928761292736934363e-01 2.294531136096952806e-01 3.057322200690222314e-01
4.432000000000000000e+03 5.951303733060030465e-01 6.181663985477564571e-01 6.678541569846204728e-01 6.205510336364290502e-01 5.028703009182849959e-01 3.249168423456288424e-01 1.875845295892929754e-01 2.290490001442210266e-01 3.223471885383896174e-01 2.427070274199289723e-01
4.499000000000000000e+03 7.232442671840260129e-01 7.625028723304215772e-01 5.894300223656923077e-01 5.318907046201950539e-01 3.957781854153120116e-01 3.194124098552694191e-01 2.638304334556276221e-01 1.918164700014544366e-01 1.940813353945901043e-01 2.844960803386205606e-01
4.500000000000000000e+03 7.784552654662366677e-01 6.298187238882249073e-01 5.736163885188874101e-01 4.895071152719025487e-01 3.657070389282503498e-01 3.341225609557112453e-01 1.898499698621801401e-01 1.933706579544867965e-01 3.021667119756588638e-01 3.394935559643592060e-01
4.502000000000000000e+03 6.507938321539430415e-01 5.912799642937976996e-01 5.245419345066112404e-01 4.895370410105663872e-01 2.961694699930215724e-01 2.638926093217959234e-01 3.347193264932584178e-01 3.854169209697047571e-01 3.416567328046164476e-01 2.949003987516092828e-01
4.523000000000000000e+03 8.243469314582501095e-01 6.703382163868656374e-01 5.696002486813234178e-01 4.752141805656743268e-01 3.334025817566533267e-01 3.748557730487690476e-01 2.002297175084837566e-01 1.796280366726037692e-01 2.394273190606796275e-01 3.322575316770798315e-01
4.524000000000000000e+03 7.062924420059500941e-01 6.255110881922667510e-01 5.406338413538421817e-01 4.524378375308986677e-01 4.530836325049535374e-01 2.799628704204071838e-01 1.909174634883110955e-01 2.563161636556260947e-01 3.662964091029173308e-01 3.269991397400364708e-01
4.525000000000000000e+03 6.492267165869336498e-01 5.822365792547181673e-01 5.026554004847395563e-01 5.353340763835451321e-01 3.129961683139830808e-01 2.489428359653168832e-01 2.590380445921373065e-01 3.787235984158774382e-01 3.452168401919413765e-01 3.495272502968634343e-01
4.526000000000000000e+03 6.115529427697148357e-01 5.501641153515623994e-01 5.753673914020105418e-01 4.155552621714350137e-01 2.789063673411338873e-01 3.275069019039301144e-01 3.999635916878723219e-01 3.579426647118721938e-01 3.717565198396872717e-01 2.844851376514663799e-01
4.550000000000000000e+03 5.239776533167715966e-01 5.470514590503190444e-01 6.362347856177394956e-01 6.193644393742502308e-01 4.662437175580632087e-01 3.969363578278048421e-01 3.362905470897229465e-01 2.944050022514216325e-01 3.177540794504009058e-01 1.961209959489862709e-01
4.552000000000000000e+03 6.753959604662108651e-01 6.608584108647385102e-01 5.662601356632784855e-01 5.173039920355104737e-01 4.488935855308330836e-01 3.543952674949951698e-01 3.209260566818905591e-01 1.860115593744285922e-01 2.360575084986419880e-01 3.037643290388461481e-01
4.553000000000000000e+03 6.876610166810807057e-01 6.118163637122427945e-01 5.645657829730893473e-01 5.399880375228249818e-01 4.124633324145769997e-01 4.012907987087436235e-01 1.865400742899835651e-01 2.422671465933996515e-01 3.257513106596702790e-01 2.775361357928181061e-01
4.554000000000000000e+03 6.449006854044713188e-01 6.128891769984828874e-01 5.866592638906356072e-01 5.114226542143451848e-01 4.731158497495188686e-01 2.549580557855879448e-01 2.530260255607378328e-01 3.431626829385515665e-01 2.996207683770584218e-01 2.691413611339495415e-01
4.555000000000000000e+03 6.454515275296718313e-01 6.324437699268924407e-01 5.619382056142840920e-01 5.640320358891579566e-01 2.952360742704103758e-01 3.283649127546318658e-01 3.666469470146227483e-01 3.140407201746473476e-01 2.900831923546239866e-01 2.363756481608784987e-01
4.558000000000000000e+03 6.703689723279850909e-01 5.202444418395235637e-01 5.288653819588311489e-01 6.065139237029905095e-01 4.772039815777303629e-01 3.921061626170769809e-01 2.662495875689647185e-01 2.607307366774178625e-01 3.001918300274952212e-01 2.702142629879007441e-01
4.559000000000000000e+03 5.490238199542439856e-01 5.679117441328860316e-01 6.288980355943374345e-01 5.516483546060380050e-01 4.431155484022238356e-01 3.281559236853242023e-01 2.599685703953245053e-01 3.027073330911457250e-01 2.803571646346352253e-01 3.456965322959685283e-01
4.560000000000000000e+03 5.851990750379151285e-01 6.500050020226039171e-01 5.732391135704556495e-01 5.108612478169028970e-01 3.534459302858956598e-01 3.109468986165317972e-01 2.981059767948648354e-01 2.728141614041088570e-01 3.545833500742759936e-01 3.035443547307775103e-01
4.564000000000000000e+03 6.065795666247733031e-01 5.771468591539539172e-01 5.864940525155891704e-01 5.273541685705210869e-01 5.860375518870442058e-01 4.576532297675233174e-01 2.313380419534685761e-01 2.009560001336406221e-01 2.559521192352796071e-01 3.010309809068784093e-01
4.565000000000000000e+03 6.089177903191168584e-01 6.283457711844225857e-01 5.710838269937049683e-01 6.579196424615183503e-01 5.347360250063599718e-01 2.994349630620073421e-01 2.014733367614486848e-01 2.623201303824618247e-01 3.211656107456571374e-01 2.323186386464315134e-01
4.673000000000000000e+03 7.143982099244664541e-01 6.273623061643555099e-01 6.425595677770239433e-01 5.393501756911693867e-01 4.109426806762962459e-01 3.973183957497923302e-01 2.979833155791291044e-01 1.896155105049521228e-01 1.729682290068847439e-01 2.927653910543127069e-01
4.674000000000000000e+03 6.614348539138772409e-01 6.860223444905181323e-01 5.887698510535168683e-01 5.132075136434630647e-01 4.718799071695802261e-01 3.819199902160882454e-01 1.960687109992512445e-01 1.779151990684984530e-01 3.183029359276823289e-01 2.745281361491032635e-01
4.675000000000000000e+03 7.169068750421553338e-01 6.387608398622118822e-01 5.682916470810341902e-01 5.686944809807373824e-01 4.554887663496576811e-01 2.703097240824507974e-01 1.844780410894740763e-01 3.388453808058309313e-01 2.998545780938975946e-01 2.187627924016807557e-01
4.676000000000000000e+03 6.652397219663712669e-01 6.114160296806593342e-01 6.055959773556833792e-01 5.428456307240833167e-01 3.073965719790461848e-01 2.467918583672152055e-01 3.568925025618750468e-01 3.100073193859128051e-01 2.315232479355641970e-01 3.287652939770606686e-01
4.677000000000000000e+03 6.353916215957714497e-01 6.401124666413201547e-01 5.780996344453729341e-01 4.064241980625783457e-01 2.715045385035639858e-01 4.322419936411731611e-01 3.186613621511374950e-01 2.302000124132178860e-01 3.462827733531981256e-01 3.216053445404324918e-01
4.679000000000000000e+03 6.542710426326202588e-01 5.272134126705172452e-01 4.542234135754104618e-01 5.933843346362771554e-01 4.692332559349984833e-01 3.098908888111280291e-01 3.891107006966045279e-01 3.638441983681982572e-01 2.849939272018388592e-01 2.362648686552409338e-01
4.772000000000000000e+03 6.746030991255848042e-01 6.239702240375766262e-01 5.370130319446241307e-01 6.024238569468503002e-01 4.655920229905464724e-01 3.972794153228036973e-01 2.767798821771375040e-01 2.512273477253311738e-01 2.522230370658869458e-01 2.286721490998593342e-01
4.781000000000000000e+03 7.163626665344102751e-01 6.585598131187048176e-01 6.069661013590494925e-01 5.039127777470777669e-01 4.687217659931171010e-01 3.656511309414191002e-01 2.435206419436467262e-01 2.539488797587097779e-01 1.980645680105392048e-01 2.666527046871919326e-01
4.782000000000000000e+03 6.905998550322589580e-01 6.541904969290180949e-01 5.592336580900754139e-01 5.645193799489072184e-01 4.341876732388294524e-01 3.218376869730885659e-01 2.693701123513613793e-01 2.058781280980266915e-01 2.903440170455491853e-01 2.729747735041634926e-01
4.803000000000000000e+03 6.982845830910472396e-01 6.978044166266045290e-01 6.240727072305044532e-01 4.380037544126560434e-01 4.215057403283090642e-01 4.183071140157076373e-01 2.643386778162154505e-01 2.360503852297834437e-01 1.588504001225113094e-01 3.056321836302929862e-01
4.804000000000000000e+03 7.234143827331774856e-01 6.660814387557264515e-01 4.994455464918028942e-01 5.183772128888277653e-01 4.925936158825218736e-01 3.406123746484076564e-01 2.451662809743521132e-01 1.594074663769959321e-01 3.294453960645311041e-01 2.835511445235192607e-01
4.805000000000000000e+03 6.920497685759025019e-01 5.508122152118655190e-01 5.649738808910544918e-01 5.777315760132656353e-01 3.951087464584367437e-01 3.164611797564487738e-01 1.559601528107268653e-01 3.441964628952738359e-01 3.034095098274521840e-01 3.214189728411506741e-01
4.806000000000000000e+03 5.962682316930627557e-01 6.215471359048903022e-01 6.278361605370942344e-01 5.069616207802497554e-01 3.826444742134001431e-01 2.309260454662284134e-01 3.775807963516783494e-01 3.267940676235583375e-01 3.547284000379837265e-01 2.132228089281439642e-01
4.842000000000000000e+03 7.082885390144306736e-01 6.960573000515265507e-01 6.604138839785230752e-01 5.985275749711261861e-01 4.513599865244236065e-01 3.082038933425546023e-01 2.281437404492465959e-01 1.801074497651632411e-01 2.475976357555104423e-01 2.221838141712026149e-01
4.882000000000000000e+03 6.923707765535936920e-01 6.316454160812459140e-01 6.053497010035903125e-01 5.245367641215781251e-01 5.297139501798948658e-01 3.573620803296414516e-01 2.356592354504226661e-01 2.541850753779629213e-01 2.136030108943321737e-01 2.607282471194624085e-01
4.908000000000000000e+03 7.569669868222285158e-01 7.001887120572863887e-01 5.697539856839003436e-01 4.953019082142305907e-01 4.177217635580330324e-01 2.957261870759116396e-01 2.095819823792866299e-01 2.752806850965149876e-01 2.494802362891071490e-01 2.644700479085556610e-01
4.914000000000000000e+03 6.562517647741710203e-01 6.982627737603932516e-01 6.406862932974579650e-01 6.570596797915002618e-01 4.473480474126244610e-01 2.742437021807216935e-01 1.900611105722577465e-01 2.366071932092747299e-01 2.527811447341942186e-01 2.436226457906210396e-01
4.919000000000000000e+03 6.382900600679234371e-01 5.919969309925399159e-01 5.986418568894646963e-01 5.899197841032176592e-01 5.187960198946326429e-01 3.941770401711863214e-01 3.010081090201778276e-01 2.710301531660833652e-01 2.439618949258922642e-01 1.949242054113466405e-01
4.923000000000000000e+03 7.221571725030008215e-01 6.590143792468117212e-01 6.047662704086802510e-01 5.430706655499352165e-01 4.217015882446298880e-01 3.117623428810421538e-01 1.802297672730783507e-01 2.535117889503569200e-01 2.503394794067631546e-01 2.983919719498863699e-01
4.924000000000000000e+03 6.979170647040441322e-01 6.596729667040392986e-01 6.006486299535780393e-01 5.329280476947039213e-01 3.798944515303700475e-01 2.603807485198446070e-01 2.770563795103925808e-01 2.704674064984736725e-01 3.314913517453578762e-01 2.243796056100285374e-01
4.975000000000000000e+03 7.405623661557501070e-01 6.347981545321131902e-01 4.834694137949225867e-01 4.317539985138018621e-01 4.112048953310170618e-01 3.799189013481384380e-01 2.795750527263088370e-01 2.869909354572005578e-01 2.838405948255855460e-01 2.864377557584439349e-01
4.976000000000000000e+03 6.669084162922515047e-01 5.402590098497452864e-01 4.959640867373821815e-01 5.114954691790198904e-01 4.485842739243612876e-01 3.595983842964016741e-01 3.046246974084026449e-01 2.980858510965905817e-01 3.100946523470200500e-01 3.074054376033084623e-01
4.977000000000000000e+03 5.733695246207605178e-01 5.445941682737910350e-01 5.557392656569181133e-01 5.350872426970536555e-01 4.134993016715733938e-01 3.787979124489573302e-01 3.093672653628676827e-01 3.199487324440295488e-01 3.265168913591962041e-01 2.958684200053794400e-01
4.978000000000000000e+03 5.690946023042693369e-01 5.896916545238852780e-01 5.656900912702730322e-01 4.925275859350032870e-01 4.232453719289573923e-01 3.729207601812459250e-01 3.240201220096423085e-01 3.290191844612747607e-01 3.058752720450381157e-01 2.821013538074693128e-01
4.979000000000000000e+03 6.097059537793010353e-01 5.977741213047136348e-01 5.287044319346914101e-01 4.998642178382573520e-01 4.147771041579639273e-01 3.880574677708484854e-01 3.332373341150691726e-01 3.055286473788912938e-01 2.901388123663932173e-01 2.851225960066414156e-01
4.991000000000000000e+03 6.679820892236828511e-01 6.548987076689932740e-01 6.326972054102975029e-01 5.821591859061605589e-01 4.018600263617129187e-01 3.147947639554506960e-01 2.494106428272964693e-01 1.869827505719035277e-01 2.895242596663758494e-01 2.813030349483346404e-01
4.994000000000000000e+03 6.983351746068354737e-01 6.083066720600104338e-01 5.346083288641203524e-01 4.893097972211578051e-01 3.078104546659961582e-01 4.114749631668929708e-01 3.448006885087147033e-01 2.059428099237725629e-01 2.283941768583526988e-01 3.769097798094211971e-01
5.002000000000000000e+03 4.405800493617548219e-01 5.861763645262327849e-01 5.839601048169287267e-01 7.689204201184015597e-01 4.666133842852810965e-01 2.900408389846384494e-01 2.611265089534047790e-01 3.048302571750701739e-01 2.757105271916800993e-01 3.371197126975623015e-01
5.003000000000000000e+03 5.837790574195172999e-01 5.895081726964149782e-01 7.342576168542087611e-01 5.054789388945184481e-01 2.782356148597132650e-01 2.879821525848524355e-01 2.785325614880103107e-01 2.483631898644596825e-01 3.273866272192502702e-01 3.553138023401840040e-01
5.275000000000000000e+03 7.039595660824078394e-01 5.951178843364374194e-01 5.061633924482593638e-01 6.021177043628190839e-01 4.656373420935364105e-01 3.722298278391289461e-01 2.447402703805682533e-01 2.341507691694910409e-01 3.227566397118688535e-01 2.380916038372693777e-01
5.276000000000000000e+03 6.355736081896345979e-01 5.664802630809709916e-01 6.466281991214848368e-01 5.667134887931898346e-01 4.477274382334764935e-01 3.277683403019440167e-01 2.510708573456226222e-01 3.463660737251640365e-01 2.626528800856943180e-01 2.355199124246972198e-01
5.279000000000000000e+03 6.757846176014942197e-01 6.266674916106961257e-01 5.325088524322156847e-01 4.750023709253003434e-01 5.321075410606592726e-01 3.589623320749704694e-01 2.692854270472154754e-01 2.234098566063431046e-01 3.077006623835112920e-01 2.735877819434045510e-01
5.280000000000000000e+03 6.637996738263752805e-01 5.894540740299140102e-01 5.378185279229045213e-01 6.238697472903934615e-01 4.302547211144603367e-01 3.539595144605247046e-01 2.378801439444199195e-01 3.289178855745875096e-01 3.003857612861446369e-01 2.184084999853378728e-01
5.663000000000000000e+03 6.953480558606973672e-01 7.628461529592373003e-01 5.957609533413075198e-01 5.350434248990815211e-01 4.802597807479795922e-01 2.994694005894870115e-01 1.923800751823218635e-01 1.967470951462259587e-01 2.461362331209099863e-01 2.695512781025461990e-01
5.880000000000000000e+03 6.725084831419835263e-01 6.804139009332709209e-01 5.740343866598590639e-01 4.349022015254167539e-01 3.772813497496129154e-01 3.866001783605450548e-01 2.488085433193550633e-01 1.998990010797491168e-01 3.024660244356681682e-01 3.333361247163834085e-01
5.881000000000000000e+03 7.013203464614763405e-01 6.141802703686172205e-01 4.896769452417985558e-01 4.710950108084058785e-01 4.444790228842175339e-01 3.153564609265332996e-01 1.971439191411836489e-01 3.104792935354541705e-01 3.536208243702633758e-01 3.087519373258040267e-01
5.882000000000000000e+03 6.378956709656613544e-01 5.351224569537228470e-01 5.173600799998850919e-01 5.265081762104394381e-01 3.543445299016881878e-01 2.546703459643222534e-01 3.191477768082601196e-01 3.638680683447415021e-01 3.245486927557041379e-01 3.523986225782950177e-01
5.883000000000000000e+03 5.632102637496351205e-01 5.580502176533305159e-01 5.618604828269101459e-01 4.447338424068676965e-01 2.778179737389909199e-01 3.875988710449428942e-01 3.770635857108294298e-01 3.299159023829290605e-01 3.699189167163404734e-01 3.142747480623518941e-01
5.885000000000000000e+03 6.169181424970345828e-01 5.309789795437016569e-01 4.307917928143178976e-01 5.121876120067069271e-01 5.090506189392448588e-01 4.034021899188153237e-01 3.894326840906683906e-01 3.296190417230135949e-01 3.356909557138383349e-01 2.305295555000232421e-01
6.155000000000000000e+03 6.966421582027122472e-01 6.747727771778546657e-01 6.388030370026573923e-01 4.600797732100901927e-01 4.382466389264889073e-01 3.070056515712473733e-01 2.214112002692986692e-01 3.161292839839189295e-01 2.561266355263838168e-01 2.405873476392858812e-01
6.193000000000000000e+03 7.103453821817177216e-01 7.485430657642855312e-01 6.336452143254033276e-01 5.889617330894637570e-01 3.236868014844921371e-01 2.676197695346952399e-01 1.967970762737182300e-01 1.770371161889095490e-01 2.471451461498019864e-01 3.253340361215089627e-01
6.194000000000000000e+03 7.715356585978110360e-01 6.762458386282280687e-01 6.289450836640099185e-01 4.344380577620138295e-01 3.123212868485971683e-01 2.672456323539407763e-01 1.800098367912812969e-01 2.576589893227415051e-01 3.521602784508614525e-01 2.831580540868884333e-01
6.224000000000000000e+03 5.857000190307288801e-01 5.037652621055921376e-01 6.182883601413111663e-01 5.388740931667461709e-01 3.832510046549573723e-01 4.116363282328522333e-01 3.353156833898947586e-01 3.072645152259612655e-01 3.114557116264249914e-01 2.705113395435297385e-01
6.226000000000000000e+03 6.773120525548347315e-01 6.175277884550044449e-01 5.248035159499728763e-01 5.566438353514354676e-01 4.747221663055959384e-01 3.928962500020438675e-01 3.333234590737406133e-01 2.919427173242553630e-01 2.752101247639464066e-01 1.697478036844399241e-01
6.238000000000000000e+03 6.030398883539718202e-01 5.200512904092269295e-01 3.616117958498070717e-01 6.517236320200674449e-01 5.980797869186829097e-01 3.809092525986240707e-01 2.993924295834715088e-01 2.689433940660411748e-01 3.229969557662677460e-01 3.102273077038330551e-01
6.239000000000000000e+03 5.481634751886460544e-01 4.158153599421284818e-01 6.662846987799245779e-01 6.565473946247643022e-01 4.284647499013831129e-01 3.640483381710248323e-01 2.684155496821066800e-01 3.269322956111461731e-01 3.230421896701431428e-01 2.942350043093718281e-01
6.240000000000000000e+03 4.475206124762091120e-01 6.860848828952539336e-01 6.643583002254145331e-01 5.009823160930074737e-01 4.001256153373226043e-01 3.230800697926711762e-01 3.279384271979366439e-01 3.217050549380812141e-01 3.009062324728231097e-01 2.865493032819630415e-01
6.243000000000000000e+03 6.378852145931520612e-01 6.039033105174220761e-01 5.385122256153799247e-01 5.779877643877444626e-01 5.084714990253723643e-01 4.232008629601186067e-01 3.482729918083218301e-01 2.763833651376694789e-01 2.610769448185374375e-01 1.681044469433818078e-01
6.260000000000000000e+03 7.608364331980527195e-01 6.549560299152739073e-01 5.371346316859534342e-01 4.695099414881315214e-01 4.694060759643730041e-01 3.280582314985168724e-01 3.047834820058946126e-01 2.646715853499100879e-01 2.740754505591046497e-01 2.035256520702979632e-01
6.422000000000000000e+03 6.961025862158504163e-01 6.455883345944608553e-01 5.635203031090035841e-01 4.285165566387989511e-01 4.474197622090648752e-01 3.872012813540602894e-01 2.881306411250529886e-01 2.671266010838624916e-01 2.786019444524007738e-01 2.511467148319035947e-01
6.423000000000000000e+03 6.839883235527386418e-01 6.205571685717451436e-01 5.016485593130108889e-01 5.533564972681310756e-01 4.688902546064704913e-01 3.785864255018951408e-01 2.906465166487964269e-01 2.998786294339607639e-01 2.786428523584383310e-01 2.142857301232910239e-01
6.424000000000000000e+03 6.620709237054872576e-01 5.656520391621494559e-01 6.089351341530760964e-01 5.738844427172316021e-01 4.603352126259491195e-01 3.829481455224078013e-01 3.291521529173401239e-01 3.011643598591924875e-01 2.396996178497561025e-01 1.948861323588594041e-01
6.437000000000000000e+03 7.211926914116665310e-01 6.949221479642118116e-01 6.460788853405381449e-01 5.859507594790002161e-01 4.425814964805818708e-01 3.086321035765786092e-01 2.149713070219315403e-01 1.771624934445844290e-01 2.420519124042965486e-01 2.516758676562756980e-01
6.473000000000000000e+03 7.405211905964091956e-01 6.652562878772246835e-01 6.549131648184286503e-01 5.766100910175332439e-01 4.050221161819471671e-01 3.440853762774802038e-01 2.123136557520665380e-01 2.442770716359300154e-01 2.087551429071858033e-01 2.315871829193787979e-01
6.537000000000000000e+03 6.912803692725719706e-01 6.606958660700202879e-01 5.537448953347482439e-01 4.905817956681322034e-01 4.911535137522730632e-01 3.729072164726935368e-01 2.510657265936704352e-01 2.737742755890109625e-01 2.499748847468429847e-01 2.461609527892222038e-01
