1.922000000000000000e+03 1.975389361987626713e-01 7.068237716966909723e-01 4.464898780207360307e-01 2.428245517204239423e-01 2.540150376222672368e-01 5.319660689756551264e-01 6.210430292441385669e-01 5.011138750715982138e-01 3.957854112249364342e-01 2.875925410251146674e-01
1.923000000000000000e+03 6.886236208961897809e-01 4.596337598546788583e-01 2.847203027061775416e-01 3.122163740993563197e-01 5.602873844213889232e-01 6.784203734003794173e-01 4.924065651150693057e-01 3.732467576774456397e-01 2.685064911986167480e-01 1.947807656638847196e-01
2.345000000000000000e+03 5.837391312454724979e-01 5.254610376537767191e-01 4.277173992458533358e-01 4.365026002324369769e-01 3.292679120634892098e-01 6.365868101783238586e-01 4.681072339011103089e-01 3.955903382441087190e-01 3.102518668275193181e-01 1.664090153142750717e-01
3.622000000000000000e+03 6.767396091679058756e-01 5.369319869625429620e-01 5.075274412923439504e-01 3.749747712071115902e-01 2.632712536868263009e-01 3.891425737308539801e-01 3.660702135177350547e-01 5.121184329434949056e-01 2.020729023608255626e-01 3.330300785825227594e-01
3.623000000000000000e+03 5.840889292152485757e-01 5.700809040278576045e-01 4.566227704980588831e-01 3.919960010326563604e-01 4.717711206436122073e-01 4.658647106162405183e-01 5.685669380921583027e-01 2.161913045194055749e-01 3.679656446183744989e-01 1.953318827345396080e-01
3.638000000000000000e+03 5.863572246547974487e-01 5.143354062162387441e-01 5.325081496227754840e-01 5.039309028791484346e-01 2.955426523502588387e-01 4.888329379342113978e-01 4.343145931243439506e-01 4.853286983151702816e-01 3.848807376244062772e-01 5.318672834313533521e-02
4.068000000000000000e+03 6.241717191648619156e-01 5.545373350968211268e-01 5.954953813854618749e-01 4.482144149754439533e-01 2.927744481602007065e-01 4.506807151040553294e-01 3.817345370785993897e-01 3.080998343686130458e-01 2.380235187916508732e-01 3.252778166612492750e-01
4.316000000000000000e+03 3.741832741469510171e-01 3.156330706365325089e-01 5.124307131559956430e-01 5.542578666265339793e-01 4.086249754319898897e-01 4.960735590770994352e-01 5.352803766135538766e-01 5.288892712693399334e-01 3.747908859722941521e-01 2.071774414855259705e-01
4.317000000000000000e+03 3.460675979951266523e-01 5.363763997408843576e-01 5.661284480692573284e-01 4.697410476450545325e-01 5.434747581645655856e-01 6.057530215243991378e-01 5.436146137510211584e-01 3.677206759404473280e-01 1.972278548935591236e-01 2.168513197624305222e-01
4.325000000000000000e+03 6.330111723800408985e-01 6.403335304539745643e-01 4.862860872709512394e-01 4.603617196296795333e-01 2.864287918715667236e-01 4.437977693954832659e-01 3.864755832943431724e-01 3.069561971178992876e-01 3.034830224748692462e-01 2.665121733098821943e-01
4.503000000000000000e+03 6.213147260093662139e-01 5.715467228580416448e-01 5.383329548104054396e-01 4.028175534700183524e-01 2.992903274184818274e-01 4.135809242970114319e-01 4.092848365422555035e-01 3.555885390224469700e-01 3.139137499259745945e-01 2.745320216891322662e-01
4.807000000000000000e+03 6.471425866546471894e-01 6.629048262492167609e-01 5.506503394182367117e-01 4.757923307768135435e-01 2.561752750496530395e-01 4.585038906503302591e-01 3.405559622013129562e-01 3.677301170185053869e-01 2.233558542084632392e-01 2.443276015971436455e-01
4.998000000000000000e+03 4.876503094792746795e-01 5.591438532770505176e-01 5.226764245559186728e-01 3.095740145729198312e-01 2.282327292413067199e-01 4.428055764251581095e-01 4.048106223748347832e-01 5.523910544906421860e-01 3.713922941193882332e-01 2.720039743050733927e-01
4.999000000000000000e+03 5.731409554330864076e-01 5.496317334086912032e-01 3.640712684496525409e-01 3.172347180610068373e-01 4.852835351618015602e-01 4.661893798280110079e-01 5.747147727284750429e-01 3.680036791261608875e-01 2.709072016276034556e-01 2.833937884435899779e-01
6.141000000000000000e+03 5.085701451528654715e-01 5.194391470617395479e-01 5.039304037429741534e-01 5.788860234185894127e-01 4.167726161758448788e-01 3.500034815076579209e-01 5.884581244296861469e-01 4.537433554683621417e-01 2.408099602381974236e-01 1.612469447043841098e-01
6.236000000000000000e+03 8.079390783539571741e-01 7.080115846954470049e-01 5.013496105165422545e-01 3.790527228157327677e-01 1.265902294354407653e-01 4.697008674451922383e-01 3.985959123101440738e-01 2.729243096844319316e-01 2.614385051353689815e-01 2.303671612166632299e-01
