3.490000000000000000e+02 7.684468306628748913e-01 6.587574522115424713e-01 5.072704564947024819e-01 4.710756139089719019e-01 4.601663470765665620e-01 5.253303158680231455e-01 3.155507593762475471e-01 3.340253861804633462e-01 5.380307500976283519e-01 2.500635064326955370e-01
3.630000000000000000e+02 6.444678336171448807e-01 6.580941566788204300e-01 6.612133013754328825e-01 5.420805269143023075e-01 4.659815430726632624e-01 4.877838954034836028e-01 3.254042242345168146e-01 3.504777456572560901e-01 3.586281980301394556e-01 3.826115312932555912e-01
3.640000000000000000e+02 6.614417706971990052e-01 6.286534665813954259e-01 5.812958201126038338e-01 5.104889097237695905e-01 5.365226273524293932e-01 4.423260111431672748e-01 3.810847042176345179e-01 3.324728433172673969e-01 4.565870692848567058e-01 3.421919026563529642e-01
3.650000000000000000e+02 6.397714431674107471e-01 5.665477586414339184e-01 5.596447406180613537e-01 5.857459019256263666e-01 4.971097214652526741e-01 5.049033059037081328e-01 3.686765952789566314e-01 4.591483032983377788e-01 4.210408178293915116e-01 3.113587867149771871e-01
3.670000000000000000e+02 5.565434284103338847e-01 5.942949432873001481e-01 5.801531685635367142e-01 5.957634120257733201e-01 5.342052805805409532e-01 6.168584496424578401e-01 4.459868415250499152e-01 3.639240385345110518e-01 3.535131576436734147e-01 3.272788614186222800e-01
3.690000000000000000e+02 5.604162860891526154e-01 5.886834070740916136e-01 5.964900146493081756e-01 6.896669253543145084e-01 5.952630870592670043e-01 4.950496429811664933e-01 3.370175507412406235e-01 3.677190042284106952e-01 3.754285250423503029e-01 3.471690284738536691e-01
5.140000000000000000e+02 6.767617731509847356e-01 6.683148393324890302e-01 6.642324692739369763e-01 5.860952246738467819e-01 5.289381632803277222e-01 3.750562455051634214e-01 4.813540048870575405e-01 3.589996418591667737e-01 3.097308889494477246e-01 2.720184842404679282e-01
6.960000000000000000e+02 6.092375293987286611e-01 6.032074668763771630e-01 6.431880265607720082e-01 6.735940659358949922e-01 5.580715623522589652e-01 4.534493511538144062e-01 3.692315687739616825e-01 3.549282244489433968e-01 3.702165524876368519e-01 3.050187471135005768e-01
1.240000000000000000e+03 5.938825147263234738e-01 6.246067513305302299e-01 5.785573100572851679e-01 6.121035747739792532e-01 5.224720148870314329e-01 4.861635984529110166e-01 3.191214523667630365e-01 3.985171539636156446e-01 4.241402956151604786e-01 3.465793845933793915e-01
1.241000000000000000e+03 6.259550085327821867e-01 5.532027981058816879e-01 6.374058666522963712e-01 5.576209494979008641e-01 5.273514785536643767e-01 4.289091910977406163e-01 4.268740505451959488e-01 4.059302946979180260e-01 4.144705951119155851e-01 3.370269451314497622e-01
1.242000000000000000e+03 5.669230219262125781e-01 6.095897317779270796e-01 5.964789679943784950e-01 5.709633081242723174e-01 4.770409851533745083e-01 5.442546810217440134e-01 4.439134327181840645e-01 4.021044457224288715e-01 4.112851876686823283e-01 3.135948918626446091e-01
1.243000000000000000e+03 6.053138454797336587e-01 5.607486233855324409e-01 5.916585290791640528e-01 5.039278089085263979e-01 5.769247037584110949e-01 5.421638624632325598e-01 4.205377601301554247e-01 3.809143446045600845e-01 3.733380689781427009e-01 3.751357392795899304e-01
1.244000000000000000e+03 5.604346593058461279e-01 5.561416230833933216e-01 5.312384334976418820e-01 5.991131692352067439e-01 5.740276069316238017e-01 5.183523667694719395e-01 3.964219095417441663e-01 3.339458050229713870e-01 4.353322214037355087e-01 4.192880399748718512e-01
1.245000000000000000e+03 5.579347700267910382e-01 5.068989567889208292e-01 6.183409216619992765e-01 5.988001866403559470e-01 5.519736178492721246e-01 4.969951392237517696e-01 3.470503542931462904e-01 4.118939493820885644e-01 4.820641413713708245e-01 3.569796162993765787e-01
1.246000000000000000e+03 5.218900812578735060e-01 5.902582231800227452e-01 6.295232932896547284e-01 5.904427129877218849e-01 5.432076574434464566e-01 4.610089768555740153e-01 4.462218743377623920e-01 4.808692762215346916e-01 4.284229141091193682e-01 2.707878882579200508e-01
1.247000000000000000e+03 6.080225714233346013e-01 6.109969156196566331e-01 6.353525198702496546e-01 5.968841660862620468e-01 5.213513025360871911e-01 5.741971472133410304e-01 5.378062340155783660e-01 4.290249915523848823e-01 3.518192043518819090e-01 1.364542991137738248e-01
1.296000000000000000e+03 6.348281816003268352e-01 6.275753333568239167e-01 6.251126831088714697e-01 6.320664535747224644e-01 4.869527155557150655e-01 4.352897275027592383e-01 3.507003270768978553e-01 4.035164072815879410e-01 3.833607481245014381e-01 3.242762842009315749e-01
1.297000000000000000e+03 6.400714015862182249e-01 6.050956630875058417e-01 6.700330196884330958e-01 5.398775079818994849e-01 4.917297118028510217e-01 4.766517767202557709e-01 4.492179202494140933e-01 3.712304697488184591e-01 4.041845503323670541e-01 2.717883811027711483e-01
1.298000000000000000e+03 6.224460565068189455e-01 6.463425447203950958e-01 5.912643265454424757e-01 5.486040569055665728e-01 5.389207740829464743e-01 5.784783921704156340e-01 4.176854464672881684e-01 4.005405665163091489e-01 3.538071454061306187e-01 2.501554976909440287e-01
1.346000000000000000e+03 6.360491256456533016e-01 6.444090054273952095e-01 6.909094965366809893e-01 5.812160450179536531e-01 4.531441658790780758e-01 3.743567232541794576e-01 3.974794649005306546e-01 4.777991307161209567e-01 3.761494010317205650e-01 2.726143521546805504e-01
1.347000000000000000e+03 6.616382481698916962e-01 6.677273747411390792e-01 6.325584337851231087e-01 5.162171927368460755e-01 4.377614001496126783e-01 5.320281844494938461e-01 5.406949400425051788e-01 3.706263678674880380e-01 3.582458902771232245e-01 2.145911529817576546e-01
1.348000000000000000e+03 6.861855109947756493e-01 6.217698977301363561e-01 5.785372990820641936e-01 5.060471213106976229e-01 6.062950800954811648e-01 6.788835024667103646e-01 4.266913256837568946e-01 3.529918527798976968e-01 3.025585243527022516e-01 2.104186315485678527e-01
1.353000000000000000e+03 7.823568657606724264e-01 6.873123942792881413e-01 6.924221780914331381e-01 5.684779495347579426e-01 4.965845738681911037e-01 4.985040077524977020e-01 4.239286963928221019e-01 2.894786773584609452e-01 3.010372976502949105e-01 1.731463666677499902e-01
1.362000000000000000e+03 7.175235506365174043e-01 6.964909833242702852e-01 6.910199123274175514e-01 5.364978485102279704e-01 3.900269642064219666e-01 4.158557549308407597e-01 4.227521286972524828e-01 3.931101677024077534e-01 3.521704163307416979e-01 2.578897112260609137e-01
1.363000000000000000e+03 7.206747007484711753e-01 6.804002947539048440e-01 6.071782486822147051e-01 4.716327196158184853e-01 4.978277459380426873e-01 5.737170423325377300e-01 4.636285375179664547e-01 3.563141023298503907e-01 3.555127919020797944e-01 1.915358429797297257e-01
1.364000000000000000e+03 7.019859585886771836e-01 6.048074114647713495e-01 5.439624731881108621e-01 5.699937765555724845e-01 6.559413347504934322e-01 6.085481762452021881e-01 4.169804582354413869e-01 3.551922045189088162e-01 2.835169315855960437e-01 2.319919082055493798e-01
1.395000000000000000e+03 6.652384414715539762e-01 6.254318494929576033e-01 6.385607833659470156e-01 5.790443220902720123e-01 5.154161396305616538e-01 4.554025893375824308e-01 3.401301332109754605e-01 3.941074964303075134e-01 3.751656969446894307e-01 3.109953899774021147e-01
1.396000000000000000e+03 6.261806261825818565e-01 6.034179185200171380e-01 6.072084038856698784e-01 5.500835609754760602e-01 4.947265110259645993e-01 4.489350759520390199e-01 4.212263620890313032e-01 3.453873173403763652e-01 3.777091407587429006e-01 4.155801064571562620e-01
1.455000000000000000e+03 6.353737527887132197e-01 7.059478304938732185e-01 6.426909147631838515e-01 5.365520794299101226e-01 5.119948640096650960e-01 4.036993558419776362e-01 4.453520714994903540e-01 3.223672450054759220e-01 3.684641983436811596e-01 3.210133673693915668e-01
1.456000000000000000e+03 7.014026801472842410e-01 6.090424319872059788e-01 5.717621662902671043e-01 5.495919631552601547e-01 4.441042038439262374e-01 5.558605031563745857e-01 3.447645920200603786e-01 3.397684005297742504e-01 3.900061318530880783e-01 3.664868805332351376e-01
1.457000000000000000e+03 6.168035999716162676e-01 5.529121199666766628e-01 5.880456969708687254e-01 4.894903454592876013e-01 6.070822850010293426e-01 4.615362233293487382e-01 3.692802986000955912e-01 3.708842306055165627e-01 4.402067052164438943e-01 4.006933527484262680e-01
1.458000000000000000e+03 5.596651467277727887e-01 5.600769607856013188e-01 5.265615298082982898e-01 6.373897013647901177e-01 5.002705453993337992e-01 4.769935903049908332e-01 3.947679224689086830e-01 4.241437688751049095e-01 4.683426110762826666e-01 3.706805021196195038e-01
1.459000000000000000e+03 5.673391462678714081e-01 5.093022183165359928e-01 6.601190658932452049e-01 5.364333560297116499e-01 5.180149867519185936e-01 5.038983517775743604e-01 4.553551097765612399e-01 4.600845427677103250e-01 4.390965151743644324e-01 3.007541467053651552e-01
1.460000000000000000e+03 5.332941377043186604e-01 6.359237995104591867e-01 5.858333649630055318e-01 5.712834591210439461e-01 5.644328276794541299e-01 5.818902095684164166e-01 5.134035979141807760e-01 4.408500140933726552e-01 3.813498758969178226e-01 1.922111222611333214e-01
1.461000000000000000e+03 6.480683685431107843e-01 5.722121838103718661e-01 6.161638497236019418e-01 6.150246758200258457e-01 6.443133974433193911e-01 6.384604070856597646e-01 4.911301554818788273e-01 3.692819203916567483e-01 2.700475502989153065e-01 1.632198993018728339e-01
1.474000000000000000e+03 6.749742725126242071e-01 7.108458571326329301e-01 6.383161472426825966e-01 4.932222823384880273e-01 3.960259987791935332e-01 4.779090042919200143e-01 3.000900253904554282e-01 3.596526525461106738e-01 4.731470462221158413e-01 3.093402759074201369e-01
1.475000000000000000e+03 7.110894275785439866e-01 6.110026347182426765e-01 5.396721053967233894e-01 4.454764820367226319e-01 5.286818774819672662e-01 4.195543670741688214e-01 3.935699776201033728e-01 4.746576903068234210e-01 3.837352593016564728e-01 3.586956121006862896e-01
1.478000000000000000e+03 4.838159418753876229e-01 5.575670103473826522e-01 5.234796206656896489e-01 5.669897368749990951e-01 6.523687123268522292e-01 4.779410479874399709e-01 4.267778995439627798e-01 4.258157349535161007e-01 3.573478276624538763e-01 4.826554153474962305e-01
1.479000000000000000e+03 5.490420968612045316e-01 4.892181270339440169e-01 5.764327170285080681e-01 6.590100341850664289e-01 4.947635245796920822e-01 5.120174727037414275e-01 4.333268193723893158e-01 3.030907196458522135e-01 5.350404867999601910e-01 3.750939659175427932e-01
1.480000000000000000e+03 4.893104388784663139e-01 5.364976880879798182e-01 6.614702525336413341e-01 5.112963724210450867e-01 5.334961070128055871e-01 5.219172528125105570e-01 3.014214494393823163e-01 5.229037615691742857e-01 4.284812276741343795e-01 4.199931160868121127e-01
1.481000000000000000e+03 5.211027013477933512e-01 5.959417049928676935e-01 5.153932673251613306e-01 5.321699526958165727e-01 5.267366520217885428e-01 3.754612751993057218e-01 5.270724361827264781e-01 3.779056235651228057e-01 4.616388981742053921e-01 4.649642192693541065e-01
1.482000000000000000e+03 5.883846235348737519e-01 4.872782575378653003e-01 5.512243510354469800e-01 5.450881914242575732e-01 3.956583714698378995e-01 6.176651776112861425e-01 3.871420862245779637e-01 4.362960450725684169e-01 5.221028113290727690e-01 3.707676852943334600e-01
1.585000000000000000e+03 7.543014112737017607e-01 5.707496931685710484e-01 5.377898068359970862e-01 4.220106241742107023e-01 4.722865331591586391e-01 5.533720875989611709e-01 3.970634756786326491e-01 5.013951170581593120e-01 3.899284132091536126e-01 2.830003462879926990e-01
1.587000000000000000e+03 5.696546771822071920e-01 5.030162234048666248e-01 5.977653420223051350e-01 6.882077841409419694e-01 6.090448168080387914e-01 7.079519447418363143e-01 4.485124136262240713e-01 3.687643887434448042e-01 3.091651145910817022e-01 2.389682942920837994e-01
1.639000000000000000e+03 7.592734736228422543e-01 7.186692050762429895e-01 5.595582576024863419e-01 4.083324029754819007e-01 4.088950727030139509e-01 4.081012761156027069e-01 3.029643821321206798e-01 4.007476538436418045e-01 4.382084923785189434e-01 3.801168254416758541e-01
1.640000000000000000e+03 7.326001958754794208e-01 5.596967583521412770e-01 4.817988423315957558e-01 4.781022030778044329e-01 4.775027922909669820e-01 4.428414480753272153e-01 4.599703527742664000e-01 4.509002826862142932e-01 4.713450072177002848e-01 3.122241229235509508e-01
1.641000000000000000e+03 5.898782559991517793e-01 4.962580884868507125e-01 5.473590716822580582e-01 5.476880441991903714e-01 5.171614474417559615e-01 6.021647735609696461e-01 5.191414043755747665e-01 4.947431377132373576e-01 4.046845671653544474e-01 2.620315591022377988e-01
1.642000000000000000e+03 5.040834084702623397e-01 5.211863916791018569e-01 5.732358830277536343e-01 5.450656086225024177e-01 6.395650263310489470e-01 6.191870224660246391e-01 5.255448746752408029e-01 3.752762423083529919e-01 3.229076574933782418e-01 3.816451251049979843e-01
1.645000000000000000e+03 5.400281705511277286e-01 6.244333850894433491e-01 6.845017131628506890e-01 6.786724553948090266e-01 5.214707222846488577e-01 3.790251750802823283e-01 4.400426273700152047e-01 4.747717564089012909e-01 3.645788944613346239e-01 2.580440115473898732e-01
1.646000000000000000e+03 6.357459431152602258e-01 6.538412391209507124e-01 7.098150940521824603e-01 5.709997508320787674e-01 4.312243383048977585e-01 5.630576243986976648e-01 5.259479155886587209e-01 3.463064271768585001e-01 3.351328038774455398e-01 1.876170086686637095e-01
1.647000000000000000e+03 6.654014780547008456e-01 6.784433899460585726e-01 6.171948963621394224e-01 4.882064568324814835e-01 6.262940739791973410e-01 6.523596872866447294e-01 3.878952086535871202e-01 3.140182840065779968e-01 2.664291049888117824e-01 2.597048526144665193e-01
1.728000000000000000e+03 6.706579122795073289e-01 6.299832476061352216e-01 6.604130112288829624e-01 6.346502076459212827e-01 5.288691322150707030e-01 4.336939202671127869e-01 3.105491596832039014e-01 3.730535656783658394e-01 3.594388855557371087e-01 3.031831212464411451e-01
2.096000000000000000e+03 5.462574449987811498e-01 5.094300046234075952e-01 5.163874019093324108e-01 4.086725533261729160e-01 3.499464664808940584e-01 5.705792768441939611e-01 5.654500597232904324e-01 6.035572973098851657e-01 5.082576691204863106e-01 3.376905780777455512e-01
2.097000000000000000e+03 5.206965946328701023e-01 5.000797054475122350e-01 4.551687484280215745e-01 3.911647929849974559e-01 6.140277553929667231e-01 6.719264656974870409e-01 6.528356585964431025e-01 5.080997824630452131e-01 4.049275070068857896e-01 2.922512941151204080e-01
2.098000000000000000e+03 5.057321487627824963e-01 4.412183787550656433e-01 4.312274128744069679e-01 6.353834576142138868e-01 7.088760427717796242e-01 7.485838803759622406e-01 5.375288837282469201e-01 3.731023178239029070e-01 3.516109465354612662e-01 3.278606326460554166e-01
2.221000000000000000e+03 6.753080116105630859e-01 6.633337489259740760e-01 6.558820908393950821e-01 6.215865096162557224e-01 5.222960834693891607e-01 4.390649174048814052e-01 4.393364376064066157e-01 3.544067483657346584e-01 2.829719992624402658e-01 2.777319478238222672e-01
2.229000000000000000e+03 6.090149517865175444e-01 6.689496907549372651e-01 6.481592854612461263e-01 6.468437194765356280e-01 5.432061303304026589e-01 6.265035952015952647e-01 4.339554445931809723e-01 3.351338735560976390e-01 2.775385137283938874e-01 2.034659837631564994e-01
2.283000000000000000e+03 6.988622805438144958e-01 5.635495386923127237e-01 6.525717289036851998e-01 6.149079014105274243e-01 4.076867349514792238e-01 4.167552444669653244e-01 2.851294935309111600e-01 3.185852825004921174e-01 4.692220965009302747e-01 4.082585656394316365e-01
2.284000000000000000e+03 5.793065819685175866e-01 6.257149455254270576e-01 6.515437042057302675e-01 4.601133226996160230e-01 4.688975669691929360e-01 4.081855451110231736e-01 3.516312577744400980e-01 4.730762386446440426e-01 4.870796759358834160e-01 3.607860629760587523e-01
2.285000000000000000e+03 6.302224029334327904e-01 6.185592771922978628e-01 5.058397530587149804e-01 5.108068577930987564e-01 4.514910600291526799e-01 4.657845577767081857e-01 5.141335960041139019e-01 4.872257193533444108e-01 4.324785272127250058e-01 2.912706073132355078e-01
2.286000000000000000e+03 6.386493562988471151e-01 5.113044536863422529e-01 5.702844927561726562e-01 5.154760658833377196e-01 5.335335507132048516e-01 6.486144862614664497e-01 5.520278151774538067e-01 4.404358965543670457e-01 3.779141633440837311e-01 2.029598405919866844e-01
2.287000000000000000e+03 5.415608158248408355e-01 5.668542773754372543e-01 5.754694526836041657e-01 5.956659424101856670e-01 7.244813167323004288e-01 6.873622309003789566e-01 5.013245415498746027e-01 3.746155645442331705e-01 2.886881824704075616e-01 2.042961100650006467e-01
2.843000000000000000e+03 6.931572881095465766e-01 5.961543922942776907e-01 5.945884304287769595e-01 5.685408839313451645e-01 5.120047255438195943e-01 4.280239934726551843e-01 4.775149206066276464e-01 3.881865137768004681e-01 3.409341601571652114e-01 3.144111671770000727e-01
2.849000000000000000e+03 6.756117502571530320e-01 6.327724403917843743e-01 5.905966265300590656e-01 6.142312658430605365e-01 5.015701673538952576e-01 4.456507182626086028e-01 2.997551946558318914e-01 3.852164091828025327e-01 4.251653896071380112e-01 3.103630465710730535e-01
2.850000000000000000e+03 6.443258101002706795e-01 5.753040759169567586e-01 6.534558939381348575e-01 5.532555358307008619e-01 5.017515257597535694e-01 4.254712211044830994e-01 4.282450727406187374e-01 4.217597036296800161e-01 3.894867090185967218e-01 3.184698474012223057e-01
2.851000000000000000e+03 5.865409785271551435e-01 6.226229955752293765e-01 5.919156785283475886e-01 5.455991279577626640e-01 4.727122660817297262e-01 5.448626819429798207e-01 4.606677748248434456e-01 3.708640312615194001e-01 3.918358312771136331e-01 3.374062924343403935e-01
2.852000000000000000e+03 6.307016069276559778e-01 5.716535903078646674e-01 5.864468948473909871e-01 5.192012640727534656e-01 5.980029893928207052e-01 5.785276905915299750e-01 4.059291888674416704e-01 3.751555192907627401e-01 4.122744385532601807e-01 2.676772203289993213e-01
2.853000000000000000e+03 5.784491047092078508e-01 5.606253292887048989e-01 5.553255404081062219e-01 6.312008490358260726e-01 6.239886426508780559e-01 5.157839618695038153e-01 4.020533003093900160e-01 3.923398874895297483e-01 3.349569266124124978e-01 3.685726971727051327e-01
2.854000000000000000e+03 5.654969370188359656e-01 5.310868112405331409e-01 6.515294856424644898e-01 6.518930658754956697e-01 5.546106545520019804e-01 5.076730273018510431e-01 4.167212680017208237e-01 2.939723774680103041e-01 4.343707755514196189e-01 3.423968389109307564e-01
2.855000000000000000e+03 5.351843354808932807e-01 6.086646742908609076e-01 6.654671740593504081e-01 5.801975241701671226e-01 5.409726384241702046e-01 5.171024093499274610e-01 3.029424463009994239e-01 4.107584532858901127e-01 4.039577705354196469e-01 3.619262319559174435e-01
2.856000000000000000e+03 6.093821754261847801e-01 6.244920198728777239e-01 6.062435093288250920e-01 5.724096106279981111e-01 5.562569314817673582e-01 4.099226493013345962e-01 4.373511677633886152e-01 3.785127710807970614e-01 4.278176601500050524e-01 2.960131299098652247e-01
3.127000000000000000e+03 5.920560652393366263e-01 6.015512865649950136e-01 5.516188858804825790e-01 5.996238812888325942e-01 4.713754566606421781e-01 5.125817410305194555e-01 4.011019970008597446e-01 3.784814791131772549e-01 3.807433424011889000e-01 4.169733164486592591e-01
3.128000000000000000e+03 6.030245970669474431e-01 5.282767865235179494e-01 6.237315751964297439e-01 5.057081211167711032e-01 5.517501013369212615e-01 5.071695539943960052e-01 4.018491901675689815e-01 3.503038405957533130e-01 4.839129375260342592e-01 3.535926595394098260e-01
3.129000000000000000e+03 5.382125260995638261e-01 5.913436452380603781e-01 5.422868896261870963e-01 5.856293413311667306e-01 5.489599117721346566e-01 5.106244736882776802e-01 3.734472834106863925e-01 4.788532168559338498e-01 4.215065608062815716e-01 3.472967825199834158e-01
3.130000000000000000e+03 5.935634466777243157e-01 5.201888520804917038e-01 6.110113031054039689e-01 5.799925539574845024e-01 5.494595613860939753e-01 4.795624659939676793e-01 5.125085368862921653e-01 3.998672616764293863e-01 4.128744528350101750e-01 2.997279706436781210e-01
3.131000000000000000e+03 5.435894093585573739e-01 5.946897401815235407e-01 6.252864742552610711e-01 6.021021844699222525e-01 5.397611004891289532e-01 6.390911170687708642e-01 4.472683642757726563e-01 4.092477837935885043e-01 3.807114099775592009e-01 2.157695317897992404e-01
3.145000000000000000e+03 6.368210123930666544e-01 6.432978821176781326e-01 6.261384908142324512e-01 5.163225826685563513e-01 5.918361405196187475e-01 3.973228387296966480e-01 3.212761164943334635e-01 4.358695615602428131e-01 4.014239588960983873e-01 3.221064459939286251e-01
3.146000000000000000e+03 6.523391505709735805e-01 6.037133661032620946e-01 5.638670904222166103e-01 6.378576134369623452e-01 4.493047440854960328e-01 4.445251511114587384e-01 4.819986693576184256e-01 3.906052730291590391e-01 3.997385296120056219e-01 2.932309093432378111e-01
3.147000000000000000e+03 6.072227372873958418e-01 5.410726192629257136e-01 6.607665141215046667e-01 4.877061393351451724e-01 4.846721959599193386e-01 5.904585782084526002e-01 4.185405302315961529e-01 3.764836959362540258e-01 3.605138735905087932e-01 3.946905752426390634e-01
3.148000000000000000e+03 5.477102572937926350e-01 6.203075437049728746e-01 5.234389906046806873e-01 5.180495882275060193e-01 6.318757911933019500e-01 5.239775512265346658e-01 3.991980369890696934e-01 3.251915410808221552e-01 4.609250173372725357e-01 3.720772473597414587e-01
3.317000000000000000e+03 6.306796016029078134e-01 5.920428413524986277e-01 5.591558964920163577e-01 4.925907878722781685e-01 5.219779703001401483e-01 5.161148201332818042e-01 4.832649181632578395e-01 4.069117995932497456e-01 3.902305693135271758e-01 3.282934432126796143e-01
3.318000000000000000e+03 6.036662106664315575e-01 5.447887490463892979e-01 5.401177621216241009e-01 5.677774945790186045e-01 5.694550353814930022e-01 6.021094553288121043e-01 4.470275017908686976e-01 3.742825068267816579e-01 4.038899649748282084e-01 3.055158206204916516e-01
3.320000000000000000e+03 5.315528147140937687e-01 5.697098269682826510e-01 6.293083710505605888e-01 6.779081024155559909e-01 5.993403901068187212e-01 5.092710644648595908e-01 4.079799313464538280e-01 3.433162843854095092e-01 3.418491944005433991e-01 3.653178937391347580e-01
3.404000000000000000e+03 6.324603465902159938e-01 5.872133202643038397e-01 5.847784628158066988e-01 5.949888251293341535e-01 5.571436438134058644e-01 4.256036565268815353e-01 3.197526585434788404e-01 4.172300855425331578e-01 4.398446776683458959e-01 3.382726060291967873e-01
3.405000000000000000e+03 5.973302496502151948e-01 5.643811603346078343e-01 6.291384034025955252e-01 5.987942197186272297e-01 4.727650762657656935e-01 4.373591416712090951e-01 4.555730113620285460e-01 4.323764774185177573e-01 4.119317718332712874e-01 3.256890057522447424e-01
3.736000000000000000e+03 6.236372396658246275e-01 7.056877160213558264e-01 5.249875363762404046e-01 4.663123912118610215e-01 5.189423473949577037e-01 5.040837982528543204e-01 3.274420876852965900e-01 3.470933572781689236e-01 4.525356895561197246e-01 3.840217925134334909e-01
3.763000000000000000e+03 4.517008726150952280e-01 4.928702104019277996e-01 5.424979842245570838e-01 5.222182776453611064e-01 5.224111987861542739e-01 4.747166463103552059e-01 5.104805545358703789e-01 5.167749292664965965e-01 5.362605974453819035e-01 3.790370584377377727e-01
3.764000000000000000e+03 4.893272437186522716e-01 5.041907564198153668e-01 5.352633310981315118e-01 5.329693132037345293e-01 4.899303257467747530e-01 5.931545674197565843e-01 5.321381752034093360e-01 5.198427528352522753e-01 4.288053746314857140e-01 3.515206646625250730e-01
3.765000000000000000e+03 5.174109892579930037e-01 5.176872160643324339e-01 5.680846891858739589e-01 5.278483203775680144e-01 6.396779135904149260e-01 6.411905207145072172e-01 5.625501496400648893e-01 4.130249414735951419e-01 4.206355012970439122e-01 2.193080033006847285e-01
4.166000000000000000e+03 5.838564070503727832e-01 4.144987531583100293e-01 3.585803319335692518e-01 4.433907932241697436e-01 5.971919749021981083e-01 5.416726702729651732e-01 5.491378291280718527e-01 5.993040249610332992e-01 4.672039359082528764e-01 3.946201258161523562e-01
4.167000000000000000e+03 4.284499175721275255e-01 3.601022932650372321e-01 4.784811230034788365e-01 6.199829818415933946e-01 5.749893445453111429e-01 6.468746096084836417e-01 6.390336080776867211e-01 4.498290981403533784e-01 4.561957317666474609e-01 3.879989928326126880e-01
4.168000000000000000e+03 3.843033953587949858e-01 4.674121216472878482e-01 6.431409097442076783e-01 6.066366741674528162e-01 6.921646323443219062e-01 7.439120212854781755e-01 4.821082135212040320e-01 4.437573778155221582e-01 4.554972290791916567e-01 1.758586897001011562e-01
4.169000000000000000e+03 4.838956484603237906e-01 6.089665628410634302e-01 6.338177840586990408e-01 7.221662119926369749e-01 7.956757206832087981e-01 5.916213928127980193e-01 4.783640370528213781e-01 4.455878049942649799e-01 2.418970037964485453e-01 1.113731025344358028e-01
4.257000000000000000e+03 0.000000000000000000e+00 6.392026383842835946e-01 4.880108356923182900e-01 6.740310173568081487e-01 9.400340585215166689e-01 7.362252132327250509e-01 4.737997053794700819e-01 3.538031805391262385e-01 3.736293251596171094e-01 4.784489594504391929e-01
5.105000000000000000e+03 4.507924615068716889e-01 4.914605653631198834e-01 6.092353836707098402e-01 6.670836853631185726e-01 6.531151966459169955e-01 5.394821947954558938e-01 3.394291635850044675e-01 4.177945385204247519e-01 4.434758857536317822e-01 3.780453128812134023e-01
5.106000000000000000e+03 4.948881544542562683e-01 5.681462140724726773e-01 6.733597770731397647e-01 6.684332050672546766e-01 5.673077914195637783e-01 4.344205105752751983e-01 4.332835027567862318e-01 4.160616430502168672e-01 4.354247668232583690e-01 2.847760731646462595e-01
5.107000000000000000e+03 5.702892383054315451e-01 6.286927817466498869e-01 6.820763398981254388e-01 5.944495762764547830e-01 4.673409220683095722e-01 5.355485609378165535e-01 4.398877296262084791e-01 4.139456916793570751e-01 3.469400274466883927e-01 2.757182797809306640e-01
5.111000000000000000e+03 5.656712406027086804e-01 6.394828069894458178e-01 6.919477889977457830e-01 6.771818880491484727e-01 5.304372447889502684e-01 4.830454116083763849e-01 3.817599045323661899e-01 3.618069229264465614e-01 3.410323209972804803e-01 2.859002154884980329e-01
5.114000000000000000e+03 6.653432525077532800e-01 5.831311020128564504e-01 6.084851349800763920e-01 5.875241953160244002e-01 5.582401642406381592e-01 4.530604018261356614e-01 3.594018491587559483e-01 3.655555623761528872e-01 3.114388334869638841e-01 4.122123693888934404e-01
5.207000000000000000e+03 6.004671636335020546e-01 5.807870623527615628e-01 6.666925232530819256e-01 4.690169766324683298e-01 4.292140869186809593e-01 3.386135273707411297e-01 5.673343584214615154e-01 4.654609877291055464e-01 4.371065715481442515e-01 3.407001208583242957e-01
5.208000000000000000e+03 6.007258097744757608e-01 6.440024047625492187e-01 5.284279626103042249e-01 4.890380306881979000e-01 3.964031653255050136e-01 6.962458225088654640e-01 5.227379728819546711e-01 4.414566928393984235e-01 4.245340260195015758e-01 2.049836398230227008e-01
5.209000000000000000e+03 6.586673541558903944e-01 5.270266594768466817e-01 5.467185503697982174e-01 4.578528961489065074e-01 7.678324866728538645e-01 6.524589893686510989e-01 4.965775836382267938e-01 4.264492570203811672e-01 2.865086240687512165e-01 2.024952566371097384e-01
5.210000000000000000e+03 5.567062247379725992e-01 5.477278679680488427e-01 5.249009914032147783e-01 8.226659744990578726e-01 7.297072845077380299e-01 6.335366066811823904e-01 4.870155719796466776e-01 2.636606814709028801e-01 2.890788285198902519e-01 2.173840685610378132e-01
5.227000000000000000e+03 6.323963148276506852e-01 6.252369589403496963e-01 7.037347897605216174e-01 5.693784729108314346e-01 5.078044202244543781e-01 3.050089971970452729e-01 4.148799360471223663e-01 3.492916651342177770e-01 4.409962550401876902e-01 3.314289208997901470e-01
5.228000000000000000e+03 6.383523859041398962e-01 6.722144975787938126e-01 6.144926687127534315e-01 5.605442260025736978e-01 3.572602112394271390e-01 5.408543464179972338e-01 3.897786617496585282e-01 4.423322964251394374e-01 4.119202234774182458e-01 2.653913657096913514e-01
5.229000000000000000e+03 6.925000167575079413e-01 6.088397696026379702e-01 6.210805003284760595e-01 4.315688456325443845e-01 6.187862471064589087e-01 5.323150674372876257e-01 5.094665870913769323e-01 4.217212937034618969e-01 3.567628926113057819e-01 1.655586480519461723e-01
5.230000000000000000e+03 6.382893253043263604e-01 6.184409013605366434e-01 5.101706746169711870e-01 6.890966203041495319e-01 6.154399083726157516e-01 6.565139849967520647e-01 4.920132803866810178e-01 3.589266937009440994e-01 2.587672499457496222e-01 1.871435500259635842e-01
5.438000000000000000e+03 4.596385077146050158e-01 4.579663194815835059e-01 5.055423443703103148e-01 5.202452131368106025e-01 6.146121389696757031e-01 4.492826996848085508e-01 4.122383455619822445e-01 5.609541455951635447e-01 4.918622240843220639e-01 4.680622465765962303e-01
5.439000000000000000e+03 4.518147370530669615e-01 4.665490598677749512e-01 5.258540192176796024e-01 6.126709893008028818e-01 4.547497729397039778e-01 4.875243803816703414e-01 5.719015699050101764e-01 4.576935344959040530e-01 5.125080331301103964e-01 4.160554968899027317e-01
5.440000000000000000e+03 4.723711899549610238e-01 4.978024890819729431e-01 6.250001448657418468e-01 4.782556845906761334e-01 5.137887800144603778e-01 6.642427838955148323e-01 4.774999640664381872e-01 5.004540927683627238e-01 4.741578396667865403e-01 2.846996369189163656e-01
5.441000000000000000e+03 5.017921482402549760e-01 5.827416985663969040e-01 5.064839400951222093e-01 5.364109845405912180e-01 6.980235458366932377e-01 5.725141622434913868e-01 5.262513024550661278e-01 4.550589551928090337e-01 3.418823223204987549e-01 2.960304319881679191e-01
5.442000000000000000e+03 5.844566333251262069e-01 4.885011349190506169e-01 5.654200076373032680e-01 7.213105483439942178e-01 6.115463161264051983e-01 6.287896073364335203e-01 4.843028154336577740e-01 3.008964860005043374e-01 3.593533551523949154e-01 2.743400765804485109e-01
5.463000000000000000e+03 6.449386931719416349e-01 5.707472302302682987e-01 7.123810085873604203e-01 6.042562752272147009e-01 6.064606138934828250e-01 4.237004520447691935e-01 3.692622133738882595e-01 4.332139273573890614e-01 2.824260396409343232e-01 3.044214994788262962e-01
5.464000000000000000e+03 5.932259857428388017e-01 6.846042248534121022e-01 6.516111473758944284e-01 6.621753737646423055e-01 4.871533055014368174e-01 5.022749647887129187e-01 4.894796163194868321e-01 2.542030579738472906e-01 3.893620615864062384e-01 2.352514977754500969e-01
5.493000000000000000e+03 6.404127704632841533e-01 6.729603816800932004e-01 6.581507274961153620e-01 3.891796300470390935e-01 4.109411681136603822e-01 4.436014565218490135e-01 3.114991666884172061e-01 4.945149717016683599e-01 4.531877163095178185e-01 3.582712541758790170e-01
5.494000000000000000e+03 6.715989643830919675e-01 6.223705736174559577e-01 4.404148837898013147e-01 4.527664271702043219e-01 4.857393032725836890e-01 4.237221725211535173e-01 5.354258644099716413e-01 4.436146706831383679e-01 4.281463604183789462e-01 3.696345841086636774e-01
5.495000000000000000e+03 6.402433618439408169e-01 4.537570763714692812e-01 5.159182683356503540e-01 5.457727265806263661e-01 4.870692120865905417e-01 6.669608575533498840e-01 5.008990831221837858e-01 4.326136071270202943e-01 4.557730132010258117e-01 2.634940145959477342e-01
5.496000000000000000e+03 4.802500061867974734e-01 5.109742720994833176e-01 5.910195218933604888e-01 5.379479217279525827e-01 7.297568749765382945e-01 6.234129208264697075e-01 4.793358289984521181e-01 4.579654210500438416e-01 3.407276244730405024e-01 2.907700349896983893e-01
5.497000000000000000e+03 5.126298405971891903e-01 5.527636803839475199e-01 5.582379318155762382e-01 7.419954750538519939e-01 6.540688851660019232e-01 5.726437881910364514e-01 4.776409186387239325e-01 2.907072081368366478e-01 3.468049472283927237e-01 3.150029085743520918e-01
5.501000000000000000e+03 6.064394096673519918e-01 5.763318009026668909e-01 6.174259899190083223e-01 4.237106502562000276e-01 4.064128694498321259e-01 4.164828048517439929e-01 5.672600169926919067e-01 5.456227280038485894e-01 3.876810818718176010e-01 3.550643315727088356e-01
5.502000000000000000e+03 5.847751615972720529e-01 5.891270907711009253e-01 4.726927698642403586e-01 4.500256783252576942e-01 4.593488862385849414e-01 6.784866346401650095e-01 5.936293764620371727e-01 3.650468694636052613e-01 4.261183517508358443e-01 3.239188382541485778e-01
5.503000000000000000e+03 5.994587315054141774e-01 4.698449342207632884e-01 5.000834243557598091e-01 5.052897668518309127e-01 7.353176408470354364e-01 7.091056517925614644e-01 3.984103334969286148e-01 4.161062036068627901e-01 3.977420095049930548e-01 2.728050241942756027e-01
5.504000000000000000e+03 4.953335765110069566e-01 4.980165030515709135e-01 5.553697492131410840e-01 7.775124472799375130e-01 7.741068994218387456e-01 5.224949293981783205e-01 4.616983433765436962e-01 3.875195294768358223e-01 3.506776539692698091e-01 2.445647868449560280e-01
5.515000000000000000e+03 7.116156025242008631e-01 6.946002089127020218e-01 6.464559577526590717e-01 4.380200705789266680e-01 3.881647411108826162e-01 4.966421712425282964e-01 3.553716342549547713e-01 4.461521954772184051e-01 3.477570445886932204e-01 3.259674230941925210e-01
5.516000000000000000e+03 6.904175159648562321e-01 6.115158244216738481e-01 4.829323804407252840e-01 4.296362474924329544e-01 5.393472071334988183e-01 4.658796848195403961e-01 4.806644750885825101e-01 3.135994095752880906e-01 3.943382236366242966e-01 4.512787312054616917e-01
5.517000000000000000e+03 6.122537601743799351e-01 4.703308186831788307e-01 4.721962068633607790e-01 5.712501640754311660e-01 5.036719875940035562e-01 5.861015443043978701e-01 3.303883297008826658e-01 3.671311450136248711e-01 5.189766972111485854e-01 4.534787235045488751e-01
5.615000000000000000e+03 6.607472885599228185e-01 6.078197857786968861e-01 6.361445891247360374e-01 6.405108875004456026e-01 4.496384165801817767e-01 4.143551105208365670e-01 2.918091909095217873e-01 3.703160843473113362e-01 4.450967554535197879e-01 3.506597530147673725e-01
5.616000000000000000e+03 6.218094759724599463e-01 6.141695733015615222e-01 6.772543840707911933e-01 5.035906572703422457e-01 4.696436521877906389e-01 4.179229116280507306e-01 4.120797338288536005e-01 4.464586160700554918e-01 4.307856203085658753e-01 3.009778947784993997e-01
5.617000000000000000e+03 6.281357617693247297e-01 6.496190729423979571e-01 5.554802080216663107e-01 5.236219080055778408e-01 4.741466988664025939e-01 5.378922988927183901e-01 4.971885163520147755e-01 4.296614523586273493e-01 3.807553686572642815e-01 2.556607606645318609e-01
5.618000000000000000e+03 6.621491993306293233e-01 5.482019647416946917e-01 5.755718404229899221e-01 5.303882359874294572e-01 6.010945897243430425e-01 6.247262694740045585e-01 4.810930278141277161e-01 3.706643187177093846e-01 3.364074200867351316e-01 2.462349163433379395e-01
5.623000000000000000e+03 7.049916264331530513e-01 6.845683191006313173e-01 6.586290840181547868e-01 5.571650080016410378e-01 4.886177992451738450e-01 5.357393235006944199e-01 4.628102655430824663e-01 3.174657610006891284e-01 3.033707229215324985e-01 2.172718070185409300e-01
5.624000000000000000e+03 7.004738691328467048e-01 6.427256526590660046e-01 6.138314225397217827e-01 5.535292293590030610e-01 6.085270045425864582e-01 6.000188405971689232e-01 3.661747202631516207e-01 2.843158987399657667e-01 3.041430513812599101e-01 2.653920657361812374e-01
5.734000000000000000e+03 5.605253513173947821e-01 5.946999538670253438e-01 6.200222810884098434e-01 5.142620320879297546e-01 4.204189952423834642e-01 3.825456410221096393e-01 5.589432861957961407e-01 4.515066382397528999e-01 4.468379706169334220e-01 3.557873266548720603e-01
5.837000000000000000e+03 7.413170506001259819e-01 5.710627163527792760e-01 5.432571497850556819e-01 7.038180520727463918e-01 4.376983602387632954e-01 5.295148286597947118e-01 2.983011532106271679e-01 2.597466983634687532e-01 4.556666537346134582e-01 3.292476786550546652e-01
5.838000000000000000e+03 5.901656394946562800e-01 5.374425552586780119e-01 7.363240731588350796e-01 4.947729174969892618e-01 5.918603427523642102e-01 4.270489486969465953e-01 2.923652094829589099e-01 4.619039383914396169e-01 4.110070305351956610e-01 3.666278676206414233e-01
5.839000000000000000e+03 5.535049623246391937e-01 6.944441711265163519e-01 5.415201125353995559e-01 6.343879425325984478e-01 4.765261700139878376e-01 4.124238280803454448e-01 5.072480585692653587e-01 3.991286264504669834e-01 4.424535548035380406e-01 2.677175877046620855e-01
5.840000000000000000e+03 6.871509515686591296e-01 5.193273138203697847e-01 6.542814260500325885e-01 5.101220152308266753e-01 4.475563399119075192e-01 6.116046600348611362e-01 4.241176223480371266e-01 4.251941062944842309e-01 3.317497657123221200e-01 3.173495373025197464e-01
5.843000000000000000e+03 5.572509619363381628e-01 5.305280201465146783e-01 7.322375159531964162e-01 6.396517523758268320e-01 6.409542312733097491e-01 4.509189313370353114e-01 4.131795130254857784e-01 3.835974756006642616e-01 3.647218462989749721e-01 2.755503170947605773e-01
5.855000000000000000e+03 4.864534234211052022e-01 7.151750627229225277e-01 6.505894859192412616e-01 6.734440982572384993e-01 5.780317744215814901e-01 3.656781942717393097e-01 3.258638915791987611e-01 4.396253175060477192e-01 4.078208101462340585e-01 2.967686762390167599e-01
5.856000000000000000e+03 7.054328024201943492e-01 6.109943476886845470e-01 6.884036142831007066e-01 6.068139805716080692e-01 3.983460767737903030e-01 4.313987474739495176e-01 4.680269508314321425e-01 3.821307703107043041e-01 3.606715821512240239e-01 2.535723371052431285e-01
6.011000000000000000e+03 7.000618442965111932e-01 6.242111013124952423e-01 6.022444993891880038e-01 5.413861186011516002e-01 4.506547734481635703e-01 4.133086790794877619e-01 3.922262394169742650e-01 3.654074108977464763e-01 4.661362318994482501e-01 3.043845126203333917e-01
6.012000000000000000e+03 6.403874911005131843e-01 5.893974314358153554e-01 5.932704252525876631e-01 5.097766977897218998e-01 4.739782795134035998e-01 5.227166334185117114e-01 4.119840883254906605e-01 4.770917305545090414e-01 3.875838669342739351e-01 3.073681916968000749e-01
6.013000000000000000e+03 6.040433068181131349e-01 5.767498971256055373e-01 5.590675330818802857e-01 5.256151983407040262e-01 5.805141700483149592e-01 5.355867865354876356e-01 5.288525619667917566e-01 3.747606164884725310e-01 3.856192858428498793e-01 2.891677577353048978e-01
6.014000000000000000e+03 5.814098112480983183e-01 5.356143814047984453e-01 5.588875925242818843e-01 6.119443416792118562e-01 5.769916193812257843e-01 6.349222605960080923e-01 3.991367669293627296e-01 3.575243369084681322e-01 3.549916864675757844e-01 3.569775297093304434e-01
6.016000000000000000e+03 5.163212587934100650e-01 5.701697417590854133e-01 5.968875570578796586e-01 6.665492085960266211e-01 5.051022274213465835e-01 4.473555072555688294e-01 2.980446440216570347e-01 3.672014260643857164e-01 4.996008462434524677e-01 4.308505469643482133e-01
6.017000000000000000e+03 5.657068380859215928e-01 5.569469243392586311e-01 6.719725113566208385e-01 5.253951781466124071e-01 4.710489633093410400e-01 3.925329480683619199e-01 3.764135407057175864e-01 4.836011024649050638e-01 4.882800520290521140e-01 3.588753419972418035e-01
6.018000000000000000e+03 5.711041252838874316e-01 6.397313420058726718e-01 5.686760257544536401e-01 5.179228241508432307e-01 4.405127025596352053e-01 4.954165948721655499e-01 5.310068436206544229e-01 4.934277032952739672e-01 4.343763947358104116e-01 2.440497120266595099e-01
6.019000000000000000e+03 6.587586357300218021e-01 5.654959939328020324e-01 5.776687805183362556e-01 5.060267081093599018e-01 5.654744157852386044e-01 6.665164216195915703e-01 5.600784348706940863e-01 4.438165897849727370e-01 3.306052127037790167e-01 1.343593452948976530e-01
6.039000000000000000e+03 6.504844152017764669e-01 6.024117501664588703e-01 6.109399224718322641e-01 5.059902462021930170e-01 5.578450508137543506e-01 5.774335771474787826e-01 4.949759126068236648e-01 3.807041689614050761e-01 3.224041807507123658e-01 2.562023619287182585e-01
6.105000000000000000e+03 7.650694131959030475e-01 6.617916426060094226e-01 6.506259880561013897e-01 6.571604994272848277e-01 4.122270710657864878e-01 4.602174099815900532e-01 4.309427928101873806e-01 3.179835785746621402e-01 2.986653693098499929e-01 2.458267838714436049e-01
6.106000000000000000e+03 6.931254207868972061e-01 6.506047379344349624e-01 7.207733798809836667e-01 4.989637499559474443e-01 5.501405993969025188e-01 5.878919575454307767e-01 3.862672098313622571e-01 2.960757410314926452e-01 3.476405829315511453e-01 2.018769320982629623e-01
6.114000000000000000e+03 6.941266060494887258e-01 6.169380016565846336e-01 6.169761864673021234e-01 4.813302291990497750e-01 3.937243753644671385e-01 4.472548484102443767e-01 3.342592991497067012e-01 3.972848786305386293e-01 4.932775847377001144e-01 3.536164021724848561e-01
6.115000000000000000e+03 6.350987570176233055e-01 6.033653747392332400e-01 5.412440950135508633e-01 4.568591027411348926e-01 5.112028216204009823e-01 4.671843896054099221e-01 4.492813448445878710e-01 5.121428067110557203e-01 4.392348631128076830e-01 2.885724903632681526e-01
6.116000000000000000e+03 6.208979614128918856e-01 5.371283151844125081e-01 5.170140780885418286e-01 5.674009848362603359e-01 5.291453029444604939e-01 5.785847967326405161e-01 5.738293935213174546e-01 4.435031849304318929e-01 3.709465148660367473e-01 2.447342310326279247e-01
6.117000000000000000e+03 5.584290544125670719e-01 5.143126583164062682e-01 6.132342174636306043e-01 5.816609751036511122e-01 6.415248600787170075e-01 6.989697212293354278e-01 4.946923629500878383e-01 3.571048169799239669e-01 3.240148378214014468e-01 2.497770027414160654e-01
6.325000000000000000e+03 6.538240816391055477e-01 6.278623021234529533e-01 6.176574896181613594e-01 5.680448971014296911e-01 5.041568176720778727e-01 4.805911889668295633e-01 3.407539760889852221e-01 3.576978962379384064e-01 4.012223382113680459e-01 3.379743251412276051e-01
6.326000000000000000e+03 6.364093590359873875e-01 5.944867376252985780e-01 6.077144102726368402e-01 5.507956764483284973e-01 5.328163017085454367e-01 4.611292074338042557e-01 3.927321287606739819e-01 3.878804607080938993e-01 4.138708472678560013e-01 3.283466760765241244e-01
6.327000000000000000e+03 6.184981488372114367e-01 5.997587769255109391e-01 6.084304111175434793e-01 5.964705807296527551e-01 5.314266540262951866e-01 5.308267490175182513e-01 4.445891784191655649e-01 4.200596307299463983e-01 4.177047251610770950e-01 1.922154074836292248e-01
6.328000000000000000e+03 6.254588767953007666e-01 6.027217124512280755e-01 6.521241162610545983e-01 5.982426150717966573e-01 6.070337951769841922e-01 5.854314537383542572e-01 4.834511213637546767e-01 4.276320358763374685e-01 2.811348175033420715e-01 1.533663294781452413e-01
6.367000000000000000e+03 6.420133479074897620e-01 6.133120839922973078e-01 5.919813144037251451e-01 5.454013009131573053e-01 5.319530902175472198e-01 4.754054378904425393e-01 4.578497440467523827e-01 3.381266492821070613e-01 3.953365194223739110e-01 3.225820965853682387e-01
6.368000000000000000e+03 6.144775771384274332e-01 5.632557035910625842e-01 5.762995163170364643e-01 5.649984056649660635e-01 5.144145354816336280e-01 5.643998373924921097e-01 3.583583876095535747e-01 3.691353924931757291e-01 3.887578256941354726e-01 3.979962746662108475e-01
6.369000000000000000e+03 5.743561932586914720e-01 5.559294690363814073e-01 6.008348113463731766e-01 5.560173653757130019e-01 6.147788083235505852e-01 4.738960310029534662e-01 4.006527763735210912e-01 3.683498389823942065e-01 4.714448569372259312e-01 3.181106493671547186e-01
6.370000000000000000e+03 5.603536997539870779e-01 5.686355798615988499e-01 5.832850613267998030e-01 6.417650235052549945e-01 5.099499861877669904e-01 5.050090268427197548e-01 3.889191628379104482e-01 4.595245677162502207e-01 3.821086007536287354e-01 3.464721225725159726e-01
6.371000000000000000e+03 5.707631346134672823e-01 5.525288073989362836e-01 6.583163152127992079e-01 5.394043944394544265e-01 5.404007488026532080e-01 4.917282640522820381e-01 4.879451058811211106e-01 3.488734457098544017e-01 4.096815110362432288e-01 3.429334035854914586e-01
6.372000000000000000e+03 5.582766910502861002e-01 6.183956127674505865e-01 5.697757831780119187e-01 5.718005503324985472e-01 5.299393667373356598e-01 5.928336357711931903e-01 3.689023759014346537e-01 3.854501152698776023e-01 4.084613145942331269e-01 3.330935720996162641e-01
6.373000000000000000e+03 6.174803826488221015e-01 5.426978778214334165e-01 5.977754185314998470e-01 5.607213889899704817e-01 6.334744100757597751e-01 4.740656245593595775e-01 4.082737942916697671e-01 3.830106434679219074e-01 3.976808638780607308e-01 3.269409675244938085e-01
6.374000000000000000e+03 5.559263109566574546e-01 5.744376174001403212e-01 5.973887941112733246e-01 6.709350885814286958e-01 5.216556712348883185e-01 5.237341694614885412e-01 4.164294348064925821e-01 3.796483117035315824e-01 3.994467120071338861e-01 3.184625472772318888e-01
6.375000000000000000e+03 5.784526257892822487e-01 5.671097279740768826e-01 6.875113444574783017e-01 5.541493526690466354e-01 5.634307244356741018e-01 5.224648258310620186e-01 4.032758412988071139e-01 3.732768842129734477e-01 3.838496116850497186e-01 3.154525592686721613e-01
6.376000000000000000e+03 5.699327654468617776e-01 6.413147738627763550e-01 5.808532015359130218e-01 5.915809616830248752e-01 5.593028465878426836e-01 5.067390272357410463e-01 3.934903172348548361e-01 3.517444140659242158e-01 3.787615401512177127e-01 3.562978259886431798e-01
6.377000000000000000e+03 6.454007558694616620e-01 5.597542068910656976e-01 6.245483160099872810e-01 5.991409070590749675e-01 5.550142662026034124e-01 5.086320190829974885e-01 3.813727388779977190e-01 3.560873201006612421e-01 4.289747783989972807e-01 2.724089686598082372e-01
6.507000000000000000e+03 6.140418055510266093e-01 5.992104323950335765e-01 5.761371878113308309e-01 5.917398459387732679e-01 5.606176074631326056e-01 5.434621901312984837e-01 3.840583381844773214e-01 3.466971381070350633e-01 4.063643574797184410e-01 3.104318535994015638e-01
6.790000000000000000e+03 5.951461967339012338e-01 6.260993367642647689e-01 6.708820304252509636e-01 6.566442862375255762e-01 5.763258258505460363e-01 4.087871519359212447e-01 4.284441305942143230e-01 4.028788745463345866e-01 3.298221119026068515e-01 2.662301422717039956e-01
6.791000000000000000e+03 6.408114244805528381e-01 6.461968162642383051e-01 6.947282209182259471e-01 6.289353423246446528e-01 4.673557198607530272e-01 5.567352651906014582e-01 4.515846817914045408e-01 3.084395774050351924e-01 3.472935057027881078e-01 2.111325434772196585e-01
