1.530000000000000000e+02 5.909188987444112806e-01 4.465700269970169778e-01 4.545851615354971620e-01 4.616713830922736239e-01 3.427161016358610257e-01 3.958924335735733990e-01 6.135910958771795265e-01 6.327425158634011337e-01 5.730400017408505686e-01 4.639377997504240403e-01
3.660000000000000000e+02 3.311378110317462764e-01 2.126085267768480780e-01 3.824781438460704286e-01 3.363890415796699229e-01 3.639201671901191593e-01 4.413055706702805892e-01 7.600342897095696548e-01 7.281113240459190505e-01 6.717028101951465491e-01 6.400526319942839715e-01
3.700000000000000000e+02 3.556859883705912884e-01 2.628297347905057535e-01 5.333618038168377318e-01 4.504400026193660644e-01 3.293879703847836793e-01 3.682378309688094653e-01 6.053162901582465061e-01 6.283619977900536391e-01 7.168776688273532649e-01 6.278240735844681231e-01
3.710000000000000000e+02 3.354152480761860566e-01 4.895278861333021703e-01 4.518653620453043085e-01 3.894523047421603046e-01 2.700918654111446604e-01 4.835055909319188050e-01 5.896761136186673413e-01 7.180834678553293937e-01 6.141384366440572062e-01 6.010929397098906390e-01
3.720000000000000000e+02 5.256727013841966389e-01 4.121183065412141189e-01 3.855596715332113011e-01 3.448092914172211643e-01 3.859365750127671246e-01 4.706832363268985131e-01 6.854285490153022575e-01 6.060931689424879920e-01 5.892078437757539700e-01 5.485129419228017555e-01
3.730000000000000000e+02 4.845075152212780512e-01 3.708155776786331570e-01 3.585456610265216337e-01 4.642388729154710014e-01 3.999867234918865200e-01 6.168324738271044883e-01 5.947679903854232730e-01 5.996939701752495022e-01 5.504129150676153603e-01 5.406182161986978763e-01
6.760000000000000000e+02 5.204384434813212890e-01 4.437358620720527336e-01 4.844016374763105981e-01 4.916781553975650421e-01 3.499368040538626268e-01 4.386215549226200605e-01 5.934395253499065159e-01 5.929542361381143767e-01 5.453859872209855242e-01 5.180188321411129948e-01
6.830000000000000000e+02 5.941504183906513026e-01 4.927300750067259982e-01 4.646823149335726488e-01 4.362064638151271212e-01 3.761671866594407110e-01 5.271965860839904483e-01 5.569522087555835999e-01 5.655955384411512910e-01 5.582182573596720099e-01 4.510867045294487676e-01
1.248000000000000000e+03 4.400957303493902018e-01 3.897196393356315847e-01 4.348167283145627504e-01 3.970809903923978035e-01 5.113374799117655911e-01 7.648582852819428846e-01 7.436649707183733415e-01 6.292853226480887852e-01 4.085179316207938616e-01 3.872808026734473330e-01
1.374000000000000000e+03 4.792281548029898031e-01 4.879410942228128434e-01 3.963040231770743049e-01 4.600567974348430678e-01 4.996930244484846240e-01 4.702246476525874797e-01 6.050160189409526934e-01 5.858926111697992933e-01 5.128729278095053301e-01 5.117564226907167502e-01
1.477000000000000000e+03 2.525578186855271801e-01 8.546804484940755120e-02 3.523164883117859136e-01 2.902727807420469319e-01 3.661205388925412030e-01 6.892704063522739899e-01 6.092392673587477825e-01 7.438388943511853313e-01 7.904683066358464405e-01 6.787942238070604484e-01
1.607000000000000000e+03 4.650647746799674853e-01 4.188715372711441787e-01 4.999336595841694653e-01 4.791602849591654056e-01 3.733047275278934540e-01 4.876949410919725891e-01 6.449518579389065254e-01 5.848745504927818084e-01 5.381346422472816915e-01 5.029799069201260631e-01
1.998000000000000000e+03 4.497923227592905970e-01 3.033984351695087622e-01 4.123872497990945241e-01 3.688789534190036190e-01 3.394190112436470952e-01 5.733431305468768002e-01 6.759816851632787227e-01 6.326758592710781670e-01 6.260132692015849543e-01 5.596930635209296234e-01
1.999000000000000000e+03 3.952460639388712949e-01 3.980298055653819222e-01 3.867984244078800371e-01 4.247399929744852809e-01 4.974312871376675993e-01 6.047027115218771565e-01 6.212743973565534317e-01 6.414210911722809660e-01 5.624707843265873697e-01 4.839194641968546096e-01
2.074000000000000000e+03 5.429927842239491431e-01 5.526049537538013645e-01 3.425590133736151066e-01 3.196663764662142082e-01 3.299015880998482642e-01 5.334257541838646199e-01 6.913713061570460061e-01 6.392105735944223488e-01 5.102119465788417241e-01 5.314061808511452156e-01
2.075000000000000000e+03 6.010771341818433866e-01 3.285339159301512990e-01 3.305590994674497130e-01 4.187219741838420495e-01 4.617698964705601594e-01 6.262758097978787797e-01 6.298997122148669581e-01 5.110380049226412869e-01 5.329443101900070978e-01 5.424214295797377128e-01
2.176000000000000000e+03 5.559729235639178091e-01 4.457186793361193611e-01 4.705857916162283772e-01 2.894617960943894897e-01 2.402730369637633145e-01 3.741320283651798362e-01 5.836616310542649400e-01 5.857239487165931680e-01 7.479495025022828703e-01 6.001425415977617028e-01
2.177000000000000000e+03 5.149895749211569340e-01 4.620683791100685389e-01 2.961692290338467926e-01 3.445992570243052722e-01 3.114995396624086754e-01 4.945687061463716061e-01 5.772139980576731499e-01 7.841855170435473310e-01 6.101054753363451821e-01 5.430535412964034858e-01
2.178000000000000000e+03 5.293535040540193748e-01 2.835661954043920407e-01 3.630002934997190733e-01 4.055500205337403963e-01 4.275018475232120196e-01 4.878158619291320108e-01 7.787579293122388613e-01 6.275708537692985534e-01 5.478487438097658924e-01 5.041378889845091749e-01
2.179000000000000000e+03 3.910988272590310011e-01 3.619794196087619542e-01 4.449095690455298069e-01 5.111013645280710893e-01 4.304154533079281864e-01 7.474008341964116786e-01 6.284406926297742002e-01 5.642051300932355851e-01 5.116354291986879854e-01 4.598512369449924697e-01
2.190000000000000000e+03 5.200168791349775166e-01 3.985607657034388462e-01 4.544165320721076373e-01 5.197473773266566566e-01 3.498024563416429200e-01 7.352349510234545971e-01 5.705552112929759279e-01 5.408903752117419916e-01 4.931713728187405721e-01 4.641955843396339265e-01
2.228000000000000000e+03 5.180578520463297032e-01 2.834067781753530912e-01 4.875722709207144789e-01 3.942731431310996792e-01 3.917627143321619210e-01 3.979807940404634370e-01 7.256426385940976109e-01 6.646657183723673201e-01 5.926538920403325861e-01 4.918557429293198280e-01
2.314000000000000000e+03 6.378810934864970195e-01 5.147347454126057764e-01 3.623983496802813398e-01 4.143357106601140427e-01 4.176016204459633285e-01 4.614422745682337235e-01 6.185111622092571704e-01 5.454502967251604328e-01 4.885742163894832291e-01 5.322542722381689018e-01
2.675000000000000000e+03 4.629133243306559065e-01 4.938001078944288524e-01 4.366152299032466377e-01 3.574056582895059897e-01 2.424985904219996713e-01 4.229900471626283354e-01 6.606092579251636732e-01 5.474759527549517557e-01 6.780686101498418772e-01 6.120707652463783788e-01
2.837000000000000000e+03 5.824013699699596147e-01 5.349970457905194321e-01 4.030092347241331363e-01 3.786408999299635258e-01 4.489877583980664832e-01 4.841886292907106593e-01 6.346993787159960210e-01 5.047520324030440042e-01 4.976733722260429094e-01 5.400534141348438677e-01
2.842000000000000000e+03 5.139936837786016621e-01 5.165985831693757913e-01 3.594546792791229461e-01 3.358885385669257428e-01 2.923441313358998705e-01 3.761661286895340295e-01 4.751041271797147303e-01 7.479637450412306432e-01 6.836208309924984849e-01 6.034580005736613906e-01
2.844000000000000000e+03 3.983733633432222088e-01 2.949548184845489085e-01 3.707987491750898701e-01 3.698376929733073748e-01 2.549931813153781257e-01 6.434622068315964949e-01 6.662678375665808117e-01 5.942128629485073921e-01 6.889533027771581608e-01 6.244798305768574087e-01
2.845000000000000000e+03 3.633700475491295490e-01 3.245484845054381617e-01 3.581566417960415083e-01 3.286928125703578729e-01 5.340045572918419303e-01 5.610211671768464692e-01 5.570122726920694323e-01 6.879902448490085032e-01 6.119835561901838528e-01 6.219256022256017813e-01
3.132000000000000000e+03 3.886056763371205092e-01 3.438542384770329474e-01 4.170898646364600837e-01 3.993889006582201362e-01 5.906342521433882720e-01 5.830680083167624206e-01 6.910068632261312516e-01 6.604476732343427248e-01 5.201348997905496097e-01 4.444280456510962818e-01
3.133000000000000000e+03 4.189541922241756255e-01 3.913641214196605378e-01 4.119469113117977255e-01 6.266389990954028821e-01 4.954082480932225918e-01 6.114311269593083464e-01 6.397674438775627914e-01 5.110295379435537688e-01 4.269338439178156364e-01 5.029332992980943828e-01
3.316000000000000000e+03 5.385881045966659508e-01 3.652385178347921091e-01 3.508749952068106470e-01 2.817494959318693759e-01 1.685928345607154710e-01 3.929165854819902659e-01 5.973506840724044364e-01 7.560157904621888081e-01 7.085444537865639436e-01 6.758374447553077147e-01
3.753000000000000000e+03 2.822887570807627311e-01 1.590844195936687855e-01 3.108119982144026405e-01 5.540387421208429197e-01 6.415246212456512387e-01 5.495756547866910147e-01 6.076409549776781160e-01 8.206820096008518028e-01 6.249917451237076982e-01 4.252065447974193169e-01
3.754000000000000000e+03 2.642558868501889702e-01 2.774257498432762814e-01 5.914542490357926896e-01 6.656323266215912193e-01 4.590240613028772620e-01 5.035867094302368674e-01 7.976725357724439025e-01 6.270434281275847344e-01 4.024739227126808983e-01 4.466953523508301882e-01
4.159000000000000000e+03 3.068914959704952539e-01 2.526915347941923184e-01 5.804176323727487929e-01 5.500961781682935925e-01 3.291959095664980239e-01 6.723621877999486074e-01 7.429769739751389546e-01 7.102294770372334920e-01 4.600405588933142997e-01 4.314950928398617047e-01
4.187000000000000000e+03 3.483095887547313918e-01 4.779000983009170644e-01 2.643283564938907482e-01 2.889951752983366817e-01 3.642098847024572428e-01 4.297721894173404666e-01 6.941928781950206240e-01 7.635568237601715325e-01 7.616798495749252940e-01 5.214211899628545810e-01
4.188000000000000000e+03 5.151299087281415723e-01 2.180007387911997996e-01 2.649151393435383861e-01 4.228579674097279195e-01 3.335615176757228406e-01 5.985682372414531383e-01 7.302227624196875322e-01 7.734078293116065650e-01 5.003811304611043287e-01 5.659394904871424270e-01
4.189000000000000000e+03 3.288263008412506405e-01 2.503241091452826361e-01 4.551883843714906175e-01 4.232688440608770586e-01 5.256337474262331444e-01 6.762450164276948561e-01 7.669877936131523910e-01 5.012568448409039368e-01 5.724024466103927455e-01 5.103214514109650768e-01
4.285000000000000000e+03 5.099369106943927310e-01 3.460750437624490194e-01 6.661261926798329736e-01 7.730134997740952807e-01 3.326128849916835106e-01 1.036466818052779459e-01 2.383217906673305020e-01 1.000000000000000000e+00 5.382009023541466375e-01 4.332967325315700835e-01
4.639000000000000000e+03 6.887179094055608797e-01 6.178802292057957724e-01 4.130222134331024697e-01 4.024824546860424901e-01 1.865300461340446414e-01 3.306257811417491199e-01 6.712246589364047056e-01 5.903696005339649222e-01 6.353137643525915701e-01 4.285970922815563466e-01
4.640000000000000000e+03 6.911979494023761106e-01 4.454348112877969390e-01 4.722362929709066348e-01 3.338990145313041613e-01 3.112715420078410178e-01 6.469930899063377483e-01 6.171840773003365310e-01 6.904856125502774056e-01 4.505715878845908406e-01 3.997956065149339544e-01
4.641000000000000000e+03 5.438924377886558137e-01 4.994231674094695705e-01 3.834307723735719264e-01 4.333617212845879973e-01 6.066442677751752166e-01 5.725488111034184868e-01 7.126537055325590231e-01 4.729249380785781609e-01 4.136123518543207145e-01 4.430781760849192286e-01
4.870000000000000000e+03 5.782894144814716419e-01 1.255320660876131367e-01 4.429578454930858111e-01 3.260498334236978102e-01 3.384255677962254572e-01 5.765677628393237608e-01 5.734708788672950863e-01 5.880715436230633530e-01 6.839243441115377964e-01 6.481261473607458079e-01
5.216000000000000000e+03 6.381430106339638364e-01 3.052959218829837673e-01 3.328041639521160944e-01 3.555719278831580010e-01 3.587212057167295520e-01 4.961926863064865523e-01 6.273360971165314881e-01 6.254046449642051142e-01 6.323114210153557568e-01 5.483533262210142922e-01
5.627000000000000000e+03 4.238332499383087315e-01 5.378702725629990189e-01 6.581835525096912942e-01 4.691916288429627824e-01 3.375508763103955978e-01 4.124890996014552447e-01 6.164884970166102374e-01 6.175707601009291503e-01 5.050902811251866131e-01 4.601425774182542616e-01
5.729000000000000000e+03 4.181410345411202822e-01 4.174403694257597386e-01 4.132482724011309894e-01 3.754742363700666608e-01 3.614139571686322272e-01 4.187976133724090610e-01 6.472320535593761859e-01 6.903833932589824585e-01 6.118203647879094653e-01 5.784339900239933163e-01
5.730000000000000000e+03 4.690394066622053937e-01 3.751285765936587246e-01 3.715834066205226383e-01 4.237810746520058736e-01 3.270036328810883575e-01 5.446333234995305306e-01 6.597586905710265404e-01 6.056811894247403627e-01 5.661526619132216664e-01 5.970959579900840808e-01
5.813000000000000000e+03 5.586668983765767926e-01 4.827134857426681469e-01 1.785562939837392615e-01 3.601450867725798366e-01 2.702994190208809488e-01 4.957658987660940597e-01 6.081305978418758418e-01 5.929310234929056067e-01 6.948009597755173683e-01 6.378898995639435965e-01
5.814000000000000000e+03 5.255099278642042515e-01 1.375340018503444506e-01 3.570858652858867610e-01 3.503315446198165817e-01 4.040189038354296547e-01 5.002364222503568048e-01 5.646383501812324290e-01 7.035743073339193465e-01 6.345445902161011009e-01 6.841628915695610047e-01
5.815000000000000000e+03 2.450877046382464730e-01 3.231101674235932752e-01 3.472718818630086135e-01 4.643234043485150453e-01 4.101478668807435612e-01 4.484114685723247229e-01 6.778716751959650288e-01 6.363585034532761586e-01 6.870146326585052643e-01 6.472545933863080858e-01
5.820000000000000000e+03 4.331891049591434228e-01 5.046378467859988781e-01 4.538410345822796454e-01 4.996454864315496569e-01 3.908757616615715080e-01 4.404384568640217212e-01 6.309562324635087371e-01 6.451244694303536198e-01 5.469037280156858749e-01 4.609438481387341802e-01
5.933000000000000000e+03 6.316579369959506307e-01 3.393669479538475864e-01 3.025589016641035967e-01 5.163143135505450232e-01 4.104649127971199407e-01 6.444004097463656988e-01 6.279650921139511288e-01 5.623822060423897540e-01 4.615500460969087504e-01 5.014895926218914113e-01
5.940000000000000000e+03 6.445041706596560394e-01 4.730365669979869625e-01 5.355672114769491898e-01 4.147826339543546625e-01 4.426107217409633310e-01 4.416784003946411241e-01 5.937753728013762666e-01 5.105842774562247000e-01 5.574304620343535355e-01 4.199458103942543818e-01
6.038000000000000000e+03 4.543257902162276540e-01 4.060375728166424336e-01 3.661471216682667396e-01 3.552894836220208408e-01 1.834863238081204939e-01 4.447385845924236580e-01 6.762398843997751152e-01 7.659315755252619207e-01 6.686984611932321743e-01 5.717925092014473076e-01
6.318000000000000000e+03 5.109974626250989305e-01 4.648241978480917580e-01 4.970110372383335640e-01 3.734722878334871266e-01 3.255523105838319387e-01 4.703486009245718136e-01 6.259528630706089336e-01 5.881169551018691211e-01 5.741072165916654146e-01 5.449076041596876419e-01
6.319000000000000000e+03 5.242431668978637660e-01 4.814881198752660185e-01 3.886931169917029472e-01 4.100570985090871701e-01 3.956650792259678862e-01 5.389709748991737825e-01 5.732144559805586459e-01 5.790747614019458034e-01 5.434971894627114164e-01 5.529569225511410391e-01
6.506000000000000000e+03 4.015525094543744289e-01 3.386262842837409193e-01 3.796809942350258815e-01 3.190096146848150904e-01 3.439140830316139708e-01 4.708696396640311144e-01 6.467131106925956274e-01 6.323403945496547385e-01 6.389745414182828043e-01 7.085297241696878467e-01
6.619000000000000000e+03 4.021832622553524472e-01 3.379807811391268846e-01 4.133517245133873086e-01 3.820265881367367888e-01 3.127803056839530416e-01 3.930276342992645167e-01 5.684094018534385784e-01 6.634101801182943348e-01 6.729613288868805387e-01 7.124271611531721726e-01
6.620000000000000000e+03 3.830905001359039552e-01 3.493930605456856964e-01 3.543021377944974293e-01 3.618154961253269852e-01 2.774011901431583382e-01 4.207475762613140935e-01 6.110716672356293344e-01 6.541550364999627609e-01 6.953028028426095908e-01 7.344386857152596093e-01
6.716000000000000000e+03 5.211208477032652775e-01 5.353936119526767623e-01 5.649719056393197603e-01 4.984200439896782631e-01 4.156061989276025881e-01 4.492604559485363636e-01 6.257756127640233812e-01 5.928445341640726785e-01 5.306303320277521163e-01 3.386970263390293168e-01
6.757000000000000000e+03 5.513551115124589730e-01 5.363448133990802447e-01 3.952213589365555224e-01 4.801307728080145276e-01 4.370422790674975411e-01 5.134277764107851860e-01 5.569380194003411555e-01 5.895185496855439578e-01 5.490491957925243138e-01 4.257323638528705545e-01
6.818000000000000000e+03 6.590741082419756536e-01 5.191888209590156400e-01 3.584064473861169886e-01 4.396246651994200061e-01 2.997507107494338241e-01 5.487892242355066896e-01 5.550428247191014908e-01 5.813982540610389549e-01 5.921062298226478227e-01 4.460918537159956898e-01
