1.540000000000000000e+02 5.367563572175515496e-01 4.713379200335025554e-01 5.263332320047242607e-01 4.518524937791070784e-01 3.571759058645470053e-01 5.579970277733763417e-01 6.460254739583431993e-01 6.052100620136046105e-01 4.777148135823298669e-01 4.216550544647522103e-01
1.550000000000000000e+02 5.476199314361398507e-01 5.338134447006398497e-01 5.034255821127990860e-01 4.546515462218817527e-01 5.007233001925179838e-01 5.864218169839052752e-01 6.086620014165132764e-01 4.867393923015232438e-01 4.227970748133778045e-01 4.458254486856055299e-01
1.560000000000000000e+02 5.999835145186394048e-01 5.116673189215485973e-01 5.081933284903832337e-01 5.768256264675208911e-01 5.292878610504111458e-01 5.416122221353487642e-01 4.900537732144288894e-01 4.250796467050274585e-01 4.505799007960060165e-01 4.458068285610316539e-01
1.570000000000000000e+02 5.832600321081825578e-01 5.183076938080031226e-01 6.555224968819461928e-01 6.023154566490657169e-01 4.882018955062392140e-01 3.963175589098885676e-01 4.290892552403140492e-01 4.582616589360024029e-01 4.517706822547681855e-01 4.767457958788591799e-01
1.580000000000000000e+02 5.895066165790163737e-01 6.712555103209112417e-01 6.868797838647542342e-01 5.684967833906776624e-01 3.504804071367704776e-01 3.217262763477551912e-01 4.634566900371534515e-01 4.604187894112473645e-01 4.867083376234279113e-01 4.580183528450617603e-01
1.630000000000000000e+02 5.988369896103766798e-01 5.720757969266202503e-01 5.619740834778745864e-01 5.381142903214181095e-01 4.236065562159804787e-01 4.681155227478835945e-01 5.696232464293286002e-01 5.633839798105644281e-01 3.823804780149374083e-01 4.094824677557304948e-01
1.640000000000000000e+02 6.380781496062800651e-01 5.803060065626203246e-01 6.157205742466712595e-01 5.185608326157853387e-01 4.243601841514569317e-01 5.015865721907357688e-01 5.743237102140312800e-01 3.854078284939684296e-01 4.161271408263570448e-01 4.384186395818832072e-01
1.650000000000000000e+02 6.491203060331696140e-01 6.410261970736860215e-01 5.974954058061634488e-01 5.234691561529021264e-01 4.613965106188224197e-01 5.127366015313633563e-01 3.984588769235150041e-01 4.282425653394028586e-01 4.518384051942354596e-01 4.389756852033888657e-01
1.660000000000000000e+02 6.986933831851527277e-01 6.219861869672517196e-01 6.031287631807014105e-01 5.545196972958088555e-01 4.718241785366853458e-01 2.943121413747888382e-01 4.416324072628582953e-01 4.689614936292109681e-01 4.522949451284914435e-01 4.489103364285618181e-01
2.090000000000000000e+02 6.332499657143025873e-01 5.266486789511888311e-01 5.324663034227320457e-01 5.198909717950908060e-01 4.064018398508481011e-01 4.651880610916773739e-01 5.838649644232334346e-01 4.779795777327859874e-01 4.636158968634352395e-01 4.414964476953978090e-01
3.740000000000000000e+02 4.500124856566043441e-01 3.421181882405381347e-01 4.998946213464866006e-01 4.753477921937027117e-01 5.384368976428870468e-01 5.036783154169596211e-01 5.875798615874240349e-01 5.546342380271254147e-01 5.410626197714453189e-01 5.136063127902679160e-01
3.750000000000000000e+02 4.234841100094933197e-01 4.839335143654440730e-01 5.094548681157561321e-01 5.887754086988064017e-01 4.269180445917150069e-01 4.909347732004121778e-01 5.389684255495555965e-01 5.408864204008516641e-01 5.085367774655922268e-01 5.084666390821731552e-01
5.030000000000000000e+02 7.200605561134868493e-01 6.876208693634527913e-01 6.553950298525255125e-01 5.553175866120971804e-01 2.589921631731145202e-01 3.393177588437510939e-01 4.746373131857778427e-01 3.901402537323311326e-01 4.687247429184984715e-01 4.892234674945594719e-01
7.270000000000000000e+02 6.245899170856342719e-01 6.234201494967073209e-01 6.017548538705492778e-01 4.446847534793955115e-01 3.360028685641408552e-01 4.109812785025159787e-01 4.394606576713176449e-01 5.007002223226727500e-01 4.923420199787161278e-01 5.494736222895225675e-01
8.720000000000000000e+02 6.076497123785704613e-01 5.223641722865053350e-01 5.601769170139100362e-01 4.952895580907877848e-01 4.335985923668557174e-01 4.694337187612109830e-01 5.141602124811217589e-01 5.180123750226587331e-01 4.635410114927062120e-01 4.675115946488555552e-01
8.730000000000000000e+02 5.907943353170308498e-01 5.704209318488092650e-01 5.568584854785493254e-01 5.204425649627461015e-01 4.178624063784898701e-01 4.246898077715480224e-01 5.218692658245417393e-01 4.718913870797037391e-01 4.747385211745593914e-01 4.913331183868813734e-01
1.035000000000000000e+03 5.194560858319030583e-01 4.865706508138464836e-01 5.408907622865434250e-01 5.202771937403113389e-01 3.734653345399079893e-01 4.961778335631121251e-01 5.760467380975703433e-01 5.418086789253440116e-01 5.223392803020352471e-01 4.548137791453889522e-01
1.160000000000000000e+03 6.019340375611584859e-01 6.318708673463042658e-01 6.164039316768996635e-01 5.265904813844018983e-01 4.312745621347469638e-01 5.062203796118587285e-01 4.905788323482271895e-01 4.894775520852877038e-01 4.031712515844709244e-01 4.143731335157077589e-01
1.161000000000000000e+03 6.874465669409349777e-01 6.369304174229538651e-01 6.024262817571746087e-01 5.254034637314385359e-01 4.611913294861798573e-01 4.040140212646233242e-01 4.999130418098942652e-01 4.095831867604075027e-01 4.218654739503415740e-01 4.381812601072540003e-01
1.162000000000000000e+03 6.992804561390121298e-01 6.318846078080005979e-01 6.100971002997722659e-01 5.582615122777738748e-01 3.725979245812409690e-01 4.250206652452763190e-01 4.266206376094001662e-01 4.384679959312508535e-01 4.547729850111259520e-01 4.513567045570502367e-01
1.164000000000000000e+03 6.995648924680795133e-01 6.777541010727686777e-01 5.576722242020171194e-01 4.984033765487539958e-01 3.033542837435535544e-01 3.678265737989921957e-01 4.919952794184473399e-01 4.908699492802289233e-01 4.592121925878436262e-01 4.886354694002595922e-01
1.173000000000000000e+03 5.474806600776479515e-01 4.897776426743801204e-01 5.731885604334552298e-01 5.608387385643137657e-01 5.012008153624681883e-01 4.829699800962207745e-01 5.264140956477375566e-01 4.828617361260311713e-01 4.491838694350958616e-01 4.532244667698586693e-01
1.216000000000000000e+03 6.103139364630946195e-01 6.372009468132278087e-01 6.862187618634071340e-01 5.891517652683446737e-01 3.161739302073378610e-01 2.975900391104808196e-01 4.954269837208487570e-01 5.316414797559518846e-01 4.538360788477370789e-01 4.341169386731603685e-01
1.217000000000000000e+03 7.004992202144026958e-01 7.196136109783970447e-01 6.873578212139009880e-01 4.368964631235473517e-01 2.720821154477067183e-01 4.206755302920944239e-01 5.511956047788231228e-01 4.760688154161166197e-01 4.511189250170856702e-01 3.841640280945490260e-01
1.218000000000000000e+03 7.706003613419944998e-01 7.238864379005831573e-01 5.086094536341232430e-01 4.021730688119643515e-01 3.926425017459314604e-01 4.930013386988596480e-01 4.974182134276525225e-01 4.754189760897802874e-01 3.979145286286330796e-01 4.370062275938088048e-01
1.219000000000000000e+03 7.774301803070028383e-01 5.433116805813128503e-01 4.710347617149321930e-01 5.071824849700349302e-01 4.656514314444942793e-01 4.303012792658483243e-01 5.000282306537121579e-01 4.176596756212616057e-01 4.592877824652141783e-01 4.687301147212047936e-01
1.220000000000000000e+03 6.125228114417179404e-01 4.840558733620658471e-01 5.764666513516074620e-01 5.520242171458453750e-01 3.859092474288278729e-01 4.128132293843554956e-01 4.248948827735312683e-01 4.715141966102145421e-01 4.800163322913539310e-01 5.917535779680522801e-01
1.225000000000000000e+03 6.839553622090142060e-01 5.378008425865360431e-01 5.883093003601482796e-01 5.411971605602549085e-01 6.405042341604239020e-01 5.650862017536966153e-01 5.547581458610034710e-01 3.436707505243956629e-01 3.102237746678130348e-01 3.911731579785000523e-01
1.234000000000000000e+03 7.348052833487495050e-01 5.928325383969723639e-01 5.869212991909078525e-01 4.738331686726344194e-01 3.228727936240560759e-01 3.580504844154547284e-01 4.036910610577727487e-01 5.238114659548563923e-01 4.480086919517285438e-01 5.617555374986069605e-01
1.249000000000000000e+03 4.911637790184567032e-01 4.521492340456891856e-01 4.504624670137281628e-01 5.950422681563936056e-01 7.107063943253697502e-01 7.205984758535272094e-01 6.435287210649167644e-01 4.177844519524245848e-01 3.936814827575568221e-01 2.969149043883481665e-01
1.250000000000000000e+03 5.343911744652664053e-01 4.586101660090066146e-01 6.770878043421476589e-01 7.550905825383911196e-01 6.588787820416280860e-01 5.864385649346089968e-01 4.215835046450557844e-01 3.930134034580166635e-01 2.868764898847090961e-01 3.927383133765558476e-01
1.253000000000000000e+03 9.087966927166896136e-01 8.555629110496443257e-01 7.065275810107576326e-01 3.981226085505121803e-01 2.574827157449812165e-01 1.465494783926965805e-01 4.116477535955784806e-01 4.770040488487247710e-01 4.240333042936970664e-01 4.679767982886749444e-01
1.319000000000000000e+03 6.157326343412036218e-01 5.435464368246675226e-01 4.458081343817797970e-01 4.885138880786174531e-01 4.053381057951629951e-01 4.980591028656016217e-01 5.716697870945639526e-01 5.539331489231802408e-01 4.692266586988843580e-01 4.504500357660034537e-01
1.320000000000000000e+03 6.074684946954072018e-01 4.516595258598695151e-01 5.479855917935615439e-01 4.959581973282979339e-01 4.443865838340027019e-01 4.951523087597914374e-01 5.575297718398561919e-01 4.777390106881848619e-01 4.552819197699086162e-01 5.023453619893848421e-01
1.321000000000000000e+03 5.345840224354865278e-01 5.599219410853087942e-01 5.596675708615125311e-01 5.312261547490547686e-01 4.444142723640908677e-01 4.805565096853486318e-01 4.828212563815789116e-01 4.641037639481638277e-01 5.147489824925470803e-01 4.792955137062977489e-01
1.322000000000000000e+03 6.252257453428988754e-01 5.743883997176565392e-01 6.040661298544559576e-01 5.332206179690028858e-01 4.328196633407470628e-01 3.903630781454895948e-01 4.709900143242279347e-01 5.341185457908982359e-01 4.909367981486347787e-01 4.085589680250549804e-01
1.323000000000000000e+03 6.410388709538191732e-01 6.250409587167641279e-01 6.111493848499476300e-01 5.273894250064625755e-01 3.513725850221816049e-01 3.805608590921076284e-01 5.457711633729261935e-01 5.107528360566265802e-01 4.160132604958753921e-01 4.515560841909008194e-01
1.325000000000000000e+03 7.055011163794836504e-01 6.458796580290168121e-01 5.422406429011387141e-01 4.675466372112114799e-01 4.505355415247406237e-01 4.648439632522022857e-01 4.520058205781785632e-01 4.960504055168123982e-01 3.960769364999984776e-01 4.645043869119621638e-01
1.375000000000000000e+03 5.451128748155529280e-01 3.801711804288084307e-01 4.940968513244469729e-01 5.585781231085027443e-01 3.978793197212803778e-01 5.155067881605724933e-01 5.729451360737123355e-01 5.110428334858249100e-01 5.085658347334903739e-01 5.143503041006772802e-01
1.376000000000000000e+03 4.732752843003887877e-01 5.009421674580993855e-01 6.310027435610420232e-01 4.892529600334503126e-01 4.605369498452743238e-01 4.962099934835405568e-01 5.137313097706337484e-01 5.223426158271080588e-01 5.256295943434253770e-01 4.502133049034076628e-01
1.377000000000000000e+03 5.667585142767422868e-01 6.354628406954317965e-01 5.419447000682461324e-01 5.366451265181324537e-01 4.357118885944445963e-01 4.161199148212885168e-01 5.197589830810530609e-01 5.365221339647883170e-01 4.500136781463887625e-01 4.322024913026804582e-01
1.378000000000000000e+03 6.883890097095086702e-01 5.576720781765032164e-01 6.120523684274181697e-01 5.271621135287933857e-01 3.728174243812876765e-01 4.377502607709096161e-01 5.455345173180435880e-01 4.612688077226339556e-01 4.399039892750426506e-01 4.246777894403404585e-01
1.379000000000000000e+03 6.317801388787450678e-01 6.387223534551826898e-01 6.091929464857757104e-01 4.811955652266418637e-01 4.018498129652360307e-01 4.785125203561855223e-01 4.764465802023480911e-01 4.566592541776059999e-01 4.376527724906205119e-01 4.697950249933869893e-01
1.424000000000000000e+03 5.292553942632046704e-01 6.576788689143627797e-01 5.527857386150006880e-01 6.074912478247256331e-01 2.875817561792003429e-01 4.447348478834365904e-01 5.517457958937518336e-01 5.389541806938912272e-01 4.848698532227284641e-01 4.059894583072798935e-01
1.452000000000000000e+03 6.234775654612912943e-01 6.829714268757168805e-01 6.519404263018396817e-01 3.394820522481510339e-01 4.414481873952871283e-01 3.472902700652550356e-01 3.992693757816906941e-01 4.709399846904210873e-01 4.336880770134308172e-01 6.402179330014152736e-01
1.599000000000000000e+03 7.372659998861095243e-01 6.783630342391374635e-01 5.282710207919327772e-01 5.166327104735204401e-01 3.526953105845500591e-01 5.087018937183269696e-01 5.035667430291542734e-01 4.337347924356117490e-01 4.000980863614044813e-01 4.319986468865935070e-01
1.600000000000000000e+03 7.319320128481112686e-01 5.537376370248056068e-01 5.980835846392167365e-01 4.654363333605310293e-01 4.710723524087179759e-01 4.279487451426596811e-01 4.497852757373032029e-01 4.122579861365817111e-01 4.468092894387354908e-01 4.993866376272982355e-01
1.608000000000000000e+03 4.991199806085506729e-01 4.997865344093456175e-01 5.293624635258297184e-01 4.626988890697864565e-01 4.270338315022388365e-01 5.781301997362966461e-01 5.825043216527331369e-01 5.503624091281985597e-01 5.079748451715256907e-01 4.290982572175590648e-01
1.609000000000000000e+03 5.740689594197091461e-01 5.408002161848575184e-01 5.200975899009585568e-01 5.166706959789318931e-01 5.236979290041863244e-01 5.116091616922845420e-01 5.563542267027040689e-01 5.244855334767742905e-01 4.337404581829953365e-01 3.942583478945366204e-01
1.610000000000000000e+03 6.081214505627764444e-01 5.318099045841557793e-01 5.849967962119181353e-01 5.986098904591758973e-01 4.607545842926589752e-01 4.797607133233331433e-01 5.306404440232631581e-01 4.399707287922017263e-01 3.955751384499150980e-01 4.494875203823842091e-01
1.611000000000000000e+03 6.113687158644758313e-01 6.117580432638537458e-01 6.953812355323480965e-01 5.561553282950900678e-01 4.429068420898640279e-01 4.610029570369071350e-01 4.556642052571801549e-01 4.066485431427530051e-01 4.658064232649969938e-01 4.016080902255686480e-01
1.612000000000000000e+03 6.804029662776438503e-01 7.300097010131766373e-01 6.488811739107196441e-01 5.445809251533336726e-01 4.291105502245392556e-01 3.722575483789036799e-01 4.253787423712256377e-01 4.905293201484948740e-01 4.157491096034877098e-01 3.796667509973172261e-01
1.613000000000000000e+03 7.942756894852800453e-01 7.025799791994121746e-01 6.549839079357379079e-01 5.496130973121078345e-01 3.639695697224237247e-01 3.551913449741359585e-01 5.269612587430493322e-01 4.495338694244888078e-01 4.056878328890744512e-01 3.163209893276850981e-01
1.617000000000000000e+03 7.197180237055128549e-01 6.221495214074159730e-01 6.929510497219754095e-01 5.346234010327617359e-01 3.974599562990155377e-01 3.057292905021019025e-01 2.963185227624305917e-01 5.392044197665759597e-01 4.856378637327207759e-01 4.587498889508450084e-01
1.618000000000000000e+03 6.908833290251561454e-01 7.299073983229248386e-01 6.255027960126735564e-01 5.081746687788462058e-01 2.830295449621821890e-01 1.768478510094421419e-01 5.615589468290111963e-01 5.151725759540887184e-01 4.807359330224271199e-01 4.506283294073910040e-01
1.741000000000000000e+03 6.238603577846155712e-01 5.621437194265364035e-01 5.348028487450221524e-01 5.138021071742923107e-01 4.585344834044987050e-01 4.472878221027398182e-01 5.977884894115201853e-01 5.181156009514942262e-01 3.936328574053035156e-01 4.268979589296919563e-01
1.742000000000000000e+03 6.224532296840840084e-01 5.431368218425740579e-01 5.778419645164510898e-01 5.405449385897528325e-01 3.956490794297868874e-01 5.272283971329756458e-01 5.210628075239530643e-01 3.909928696720287866e-01 4.290115825372828873e-01 5.103887846052772570e-01
1.743000000000000000e+03 5.950924284015471910e-01 5.730719260586503161e-01 5.956822792024943913e-01 4.758215010732200767e-01 4.579484273769562352e-01 4.175443863425314373e-01 3.808523170097156685e-01 4.199306282432118120e-01 5.112279518211579887e-01 5.920073087904414999e-01
1.756000000000000000e+03 6.368704173992839612e-01 6.382924134495375768e-01 5.280808919381766442e-01 4.566646192839926566e-01 3.905965122593768046e-01 5.506353391254446006e-01 6.176448527448601400e-01 4.291551810285785806e-01 4.054976285624098398e-01 4.411600917028134505e-01
1.822000000000000000e+03 7.106321313798112937e-01 6.858748425200982268e-01 6.074997285307766060e-01 5.760837028997038978e-01 4.005470923127275595e-01 3.655926829518694743e-01 4.511152385629120798e-01 4.086612005912966805e-01 4.668556155343014380e-01 4.082491072460696091e-01
1.823000000000000000e+03 7.481898718016998240e-01 6.478105490263881272e-01 6.809720556074642106e-01 5.157628984896658331e-01 3.461197344676449905e-01 3.751662797148496153e-01 4.342971049422192920e-01 4.985685943102313722e-01 4.290516446030103737e-01 4.084283934607247368e-01
1.828000000000000000e+03 7.033667856524288275e-01 6.104005265049644580e-01 6.804993283358148348e-01 5.316022949933908448e-01 4.195841081110077697e-01 3.596822680978966624e-01 3.964762410420018535e-01 4.668246792703874548e-01 4.498713066031704844e-01 4.521838851514616842e-01
1.855000000000000000e+03 6.011617695285210727e-01 4.579267560597377051e-01 5.112985647268292189e-01 4.715569593745256860e-01 4.875294971010570855e-01 6.085444706037249629e-01 6.563759895385550269e-01 5.964025789441401715e-01 3.592531813674705310e-01 3.623584860035846678e-01
1.887000000000000000e+03 4.879080633154781466e-01 4.209194420816281257e-01 5.065929041530700117e-01 5.505469361840162890e-01 4.681738087612067889e-01 4.887263191874411383e-01 6.480339699239060502e-01 5.492345578196212719e-01 4.830695873482125924e-01 4.356532800950521644e-01
2.000000000000000000e+03 4.679866856584444790e-01 3.659902987682787101e-01 4.477695289285846814e-01 5.530435728957475705e-01 5.217294261049749693e-01 5.311203532114057158e-01 6.253855690895440134e-01 5.641382961469059154e-01 4.746791996133855607e-01 4.744041893033101309e-01
2.001000000000000000e+03 4.464639334366699575e-01 4.345065112706936183e-01 6.061061002822314414e-01 5.782216724729632995e-01 4.572167570215834309e-01 5.420881422620724699e-01 5.520649118925458065e-01 4.684640044398615255e-01 4.682238703294840931e-01 4.979107329505956803e-01
2.002000000000000000e+03 5.195717923997004162e-01 6.186769714850627322e-01 6.565883350449323030e-01 5.410711302042925386e-01 4.880609062708288204e-01 4.725787976526790723e-01 4.724752411659183804e-01 4.779634466152965500e-01 5.090046541866695140e-01 3.604857964782565150e-01
2.003000000000000000e+03 6.767863377239468070e-01 6.785760054747487224e-01 6.198745169126408383e-01 5.734335584684000509e-01 4.292447640937152586e-01 3.817423767950760549e-01 4.884090797094643999e-01 5.309131421807087303e-01 3.623267783946776954e-01 3.728486922588827857e-01
2.004000000000000000e+03 7.435047037038142737e-01 6.621798556787807932e-01 6.793475660099360658e-01 5.412762515952508346e-01 3.630762840464769603e-01 4.230705001491323336e-01 5.594470121612665769e-01 3.799908140819098779e-01 3.909070712252009083e-01 3.729280063370315479e-01
2.005000000000000000e+03 7.231920915366348845e-01 7.152293063577790377e-01 6.328360225104531223e-01 4.786511611980394099e-01 3.945628737532309582e-01 5.028570501829469075e-01 3.998041119998262394e-01 4.061121334688341245e-01 3.851975070875570673e-01 4.727923870445129850e-01
2.061000000000000000e+03 5.305737518077103809e-01 5.595396675292420019e-01 5.404028704569797670e-01 5.095528872734275128e-01 4.001609914464523410e-01 5.273874745430360278e-01 5.293318347919359068e-01 5.176995556548962263e-01 4.926981766758404824e-01 4.533122654278051722e-01
2.062000000000000000e+03 6.179751761451485192e-01 5.460485262694563247e-01 5.699947224399384282e-01 4.890231149650774434e-01 4.693084011453617643e-01 4.394716450974170963e-01 5.183068274906776907e-01 5.020539659288034695e-01 4.562312904369944522e-01 4.540574801131813665e-01
2.063000000000000000e+03 6.165541812499356622e-01 5.883357839248126719e-01 5.569321718545239275e-01 5.568943405458884888e-01 3.967739318535177806e-01 4.376905998045668711e-01 5.120630251054791859e-01 4.697705510057662570e-01 4.653078145252521614e-01 4.547647717670264544e-01
2.065000000000000000e+03 6.653507422799738169e-01 6.892857377707779509e-01 5.947603730526316301e-01 5.193039073970265873e-01 4.173172714074742107e-01 4.203950130227493975e-01 5.148977756752652901e-01 5.057536781534979209e-01 4.426627287901749308e-01 3.439962575748347073e-01
2.067000000000000000e+03 7.178172255488327602e-01 6.678795998853213067e-01 6.396152217820531005e-01 5.255607039826376559e-01 4.446644811742924142e-01 4.907607608882799122e-01 5.087878610057406936e-01 3.848387779568001044e-01 4.496181298412162963e-01 3.138904835514528813e-01
2.068000000000000000e+03 7.436859861359826906e-01 6.935021479015514023e-01 6.327389871433247714e-01 5.631600577574865651e-01 4.778219599072158208e-01 4.593502928416814957e-01 4.202038602470430928e-01 4.887901577042872425e-01 3.330634513130126817e-01 3.427247190416980449e-01
2.076000000000000000e+03 4.332126231245537751e-01 3.350118321690923051e-01 4.669421835904756790e-01 5.453359676627123065e-01 5.689199516394168876e-01 5.696090994585794043e-01 5.159643692603529397e-01 5.524597022716222217e-01 5.586353164804591653e-01 4.781144049460496759e-01
2.077000000000000000e+03 4.204446765269503339e-01 4.534135480571067078e-01 5.961056098226483746e-01 6.172478972766800576e-01 4.930814282290286732e-01 4.057495397637062573e-01 5.395761778074313897e-01 5.637458899030500792e-01 4.717301512166653943e-01 4.756716926778747356e-01
2.078000000000000000e+03 5.197110855466642310e-01 5.894492226354290931e-01 6.846528609778917973e-01 5.558647322546160785e-01 3.397823472560977942e-01 4.380120485564445998e-01 5.534245606053662669e-01 4.668185695164770999e-01 4.711341137008902002e-01 4.485315077560084740e-01
2.079000000000000000e+03 6.424750188705825593e-01 6.947918685525295013e-01 6.252066236706345093e-01 4.381648571339760712e-01 3.840502487063722215e-01 4.693494165606756363e-01 4.668707173700286650e-01 4.773945198540551771e-01 4.509538313111274288e-01 4.454874929770679115e-01
2.086000000000000000e+03 6.863694952686552053e-01 6.141845787405049162e-01 6.017967816928305735e-01 4.294719073213507099e-01 3.306110819680104784e-01 4.380318440121056534e-01 6.028624674106349834e-01 5.342117314811805073e-01 4.876387209678882950e-01 3.556952240055813452e-01
2.087000000000000000e+03 6.820730038490167013e-01 6.329912065150524736e-01 4.973030049090335636e-01 4.495140143551306644e-01 4.067866599700517005e-01 5.545650553626545465e-01 5.542380888727520549e-01 5.152326810628392595e-01 3.646080574424497289e-01 4.404791876566700459e-01
2.088000000000000000e+03 6.945354636129917880e-01 5.215190790973396329e-01 5.177492576368956101e-01 5.108622843364356569e-01 5.146406397019164247e-01 4.905733622707588726e-01 5.320905387126286801e-01 3.714013304815372285e-01 4.560274460114551731e-01 4.577248704158450310e-01
2.089000000000000000e+03 5.987360019804984779e-01 5.372129268384081557e-01 5.856866484526566108e-01 5.974006059858710804e-01 4.482633302381439644e-01 4.576057352707387782e-01 3.821029543815050444e-01 4.717747658867247340e-01 4.713247573246010513e-01 4.985431618088850825e-01
2.090000000000000000e+03 6.046736936486359903e-01 5.988369719799845337e-01 6.806420760233485856e-01 5.345179713415122436e-01 4.086060733214141316e-01 2.630819481880353194e-01 4.768122717625263851e-01 4.824902182816023233e-01 5.105617041198710071e-01 4.723112401177360087e-01
2.091000000000000000e+03 6.519140838327239784e-01 6.928105524260881332e-01 6.018437386684043489e-01 4.978914340623544765e-01 2.191858432779063837e-01 3.765476220705085142e-01 4.844545355301368428e-01 5.242295483806134193e-01 4.787648280254531152e-01 4.995014257754472609e-01
2.151000000000000000e+03 6.026193541744594429e-01 5.179539251173501668e-01 5.084706369077317545e-01 5.834287915573180827e-01 5.365402582937336406e-01 5.413262603336654877e-01 5.438342643567587453e-01 4.711563382899316976e-01 3.605580182117386623e-01 4.327073211161064359e-01
2.172000000000000000e+03 6.608186161867849462e-01 5.887958954768049979e-01 5.683009137802195188e-01 4.868788510337282438e-01 4.046091387604245915e-01 4.208528155153934414e-01 5.375638513162210863e-01 4.004818298924137654e-01 4.604272818430231728e-01 5.120530813345780530e-01
2.173000000000000000e+03 6.367285341047708158e-01 5.684686341683787836e-01 5.368283547887013896e-01 4.876143373004805937e-01 3.615559917170073079e-01 4.432637190377549108e-01 3.946589757279171939e-01 4.600426588919221960e-01 5.167511172925016716e-01 5.919760041372421622e-01
2.180000000000000000e+03 4.489372701023001122e-01 4.386257011497364244e-01 5.630744513261817241e-01 5.071571809796842079e-01 6.703589920579683392e-01 5.531145764973357526e-01 5.579496736336260199e-01 5.164425698914906215e-01 4.571304965005038023e-01 3.971325525265217427e-01
2.181000000000000000e+03 5.199954287557925214e-01 5.706652304834998191e-01 5.683440046345570318e-01 7.177047218828137565e-01 4.950599924317377054e-01 4.761977143474401819e-01 5.180469355431563949e-01 4.623541291967716016e-01 3.949406527312327997e-01 3.832572192313135062e-01
2.182000000000000000e+03 6.385035722337571995e-01 5.888101066800108807e-01 8.318184920240373481e-01 5.803868307584943986e-01 4.339426771988216247e-01 4.395655646520107984e-01 4.736562477278296046e-01 4.013298568932876509e-01 3.884354024267565597e-01 3.658031470664350748e-01
2.193000000000000000e+03 6.290567104638872253e-01 4.832710676436934860e-01 7.983469433039942498e-01 5.046543679796642312e-01 3.846913351474779419e-01 3.907539480848374325e-01 4.612450113909997151e-01 4.720150353664385179e-01 4.929744696673768467e-01 4.446727264014559977e-01
2.310000000000000000e+03 7.480705800624822821e-01 7.387226751259485802e-01 6.543842436509871296e-01 5.088340826971814446e-01 3.633527025373307073e-01 3.466630670907385192e-01 3.306544923106213285e-01 4.101679711357212876e-01 4.895982830290948051e-01 4.760951582216903510e-01
2.488000000000000000e+03 5.846791957047136057e-01 5.020106303742288834e-01 5.192307549167997083e-01 6.220062228720029118e-01 4.546263184057248719e-01 4.158159782742780197e-01 5.308462517446793649e-01 5.310486602082926666e-01 4.424552238019544559e-01 4.416051423430928935e-01
2.489000000000000000e+03 5.704103696989100136e-01 5.236472991125599163e-01 7.034575419608449787e-01 5.344449042416397067e-01 3.623040677695221201e-01 4.407689690473668986e-01 5.313374682396173609e-01 4.441076714558760408e-01 4.428770699120688770e-01 4.995473225364343572e-01
2.490000000000000000e+03 5.866473748942431232e-01 7.117610117784614054e-01 5.973468006676148079e-01 4.551957475612252724e-01 3.843689122665809310e-01 4.395514695963009810e-01 4.419635009919687940e-01 4.431424434752244679e-01 5.057085633511131384e-01 4.987805299206177767e-01
2.834000000000000000e+03 9.732676486532607640e-01 8.765821881808920635e-01 6.183088879085956169e-01 3.566715743261616445e-01 2.612006115565200237e-01 1.780785610175222022e-01 3.275894670927788077e-01 4.783234504235207019e-01 4.568028575908698041e-01 5.075394489510237639e-01
3.105000000000000000e+03 7.178190577694788521e-01 6.099885246592428034e-01 6.599715147018857531e-01 5.792492392572502480e-01 2.997097452016468933e-01 1.510113972222088541e-01 4.332976607879545639e-01 4.631048706789341329e-01 5.034924182542761528e-01 5.537979361157984171e-01
3.106000000000000000e+03 7.114875222906488217e-01 7.333324212742875492e-01 7.151121294553611785e-01 4.557795254781075722e-01 1.704676778965407979e-01 3.842628266171183027e-01 5.147059770919635291e-01 5.656356406048343999e-01 6.124285826532935850e-01 2.358054399464688811e-01
3.107000000000000000e+03 7.982754410716951243e-01 7.726032265743872918e-01 5.503510583339193962e-01 3.323403109388248233e-01 3.769331678666109631e-01 4.677545302571896602e-01 6.043694246818268612e-01 6.764257721188693395e-01 2.471502143626385373e-01 3.318198634517281476e-01
3.134000000000000000e+03 4.537260395054709683e-01 3.811075864980137395e-01 6.774286936887338184e-01 5.424442211595135177e-01 5.175452410001357695e-01 5.429284847462293451e-01 4.848542981784901285e-01 4.005626387129077592e-01 4.880256889023421585e-01 5.553244061647859553e-01
3.135000000000000000e+03 4.598624240594960666e-01 6.723482719944632313e-01 5.947293277586952476e-01 5.757465313675460550e-01 4.697119003842176732e-01 3.693706740367812547e-01 3.878539965263185785e-01 4.847478088727557033e-01 5.585698069837039537e-01 4.794628510633019980e-01
3.136000000000000000e+03 7.249982527592555570e-01 6.199050597930380047e-01 6.662511942062144810e-01 5.621635162603091374e-01 3.356366651020804004e-01 2.819268151881524354e-01 4.994557146966369099e-01 5.918316252464017602e-01 4.976780340107611056e-01 2.967093926814421412e-01
3.137000000000000000e+03 7.004653314487835347e-01 7.163345997272821952e-01 6.719279387139963644e-01 4.672641322703199873e-01 2.735646512939913788e-01 4.430402607990509556e-01 6.262518265253699257e-01 5.401662284588125695e-01 3.107752582603928171e-01 3.751074058863779759e-01
3.138000000000000000e+03 7.772302041595591238e-01 7.193114626819827606e-01 5.557724408734017185e-01 4.125227470833932597e-01 4.248923637802248798e-01 5.976535915314012959e-01 5.715393026497527229e-01 3.235219945873628045e-01 3.957276359334734317e-01 3.723665977919471404e-01
3.139000000000000000e+03 7.903111827405938650e-01 6.121525454637747332e-01 5.027885417672597335e-01 5.507973169834596838e-01 5.852763904838711451e-01 5.427404205957678807e-01 3.623126462911088752e-01 4.312165377065353411e-01 4.016452251034003385e-01 3.586719406284514799e-01
3.140000000000000000e+03 6.787819297377363226e-01 5.287923585273509586e-01 6.401803415822592269e-01 6.627601962034367356e-01 5.049130005695214862e-01 2.540257231770199908e-01 4.483404956165588651e-01 4.151201324025360351e-01 3.665308474427160790e-01 5.329984531410369986e-01
3.311000000000000000e+03 8.214265454591165305e-01 8.328699509670682843e-01 6.612761630972912030e-01 5.374394513738282031e-01 4.929942995325396482e-01 3.580678726167423886e-01 3.841877348354627575e-01 3.732758632077252670e-01 3.420362717828216437e-01 3.596326559821691471e-01
3.312000000000000000e+03 8.688846039186657322e-01 7.035077367756447098e-01 6.349626643232326728e-01 5.939236083798732357e-01 3.390623828495739622e-01 2.921950176160122425e-01 3.985602498915087333e-01 3.555853672791040032e-01 3.752561970626544507e-01 4.942028915088141905e-01
3.313000000000000000e+03 7.541493713325487791e-01 6.658307266512150102e-01 6.922145076335133318e-01 4.555126611331228870e-01 2.661070541372110854e-01 2.995920480505787076e-01 3.722318791414189199e-01 3.853503967823945775e-01 5.170854586186027779e-01 5.910364271363367505e-01
3.381000000000000000e+03 7.875792709208170317e-01 6.005460179221850936e-01 6.095036102667217293e-01 5.595016864022470671e-01 5.131508771342669917e-01 3.774821257622941184e-01 4.166704844653972839e-01 3.945389814455714794e-01 3.761848772380917416e-01 4.525208397810123739e-01
3.382000000000000000e+03 6.805671686225646111e-01 6.527791392635899914e-01 6.639851428214686990e-01 6.131897621999083947e-01 3.602614414716148183e-01 3.352867823713810980e-01 4.223210170226949223e-01 3.969231678377860839e-01 4.801550437998957643e-01 4.520241258245241700e-01
3.383000000000000000e+03 7.189643491539111642e-01 7.036219666322969246e-01 7.228134039638677288e-01 4.797056877191897550e-01 3.147283923616427392e-01 3.368773190518726812e-01 4.203662667599429303e-01 5.117858349510691074e-01 4.758088488189241017e-01 3.993976522929334472e-01
3.384000000000000000e+03 7.633084527362509197e-01 7.676229180818274767e-01 5.665390861907965148e-01 4.438638521966460360e-01 3.193193189543469535e-01 3.376621919478309253e-01 5.393332395768702936e-01 5.093789186111683520e-01 4.197133290349451817e-01 4.110475806780508612e-01
3.385000000000000000e+03 8.150519131737126166e-01 6.052616656608805767e-01 5.228538884685536292e-01 4.470005708889546736e-01 3.191941442258052208e-01 4.844822906550353969e-01 5.361506665505849645e-01 4.443363382647859128e-01 4.319905003970664903e-01 4.509356235581832295e-01
3.386000000000000000e+03 6.796605378398047348e-01 5.574432977545241696e-01 5.239953841082084507e-01 4.447141065900239720e-01 4.569448640649837468e-01 4.778045913999699468e-01 4.680684243779997256e-01 4.562530351527526173e-01 4.743185165386794022e-01 5.068009809824142176e-01
3.755000000000000000e+03 3.452295659084372303e-01 5.466291272266845525e-01 7.050075564570300601e-01 4.962210717034346019e-01 3.963187841853632043e-01 7.185106906736021815e-01 5.862032500192843054e-01 3.573411140230394190e-01 4.125108193176819649e-01 5.449954558616568745e-01
3.756000000000000000e+03 5.659633944368576142e-01 6.646204073658268374e-01 5.049670494391926834e-01 4.445880368777496705e-01 6.019820947058726057e-01 4.585289306163380374e-01 3.153659726827516829e-01 3.698046130725201053e-01 5.218251341504629437e-01 6.006533332212858900e-01
4.642000000000000000e+03 5.939355997681678989e-01 4.147422147602252140e-01 5.089852953062009577e-01 6.884257256530701419e-01 5.424038633099950157e-01 6.983066291551313087e-01 4.981002732786126153e-01 4.362427176870087298e-01 4.665342972763946716e-01 2.873510868993828238e-01
5.200000000000000000e+03 3.905799464660781317e-01 2.393717786776394241e-01 5.929127170687747972e-01 6.915137245561912005e-01 6.535368690787750623e-01 4.540400870705384451e-01 4.232328527287801401e-01 4.690868421704528779e-01 4.879718830039765920e-01 5.939936586975532729e-01
5.201000000000000000e+03 3.429828244503806411e-01 5.841021212057303513e-01 7.710692621205641473e-01 6.892454980879227922e-01 3.838363504499629486e-01 2.918790849588324687e-01 4.561213703059401881e-01 4.837343287753462784e-01 6.004733874269633231e-01 4.370511306733785295e-01
5.202000000000000000e+03 6.159288867532185519e-01 7.564838948157872611e-01 7.575699928519177284e-01 4.533118993973105360e-01 2.187738881643175315e-01 3.215667993698942961e-01 4.619964065803016662e-01 6.034133911196103428e-01 4.193178281898257698e-01 4.630423816832737183e-01
5.372000000000000000e+03 5.009380901706365075e-01 5.359855511393181171e-01 5.341608008166069954e-01 5.443345463991640099e-01 4.294084591302527176e-01 5.355478006052303286e-01 6.258538810954921150e-01 5.782282921213396376e-01 4.350042690782242039e-01 3.727228004924174609e-01
5.375000000000000000e+03 6.917331295895638998e-01 6.118798102455852428e-01 6.522250226538885975e-01 5.975175930801470692e-01 4.740294695044651729e-01 3.538129400518765788e-01 3.814755989587999552e-01 3.659974127897539509e-01 4.284282234833497460e-01 5.057017767751970094e-01
5.376000000000000000e+03 6.803167976602315647e-01 6.852218568828166712e-01 6.980277481130391370e-01 5.706562570693646252e-01 3.264731435666652914e-01 2.799481039261646487e-01 3.840309867592341386e-01 4.475187389101797919e-01 5.309240033126150227e-01 4.437383560419623230e-01
5.377000000000000000e+03 7.325228672126192775e-01 7.228224156328336703e-01 6.566002951658012066e-01 4.383777647394515031e-01 2.467210033625173715e-01 2.735152878199506032e-01 4.587961299036089624e-01 5.572032447355489415e-01 4.555401037179874213e-01 4.898689419383638333e-01
5.402000000000000000e+03 6.882101551777912718e-01 8.351791966800221623e-01 6.327354440969699123e-01 4.132390203806787232e-01 2.914486818206458718e-01 3.102444814076464330e-01 4.563556175311074825e-01 5.077204659286869148e-01 4.636573690177586693e-01 4.690703194438524681e-01
5.475000000000000000e+03 8.880592502617620232e-01 5.166995167607171258e-01 5.624465850659280397e-01 4.241328639187135763e-01 4.454245212520195896e-01 4.608168395885653412e-01 5.962139592219297679e-01 5.520608235673946096e-01 3.992344453402976723e-01 2.714812521840924142e-01
5.489000000000000000e+03 4.728441534457756834e-01 4.159057025832218341e-02 4.864400767141310311e-01 6.394404898518425417e-01 4.570086082054037879e-01 6.594117747427049592e-01 6.680146017113648416e-01 3.820732728502757580e-01 5.110257720673867521e-01 6.240684751867324742e-01
5.582000000000000000e+03 8.169771089431191458e-01 8.932919217420778324e-01 7.134540743627407755e-01 4.587027628875915419e-01 3.078834588453249754e-01 1.529264444935226064e-01 3.633112629369151247e-01 5.037719167640475337e-01 4.995411921404214750e-01 3.744613030285526833e-01
5.583000000000000000e+03 9.302898891902603440e-01 7.717313026896529538e-01 5.546514098411126081e-01 4.491166011291193860e-01 1.563877630891463977e-01 2.804259141606021410e-01 5.423188846585649259e-01 5.475750852143170810e-01 4.015641102549367680e-01 4.095541206937579060e-01
5.590000000000000000e+03 9.549237652626770823e-01 7.810549468081583457e-01 7.771423801109769158e-01 3.724371497347022109e-01 2.385292179047216465e-01 3.029276076100020920e-01 4.846680574957143439e-01 4.089973038843518482e-01 3.586130179759637882e-01 4.229756365391405537e-01
5.595000000000000000e+03 6.540083466865695971e-01 6.847454112871271814e-01 5.832263961455633750e-01 4.590905665664863355e-01 4.533553861294218335e-01 6.143177592841477797e-01 3.257814370635968571e-01 3.496461105197785080e-01 5.904148633576380423e-01 4.020349843107089982e-01
5.596000000000000000e+03 7.380265025511583143e-01 6.115159854595479949e-01 5.304317291623061870e-01 5.512052108492319080e-01 5.729852808342390524e-01 2.083728476823016873e-01 3.654941672137079767e-01 6.311298602877533082e-01 4.143476335437752400e-01 4.283697340870081249e-01
5.597000000000000000e+03 6.687587547923311559e-01 5.457777775243592977e-01 6.293994849789158463e-01 6.428781974191228876e-01 1.744660910768008055e-01 2.464208569225049272e-01 6.412443337944263577e-01 4.204222905347961836e-01 4.356491088917345267e-01 5.584414926782771404e-01
5.602000000000000000e+03 4.094784823910871951e-01 6.317620890519981547e-01 3.614016739963488156e-01 3.509712662822664919e-01 4.231392149909063982e-01 7.691981194349545303e-01 6.894262454617335889e-01 4.075487629519496391e-01 5.030675135690073629e-01 5.287746762928664523e-01
5.804000000000000000e+03 6.791988375827142654e-01 5.118948953401224466e-01 4.846444831631724903e-01 5.461121816166822907e-01 3.737069890644438286e-01 4.844487731779389961e-01 5.262050510948621529e-01 5.120165954005009290e-01 4.327112163137388778e-01 4.815493942179896458e-01
5.822000000000000000e+03 5.343742447307191501e-01 5.650090829854380603e-01 5.368080555420337019e-01 4.778933278500136494e-01 5.062077132789238876e-01 5.861406682227140452e-01 5.657111213280100470e-01 4.704917471561208542e-01 4.523912541658304254e-01 4.122350993970639310e-01
5.823000000000000000e+03 6.254470614220947189e-01 5.459946287054936453e-01 5.358037603998956344e-01 5.813665106076609801e-01 5.289232331220568017e-01 4.882663198152872863e-01 4.735403411194271106e-01 4.588688661013944903e-01 4.133385213517046797e-01 4.360411417217857633e-01
5.824000000000000000e+03 6.368829035797316518e-01 5.779371056190563127e-01 6.913775521889965470e-01 6.275805251140217367e-01 4.674549429122409894e-01 4.072401449944096918e-01 4.885715022594737666e-01 4.405710131025986076e-01 4.627996947246997284e-01 3.177876396558795835e-01
5.846000000000000000e+03 5.326648250254248929e-01 5.785536197133107628e-01 4.028725983928018173e-01 5.235666801961182948e-01 5.043288786833100001e-01 5.403467326772058987e-01 6.260461711333950019e-01 6.073104878632650250e-01 4.938432268793187530e-01 2.946571648195182025e-01
5.865000000000000000e+03 9.499887780831363093e-01 5.506339656573452368e-01 5.810317432667475579e-01 4.436141781127916350e-01 4.738982680585312468e-01 5.042392132218287415e-01 3.194880946926638710e-01 3.423701309966450390e-01 3.633385625203737757e-01 5.421518074639601892e-01
5.866000000000000000e+03 6.563461240215056058e-01 6.438400195015226979e-01 5.453241383107448881e-01 5.967526142842868309e-01 5.012561800865958928e-01 2.349252982912420074e-01 3.858974045781257134e-01 3.984674013688069838e-01 5.939936804585458363e-01 4.620603534172891824e-01
5.934000000000000000e+03 4.482598026134397839e-01 3.136590287642850861e-01 5.907194244635046720e-01 5.083176795876860332e-01 5.936832031756500427e-01 5.749958779741825010e-01 5.741512666129272580e-01 4.768835710484622403e-01 5.187211362589952968e-01 4.581380225617336932e-01
5.935000000000000000e+03 3.971523429703344710e-01 5.736553153788260806e-01 5.450144715637517123e-01 6.321398170524519244e-01 4.911873616829044997e-01 4.704609955845781011e-01 4.573609114367281347e-01 5.122921844869037233e-01 4.445793870594322850e-01 5.289037128044493663e-01
5.936000000000000000e+03 6.112228275456216275e-01 5.284705149904946886e-01 6.942042196634548024e-01 5.474386253851933892e-01 3.934025178740216955e-01 3.278035073779625996e-01 4.946365350116074810e-01 4.290847854102965431e-01 5.240797264273332479e-01 4.783547910108617573e-01
5.941000000000000000e+03 5.558704823460297595e-01 5.517491383812338501e-01 4.673594701996416911e-01 5.335142299022351819e-01 3.978519478733365533e-01 5.302097047164181509e-01 5.198259978322642416e-01 5.847791626848701796e-01 4.267946174506418444e-01 4.815871410908424965e-01
5.987000000000000000e+03 8.749866783808580850e-01 6.541185201549316597e-01 5.485678984843210815e-01 4.500170966783346160e-01 3.355159523084452200e-01 4.785326897388201273e-01 4.690134017901066432e-01 4.327773659347953772e-01 4.039927170900976527e-01 4.335711951795824803e-01
6.006000000000000000e+03 7.182812524088135753e-01 5.697395848333858259e-01 5.100575567732359428e-01 5.035839202747224297e-01 4.257242506183907538e-01 4.997117621843892854e-01 4.863999916472379059e-01 4.503759417712590030e-01 4.590172401053614903e-01 4.427949307953731872e-01
6.007000000000000000e+03 6.407403916269424071e-01 5.323107537747924223e-01 5.799580879436492253e-01 5.248976197645793818e-01 4.599361248025461424e-01 4.039936071224213276e-01 4.644986832321048031e-01 4.776415050081557756e-01 4.569243725731548800e-01 4.996430800868110755e-01
6.008000000000000000e+03 5.828427009377763479e-01 5.710939373475500958e-01 5.730113553209418287e-01 5.265592220127486289e-01 3.364549495335637519e-01 3.433113154435757375e-01 4.650353928126972902e-01 4.485138225735994522e-01 4.964229328148099807e-01 6.300618474308679051e-01
6.024000000000000000e+03 7.627824640917496568e-01 8.084448216219354277e-01 7.284729554456792489e-01 4.693539542528182840e-01 1.528203448954015276e-01 2.274447165399863802e-01 4.559450102160247376e-01 4.663159322968674636e-01 5.121164588073915391e-01 4.539947364203471558e-01
6.028000000000000000e+03 5.393676791394975689e-01 4.952242484082605145e-01 6.083066772712006909e-01 5.521716281061413989e-01 5.451291200954465621e-01 5.269820393743226417e-01 4.951365320163298445e-01 4.631458259228811714e-01 4.236060598416208078e-01 4.461143626554549546e-01
6.029000000000000000e+03 5.841228138703737915e-01 6.391929510411884507e-01 6.432432382315044217e-01 6.300889433641168047e-01 4.912743905313610160e-01 4.203363241493704439e-01 4.818546384119039017e-01 4.414490163650312549e-01 4.644259716096111879e-01 3.286289847153676669e-01
6.030000000000000000e+03 7.009938707436766947e-01 6.738510526725347560e-01 7.348599574086537300e-01 5.835009670758245504e-01 3.880263969612038344e-01 4.024364296914529349e-01 4.587461562229775969e-01 4.870910893391149354e-01 3.332870808721942191e-01 3.716448269309897690e-01
6.034000000000000000e+03 7.213702999519473469e-01 6.462105635464437947e-01 5.887846155000479031e-01 5.540781548184998684e-01 2.753808034596479937e-01 3.712811453179691301e-01 4.418015855030749672e-01 4.587549488755523486e-01 4.123367873404406025e-01 5.508902237224966303e-01
6.102000000000000000e+03 6.545300872523869273e-01 6.090713602310562358e-01 5.715591341808431425e-01 5.690591985913271422e-01 3.158758680150999809e-01 3.299687611537330811e-01 5.393348741965362514e-01 3.138808437286652597e-01 4.786059297676585889e-01 6.039521184173114454e-01
6.345000000000000000e+03 7.784483080996439375e-01 8.170556626472271766e-01 8.038747214612147474e-01 4.436559917311035939e-01 2.846403328882101125e-01 3.249345527858267801e-01 5.501000277939283034e-01 4.896187493307553318e-01 3.347377704973941159e-01 3.265756573933014661e-01
6.346000000000000000e+03 8.650756423286263264e-01 8.620149951883746553e-01 5.336168170158221979e-01 4.269278322802843029e-01 3.179438129314685613e-01 5.093915744997910000e-01 5.253990119866049913e-01 3.559693984978766768e-01 3.462463389421902571e-01 3.975001175675899057e-01
6.347000000000000000e+03 9.137381123427117391e-01 5.967215295887168258e-01 5.272373430276358075e-01 4.664753279623509719e-01 5.080632526811386107e-01 4.929502703886814441e-01 4.012532872323623656e-01 3.803831576673297743e-01 4.347629135754003116e-01 3.845303647532839486e-01
6.348000000000000000e+03 6.967602556243469580e-01 5.912992805234512650e-01 5.756777580508550818e-01 6.281868759533807411e-01 4.934633729698451043e-01 3.397272874221814454e-01 4.269781573725017210e-01 4.829610358067222831e-01 4.211854777950136408e-01 4.158682027137946546e-01
6.351000000000000000e+03 8.109791978897281650e-01 7.205620612747015707e-01 5.047199724672425392e-01 4.328926106137916396e-01 4.002924029422702534e-01 3.760912802640011821e-01 4.707783670953756827e-01 5.141691815829326773e-01 4.823069463258830569e-01 3.686728770606887418e-01
6.352000000000000000e+03 7.850923325253780227e-01 5.518231361052108319e-01 5.198457263344934409e-01 5.238618600594669994e-01 3.659773146008145073e-01 4.098723628307537892e-01 5.495222167293055682e-01 5.245031226939402824e-01 3.922898447237022079e-01 4.283326061408033181e-01
6.353000000000000000e+03 6.443941700287593166e-01 5.647754467483179219e-01 6.259316835430734915e-01 4.926925951461406106e-01 3.957029644422010994e-01 5.049979286584753702e-01 5.578063511633162275e-01 4.190957175708489024e-01 4.565856846367316035e-01 4.234862143597478146e-01
6.519000000000000000e+03 5.221184936819432965e-01 5.785232118145638980e-01 5.719048920628272414e-01 5.057542440951284801e-01 3.925982363316992130e-01 4.737580303508522328e-01 4.534738042330084262e-01 4.458975369141320866e-01 4.707465094361422131e-01 6.046876795205112787e-01
6.746000000000000000e+03 8.379855459122032002e-01 8.608618883902434682e-01 5.661541796748121858e-01 4.937271202927197011e-01 3.578424291752396735e-01 3.271289497208332286e-01 4.313047059820056539e-01 4.562930256024082531e-01 4.174021895982958363e-01 3.640408833626536667e-01
6.758000000000000000e+03 5.992008836367553881e-01 3.966216951955721659e-01 5.351831018430255327e-01 5.203113846405695853e-01 4.562434754102757672e-01 4.739526745973747235e-01 5.911438438441908305e-01 5.667417022921408254e-01 4.259009488981642666e-01 4.687608325080105387e-01
6.759000000000000000e+03 4.956019774821237012e-01 5.542243662623952405e-01 5.960056044303324585e-01 5.473545150747691768e-01 4.314437780460520511e-01 5.298655061985122483e-01 5.789995694492814371e-01 4.364897377760031949e-01 4.828569171851634367e-01 4.297410072674444081e-01
6.760000000000000000e+03 6.137639975077542331e-01 6.035485416313737250e-01 6.152143418208644299e-01 5.155201049970706828e-01 4.718389459531426300e-01 5.012039006784508866e-01 4.363278543148180200e-01 4.909317024049826284e-01 4.302724099108697353e-01 4.257962778386744640e-01
6.810000000000000000e+03 6.085940588184605149e-01 4.421056509833318771e-01 5.435867284261874932e-01 4.527960816672010891e-01 4.350036471111476954e-01 5.365820710439648256e-01 5.221094101414763822e-01 5.147481267665511284e-01 5.260639766644499282e-01 4.588560212555398143e-01
6.811000000000000000e+03 5.420565295457986377e-01 5.741921483877647781e-01 5.264014271249193300e-01 5.386582992402905168e-01 5.022140505120151754e-01 4.556538878573520024e-01 5.355910803102134077e-01 5.603132475525598455e-01 4.798211846743831166e-01 3.722522318105597749e-01
6.812000000000000000e+03 6.308148456484574673e-01 5.326411115007864128e-01 6.056855728077482626e-01 5.758512385096995478e-01 4.018609008456444642e-01 4.482713291323958127e-01 5.622392757501691873e-01 4.881488623235762936e-01 3.672648736682180282e-01 4.571023486024772264e-01
6.813000000000000000e+03 6.091379160141336957e-01 6.295397222701035744e-01 6.647483753091174563e-01 5.035769357433584892e-01 4.093882253922713210e-01 4.966028332252948041e-01 5.015419201034851948e-01 3.713808200016484040e-01 4.717416051093904494e-01 4.397583504913806229e-01
