1.340000000000000000e+02 4.966892442822308240e-01 4.224133756821970009e-01 5.889774859284648834e-01 4.782910534579372652e-01 4.218948044927134933e-01 4.564213646035990002e-01 5.540371781233784931e-01 5.619521512064084012e-01 5.145419607681392948e-01 5.162072554805220426e-01
1.590000000000000000e+02 7.157896910545500369e-01 7.048473815028929446e-01 6.477659820843023608e-01 4.534184013084318621e-01 2.804699375963249919e-01 3.655839832276932544e-01 4.666438073282700993e-01 5.014057763025269177e-01 4.668495472737648200e-01 4.557886520530401997e-01
1.600000000000000000e+02 7.537247721628640429e-01 6.771943537111619893e-01 5.227499819011377502e-01 4.045907996150187591e-01 3.344521068553767407e-01 3.822330671428177951e-01 5.183798471354729154e-01 4.888089762938976346e-01 4.732340373438350678e-01 4.820297026820702380e-01
1.610000000000000000e+02 7.337385383684370543e-01 5.513847589987902476e-01 4.676161503630630323e-01 4.527626878991882764e-01 3.534814252111241339e-01 4.497172904617395828e-01 5.082699896934484984e-01 4.987354081359083313e-01 5.045885962735143782e-01 4.930348732671382406e-01
1.680000000000000000e+02 6.998426524617342714e-01 6.806960513786417533e-01 6.648815950340178915e-01 3.991229831031925523e-01 3.283548247251457664e-01 4.137044024216636751e-01 4.952198641683172031e-01 4.937962068569763385e-01 4.386959901979671783e-01 4.621163518344116872e-01
1.720000000000000000e+02 6.124746945201090531e-01 5.866105131970370534e-01 5.638517564676437388e-01 5.033139492880617238e-01 3.528179315475075684e-01 4.445877956738919501e-01 5.036704511774641180e-01 4.859250781777367800e-01 4.811997784472036299e-01 5.006531783591897655e-01
1.780000000000000000e+02 5.588924522208178480e-01 4.659753442687338265e-01 4.663053648768634152e-01 4.541138461395651804e-01 3.768155312824438274e-01 4.849507657282349227e-01 5.546959496210709384e-01 5.201924842189901144e-01 5.164630243140209132e-01 5.821366357678455783e-01
2.140000000000000000e+02 6.264979190439375900e-01 6.113336325949489947e-01 4.781175581801609953e-01 4.231886365802320915e-01 2.940205084004490210e-01 3.779318210575250969e-01 5.216997346774188138e-01 5.666782792237899935e-01 5.482354585270573510e-01 5.356166590167057429e-01
2.160000000000000000e+02 5.385080832666880868e-01 4.510876111498933194e-01 4.202131825922761355e-01 4.113886630744122974e-01 3.576510588015855419e-01 4.674710165643461424e-01 5.508321380949767754e-01 5.487863583157445158e-01 5.857921828150388643e-01 6.128401377484438139e-01
5.040000000000000000e+02 7.373314036321733100e-01 6.822968965349340831e-01 6.416606671101110493e-01 3.842510510984584737e-01 3.067185824678330675e-01 3.893783517478181522e-01 4.035077554746275830e-01 4.887436546103519075e-01 5.083321328594158084e-01 5.011520031826295352e-01
5.050000000000000000e+02 7.267883966244517158e-01 6.605870818853816218e-01 4.303560078483031348e-01 4.184467268302252130e-01 3.473277319010702469e-01 2.936225575573648272e-01 4.972265982108062810e-01 5.280697631119291025e-01 5.162644788138758267e-01 5.575618355984607311e-01
5.060000000000000000e+02 7.035505775819630436e-01 4.360218612025150708e-01 4.647507932725656321e-01 4.473148770560193555e-01 2.495792595623371468e-01 4.031713690416908191e-01 5.316163217787043260e-01 5.318102696627411419e-01 5.740232389801920299e-01 5.872685430698306730e-01
6.700000000000000000e+02 5.605761921317763408e-01 4.600271947770854797e-01 4.792840523411652787e-01 4.397258521111609419e-01 3.680964356014573280e-01 4.224952221511967809e-01 5.397865017466084714e-01 5.416552430706226273e-01 5.589852932002420394e-01 5.887615091719723415e-01
6.710000000000000000e+02 5.268342681715387776e-01 4.712004658079446129e-01 4.752915574346212590e-01 4.523571688405186308e-01 3.577749341409809936e-01 4.404026933392805598e-01 5.328249233012303243e-01 5.682738437506187346e-01 5.976445579347751114e-01 5.456589148554688018e-01
6.720000000000000000e+02 5.306490457461586763e-01 4.605785066787983495e-01 4.840118194289248499e-01 4.383612127360734800e-01 3.685397687079346452e-01 4.251673007483352529e-01 5.543713031760270082e-01 6.071623499041191030e-01 5.453632815576557880e-01 5.568930010980971401e-01
6.730000000000000000e+02 5.173681757199617426e-01 4.639375229670691381e-01 4.618967743538658355e-01 4.428374294140158818e-01 3.485784372793322983e-01 4.461237510452093491e-01 5.890182978820637238e-01 5.428442771244026410e-01 5.537793596771283244e-01 5.922660746299163170e-01
6.740000000000000000e+02 5.206709548822227029e-01 4.418497335071469023e-01 4.678848230439915379e-01 4.265982496521893430e-01 3.692043299609265028e-01 4.896974410603902039e-01 5.246345482195668986e-01 5.530133718930985154e-01 5.933446758697862311e-01 5.779957734912533063e-01
6.750000000000000000e+02 5.079369938694264786e-01 4.545285033036219335e-01 4.548769504536138708e-01 4.492682672982696301e-01 4.170549991678701440e-01 4.166306975329739370e-01 5.402538123874620624e-01 6.035362392814315191e-01 5.822262603249546142e-01 5.429861627758472142e-01
6.770000000000000000e+02 5.125012238779879103e-01 4.752415195400412351e-01 5.359654891566909551e-01 4.360648971202447655e-01 3.719573366759276745e-01 5.055962556186499590e-01 5.836464385606159322e-01 5.517248558520673196e-01 5.185595998883620883e-01 5.214730726883747280e-01
6.780000000000000000e+02 5.352771987060437331e-01 5.246886754896782357e-01 4.661851669839147672e-01 4.516167133976269898e-01 4.322461273248231484e-01 4.897347111409675047e-01 5.389836815929425207e-01 5.180873299995343295e-01 5.197815013256968930e-01 5.363994135901376525e-01
6.790000000000000000e+02 5.714825539860626247e-01 4.476614802345655897e-01 4.796907946603141681e-01 4.981370372562157756e-01 4.121137310605825221e-01 4.291927225634991072e-01 5.007806520680375684e-01 5.153019694564374698e-01 5.326149916399675055e-01 5.838871088129428122e-01
6.800000000000000000e+02 5.182054798904861537e-01 4.734402457785501506e-01 5.466314742306392915e-01 4.909061560372219857e-01 3.659236591817549011e-01 3.939386666739187470e-01 5.076865908949633743e-01 5.396008337410851396e-01 5.935543713645056174e-01 5.436666476150352478e-01
6.810000000000000000e+02 5.338389264795762035e-01 5.357172467098095803e-01 5.315210792498973325e-01 4.465729652855560117e-01 3.258614439971229682e-01 3.957288463941145973e-01 5.267715281346507794e-01 6.038419571358666360e-01 5.443413848307847580e-01 5.405983795425880478e-01
6.820000000000000000e+02 5.865496508037504331e-01 5.223262469929726981e-01 4.808397960443561159e-01 4.146140865571106282e-01 3.296604946208396281e-01 4.215575017219308496e-01 5.934493729154873831e-01 5.493498472464636295e-01 5.424886445699120818e-01 5.402963896568389046e-01
6.930000000000000000e+02 5.256760166081940744e-01 4.939752435417713583e-01 3.358909897141014178e-01 3.640036738325695964e-01 3.121708374623139992e-01 4.437477057525308077e-01 6.662181028861327015e-01 6.082752212073238018e-01 5.600597454345966897e-01 6.192511684460789700e-01
8.500000000000000000e+02 5.774330789517774232e-01 5.455502146375885708e-01 5.743876377260630495e-01 4.268008749042566108e-01 4.000553234217498755e-01 4.755651219943253794e-01 5.523955707075831612e-01 5.020338285596556149e-01 4.980582360399659625e-01 4.904942111201963106e-01
8.510000000000000000e+02 6.074970811275263172e-01 5.822809137374571620e-01 4.725189125075299201e-01 4.899032187511735414e-01 4.210155455055381024e-01 4.692634239749831071e-01 5.034358050591787315e-01 5.091463940546435696e-01 4.982073560579612370e-01 4.837723030393063506e-01
8.520000000000000000e+02 6.396874647254997548e-01 4.798140618940147095e-01 5.502357562853807948e-01 5.096687758395482826e-01 4.174989297476085492e-01 4.111848964280437890e-01 5.127326070968528660e-01 5.113978294490673093e-01 4.925871293595310285e-01 4.924067685112230031e-01
8.560000000000000000e+02 6.585108734931446328e-01 5.477590580416834554e-01 5.494700598123224422e-01 4.915346494683171530e-01 3.917896981349017205e-01 4.560554997781688935e-01 5.031872956190233115e-01 4.845440034611971369e-01 5.056096912131761156e-01 4.546781980507813015e-01
8.740000000000000000e+02 6.297952090159876226e-01 5.665700835654979839e-01 5.864271780532238632e-01 5.068319027744219163e-01 3.747482873044666873e-01 4.338137846978278866e-01 4.748733308123776475e-01 4.843619623869597768e-01 5.007989522492124479e-01 4.806409218642949677e-01
8.760000000000000000e+02 6.563830805219195152e-01 5.861530869774590480e-01 5.325203240043364650e-01 4.825620104266495347e-01 3.334455037642439779e-01 3.970511716964925109e-01 5.223887963391397049e-01 5.053255540537430202e-01 4.994192759940359050e-01 4.999527917091490248e-01
8.790000000000000000e+02 6.293806600593848666e-01 5.122270191289196584e-01 5.191752925362195237e-01 4.941459952968902947e-01 3.865820741865659271e-01 4.462304354377339410e-01 5.445378916439661543e-01 4.871898894154346737e-01 4.972568217439364280e-01 5.007605704058197826e-01
8.810000000000000000e+02 5.900875437646109223e-01 5.589419836394885488e-01 5.331656407458459368e-01 4.831114055351930503e-01 4.046784690066298484e-01 3.888963733927054967e-01 5.088317770615610192e-01 5.214545112730833987e-01 5.043997447748508334e-01 5.195901568732694820e-01
8.820000000000000000e+02 6.085826199989484708e-01 5.277248047385567631e-01 5.279427382137207303e-01 4.839805557833607996e-01 3.267139543963704096e-01 4.030864055602272900e-01 5.132380173330679529e-01 5.066788527278243137e-01 5.218839579117602323e-01 5.628561127744207138e-01
8.840000000000000000e+02 5.848088439328467114e-01 5.309502902174288996e-01 4.580739986132739694e-01 4.358466173469103810e-01 3.527179560872750752e-01 3.976670593631236317e-01 5.246676374642705865e-01 5.874882935942473683e-01 5.621247766152071001e-01 5.401665172328591336e-01
8.850000000000000000e+02 5.893857178670818264e-01 4.548590672980376004e-01 4.760248376783102198e-01 4.439055017099277078e-01 3.394369813358701360e-01 4.272803589282499481e-01 5.836789739118192211e-01 5.763530563374099636e-01 5.478392708440069647e-01 5.327459789628884446e-01
8.870000000000000000e+02 5.426108507553321081e-01 4.836883035481123194e-01 4.727198703117899692e-01 4.568606796326041830e-01 4.378311794444120775e-01 4.868877428479076452e-01 5.562641246759553182e-01 5.509794980421877097e-01 5.226331955066069179e-01 5.044784105635722327e-01
8.880000000000000000e+02 5.505373771141502948e-01 4.697443202231059156e-01 5.008567582590209843e-01 5.154185506639953340e-01 4.243276753675018775e-01 4.662130263535498864e-01 5.466043005139501476e-01 5.310153432798089268e-01 5.082214886713285473e-01 5.010519906871284679e-01
1.027000000000000000e+03 5.897681705039717892e-01 4.967460953426005021e-01 4.998542335008371862e-01 4.876850146965951982e-01 3.874886485469741793e-01 4.172064715838438298e-01 6.018892107072690845e-01 5.025100506537620859e-01 4.969017508830348984e-01 5.204287106912377503e-01
1.028000000000000000e+03 5.590678738447582008e-01 4.950757804702171638e-01 5.350176401416167904e-01 4.708714897426476420e-01 3.553245987821381791e-01 5.200526286359420380e-01 4.954611772909350842e-01 4.994576306106277008e-01 5.239962894564015317e-01 5.529765708793243917e-01
1.029000000000000000e+03 5.518601255425803487e-01 5.241555840025481361e-01 5.080556871114932926e-01 4.379769461673058140e-01 4.464551510290606928e-01 3.809962274303005381e-01 4.865469369990930715e-01 5.246596574599011742e-01 5.549150961588078523e-01 5.701380899549731707e-01
1.030000000000000000e+03 5.816759072181633128e-01 5.037483465132084337e-01 4.760219100449191165e-01 5.207070768015211737e-01 3.210083956483633649e-01 3.774003217276266642e-01 5.180269354667205173e-01 5.659777336472378018e-01 5.791206456545174852e-01 5.221520533867474168e-01
1.031000000000000000e+03 5.630915200360240291e-01 4.684371727875621949e-01 5.723206885866632954e-01 4.131977917980291237e-01 3.153572411586935131e-01 4.140598241422607795e-01 5.578928612007232335e-01 5.917826816386956290e-01 5.244260564487974730e-01 5.586596168078876712e-01
1.032000000000000000e+03 5.331805453731637279e-01 5.663987534319044892e-01 4.430657130323225612e-01 4.074233752716812651e-01 3.491010462596546571e-01 4.621635063289733503e-01 5.829391039502460625e-01 5.282313078439836440e-01 5.638999169464874450e-01 5.513803328589367281e-01
1.033000000000000000e+03 6.147013969797664457e-01 4.349122058424186865e-01 4.378170459077341259e-01 4.372026755470101445e-01 3.965946986921928819e-01 4.948973127655647564e-01 5.201041887326891544e-01 5.747306425123960283e-01 5.570486108994311403e-01 5.183714858593401198e-01
1.034000000000000000e+03 5.167014637510513042e-01 4.412013247205316957e-01 4.846631188975564219e-01 4.867735643040707605e-01 4.392077304782895375e-01 4.289730367884738160e-01 5.767356584950947829e-01 5.764338907664381395e-01 5.288670599338026745e-01 5.143498903631604779e-01
1.045000000000000000e+03 5.799491738908861826e-01 5.311019127058339562e-01 5.617521325398611154e-01 5.053072532275155737e-01 4.124906719072162775e-01 3.965603372365917867e-01 5.163034309913935305e-01 5.268711435848683067e-01 5.092700330138388853e-01 4.845298403835934242e-01
1.046000000000000000e+03 5.947675655000494999e-01 5.681501568056884777e-01 5.650218776644012619e-01 4.994846034949307900e-01 3.445705799736981101e-01 4.234149189243358036e-01 5.276542175426771619e-01 5.210874910817230310e-01 4.908330550387683400e-01 4.920541177298685120e-01
1.047000000000000000e+03 6.252707116968253542e-01 5.717325543826312639e-01 5.582870141316256252e-01 4.424292935956534167e-01 3.703964319803300098e-01 4.376964849393237267e-01 5.219778819080438392e-01 5.001620815057825631e-01 4.993063744667430859e-01 5.024019744252320452e-01
1.048000000000000000e+03 6.320067460754134059e-01 5.694321353595783730e-01 4.947707236872397329e-01 4.679581192613511686e-01 3.884998701801062881e-01 4.353512465274502752e-01 5.045963139348148552e-01 5.135962929179799241e-01 5.140263460618100799e-01 4.995762510456104866e-01
1.049000000000000000e+03 6.309896014439058121e-01 5.049794065800999876e-01 5.262296649993447595e-01 4.840756970471732368e-01 3.872817971418000549e-01 4.148696173826973976e-01 5.190467828640048520e-01 5.312968428622301120e-01 5.116444150652678102e-01 4.987654227965844789e-01
1.050000000000000000e+03 5.775182359627155648e-01 5.365859084835640225e-01 5.446300719231048637e-01 4.823648180783405848e-01 3.669220591755935068e-01 4.319356957958732091e-01 5.362649543062663060e-01 5.278916961404135355e-01 5.101539902775152902e-01 5.027988000906390420e-01
1.052000000000000000e+03 6.206788567275655089e-01 5.555796930280266777e-01 5.241860464487988480e-01 4.806570189541669591e-01 4.056319040895038919e-01 4.511576271031382812e-01 5.328252884366687647e-01 5.330059536864472092e-01 5.056785173929611021e-01 4.367974048235871987e-01
1.061000000000000000e+03 6.848119133526755498e-01 5.653686360851978288e-01 5.478351781408975496e-01 4.623238441917713049e-01 4.005975150733953605e-01 3.915910860886044342e-01 4.934034494937664106e-01 4.940172332791278875e-01 4.955644340435801931e-01 4.909766043177554162e-01
1.079000000000000000e+03 5.391791606590724539e-01 5.076428553627293505e-01 5.377993275761826508e-01 4.659210269192866072e-01 3.488431937937143679e-01 4.307381935249134375e-01 5.073656590269370881e-01 5.531918671412110466e-01 5.366974723950401760e-01 5.598767082042253040e-01
1.081000000000000000e+03 5.812623940716924453e-01 4.943099845174676599e-01 4.662650956648078937e-01 4.462794100770241523e-01 3.318172379150099438e-01 4.412250198853744920e-01 5.299440471184816426e-01 5.719656925672131909e-01 5.439733419428598449e-01 5.636479729908769887e-01
1.082000000000000000e+03 5.590380612496029800e-01 4.628583532497925757e-01 4.880238871412753698e-01 4.259418286330578507e-01 3.805509396153355928e-01 4.333674063402392362e-01 5.676245724150383865e-01 5.552326651161912929e-01 5.734932465673080459e-01 5.325343973540850318e-01
1.083000000000000000e+03 5.315461227233360120e-01 4.831366311837707039e-01 4.617155339179022100e-01 4.652345493607141225e-01 3.709789081450766135e-01 4.778646021143452827e-01 5.489499776556964195e-01 5.872476457504915981e-01 5.375608143468143529e-01 5.275721290500275940e-01
1.165000000000000000e+03 7.259910495433308242e-01 5.774866494898408531e-01 5.699282831593320831e-01 4.184773737711708907e-01 3.301579567116045832e-01 4.069361385344519300e-01 5.022621774249359516e-01 4.746800996196646749e-01 5.049035041363033605e-01 5.077652080114857247e-01
1.166000000000000000e+03 6.379523799415102170e-01 5.829449198095433271e-01 4.676672478681318523e-01 4.352639563901961051e-01 3.605910336517461623e-01 4.124266925552046992e-01 4.800443671847816618e-01 5.212152135357999150e-01 5.210230339100250241e-01 5.695365089296585692e-01
1.168000000000000000e+03 5.262640958362313492e-01 4.617105820766069235e-01 4.829047686512892290e-01 4.356649437907104683e-01 3.043980303342207483e-01 4.063007950218110453e-01 5.159445412103114137e-01 5.882534014393496768e-01 6.102782237012975841e-01 6.030065120814031010e-01
1.318000000000000000e+03 6.448126372597315914e-01 5.406474444149770298e-01 5.223218640886178044e-01 3.922947068512911972e-01 3.839605808984974944e-01 4.439888194620196238e-01 5.633793370372220943e-01 5.574002545179012058e-01 5.266292906578035060e-01 4.548052578242955946e-01
1.370000000000000000e+03 6.963813305630854877e-01 6.615778958681128863e-01 5.007678573733829186e-01 5.351603558287996165e-01 2.252708308107082003e-01 3.705813566834489370e-01 3.999489787264772223e-01 4.960594416130857942e-01 5.852178587608302118e-01 5.138603984554633852e-01
1.371000000000000000e+03 7.053674875546108725e-01 5.098506672588946076e-01 6.050691097209146552e-01 3.454364262020144793e-01 3.241948563350398604e-01 2.838021368823868129e-01 5.002345886037407041e-01 6.117121306815940240e-01 5.265237611739250756e-01 5.565507717308075808e-01
1.372000000000000000e+03 5.834087582480842471e-01 6.202342328026995144e-01 3.815795194219674946e-01 4.310801117460604237e-01 2.440552956085688396e-01 4.109622937566908552e-01 6.195166052062958117e-01 5.468022996932945246e-01 5.757565729181217673e-01 5.474818456984181791e-01
1.373000000000000000e+03 6.671166697629375975e-01 3.816380204491580663e-01 4.758266311685688810e-01 3.569600677232107055e-01 3.575842119239554528e-01 5.505693598747596340e-01 5.471911654412467962e-01 5.965475281114782646e-01 5.599476831927588938e-01 4.990868663812869088e-01
1.472000000000000000e+03 8.739977265441315479e-01 4.995250633650510919e-01 4.737459994793617457e-01 5.438815428334178304e-01 3.027141227498459375e-01 2.178823075805911835e-01 3.276204136869051986e-01 5.472503578263211432e-01 5.000137124778150088e-01 6.279273021584396153e-01
1.473000000000000000e+03 5.588185790008326492e-01 4.650945915368115413e-01 5.989456498765943770e-01 3.969839371769126601e-01 1.623083968721530934e-01 1.772323061435367442e-01 5.381501163155790746e-01 5.005247051620069776e-01 6.406590026006228067e-01 7.922466245593124956e-01
1.584000000000000000e+03 6.948898659139245426e-01 6.320301226634499336e-01 2.735319655704543385e-01 2.225821585977923178e-01 2.215070183358158751e-02 2.777095772121863648e-01 6.217786360920990463e-01 6.118330682949645327e-01 8.093861180525770971e-01 6.540116615881350626e-01
1.593000000000000000e+03 6.268366437193269025e-01 5.491479511929845403e-01 4.250888537659213151e-01 4.367600662828037272e-01 3.365577138867504869e-01 3.781000093947505247e-01 6.317142072803769715e-01 6.081893466090765310e-01 4.834878789162053159e-01 5.108620386292812565e-01
1.604000000000000000e+03 6.695781937534774908e-01 5.225317463583656341e-01 4.341862986852432771e-01 3.576477850638147826e-01 2.888201765633311435e-01 4.248155941158293647e-01 5.460331903140883680e-01 5.324359579631300354e-01 5.617860404755870007e-01 6.087090587838208666e-01
1.605000000000000000e+03 5.876382930811616667e-01 4.364876136313983190e-01 3.889044672081418685e-01 3.951736521420167736e-01 3.713960476353150297e-01 4.601220952545202469e-01 5.331682856325831166e-01 5.810631876812611951e-01 6.281249249271045887e-01 5.627573058361815539e-01
1.606000000000000000e+03 5.121624917401839117e-01 3.836685033096802200e-01 4.276639145116755691e-01 4.597170588060691121e-01 3.990990360341261645e-01 4.379121537877768144e-01 5.772655955217076418e-01 6.519204225739351211e-01 5.728938843727268138e-01 5.343841779368088130e-01
1.619000000000000000e+03 7.702446660953725655e-01 6.493285192731838018e-01 5.833702157164594171e-01 4.028246434327987235e-01 1.495389335680136211e-01 4.950896519096951165e-01 5.283564018222665082e-01 5.008073838877905581e-01 4.641088344385067010e-01 4.904408796851646990e-01
1.725000000000000000e+03 5.781477885814934048e-01 4.890733756578021785e-01 5.085767856291679712e-01 4.589739861579906210e-01 3.378668655714757718e-01 4.431880507260940738e-01 5.849454324247023163e-01 5.427537996649436369e-01 5.128612680893877007e-01 5.346010848042150876e-01
1.726000000000000000e+03 5.368367527804210892e-01 4.845485082707520763e-01 4.818888480226695137e-01 4.132297259682958246e-01 3.612203080315766757e-01 4.791989986766512777e-01 5.201531705200502786e-01 5.019264744411283674e-01 5.258352706518740760e-01 6.561772342259584168e-01
1.727000000000000000e+03 5.327094874739223274e-01 4.565558401917644282e-01 4.269570321600439367e-01 4.324443827019212594e-01 3.950097005801528338e-01 3.985029239714997229e-01 4.785124211459270138e-01 5.163198182929856772e-01 6.597339869447125249e-01 6.270347285357437128e-01
1.745000000000000000e+03 6.403057917616772343e-01 5.189491561100050276e-01 5.878090298665035185e-01 4.458467952594759587e-01 1.944067735480085046e-01 2.870503277495443650e-01 5.107297281641597353e-01 6.227434452881784877e-01 5.949503991644052858e-01 5.390387885792931044e-01
1.762000000000000000e+03 7.063435292089186301e-01 4.359187262129941565e-01 4.012738323465287471e-01 4.110315355064053655e-01 4.475208046241403448e-01 4.417326127168514915e-01 5.368106217133111757e-01 5.601675135935924033e-01 5.443196486287905644e-01 5.006598522450613764e-01
1.769000000000000000e+03 5.695339377501571487e-01 5.015400847614134294e-01 4.484040378295628959e-01 3.921772373667331002e-01 3.112268032993439903e-01 3.686823149921208409e-01 5.152610240676492870e-01 5.248852542424222722e-01 6.388065491652629158e-01 6.446693137852335109e-01
1.770000000000000000e+03 5.447867621734920895e-01 4.198909048441006320e-01 3.997772120411383079e-01 3.886039948073775618e-01 2.876219561395972901e-01 3.902117027584437459e-01 4.998791108078637357e-01 6.435424861470966373e-01 6.454412016557290466e-01 6.652097756800996464e-01
1.807000000000000000e+03 6.243856399099845245e-01 5.569228537002067769e-01 5.239041891486616587e-01 4.576448028104982413e-01 3.640511354151067525e-01 2.829005820562308648e-01 4.395681763471492309e-01 4.759964520521985931e-01 6.062116020362903202e-01 6.118891655777863869e-01
1.849000000000000000e+03 5.294222228865602675e-01 4.525401627531666637e-01 5.186389917709720576e-01 4.415584012856374474e-01 3.019864196037280180e-01 5.011913198969858430e-01 5.956677181044165437e-01 5.284051789810155775e-01 5.569507099572420517e-01 5.532125861251604437e-01
1.850000000000000000e+03 5.084850923428471114e-01 4.967508826315549797e-01 4.629558773489217405e-01 3.845468697878746123e-01 4.182566907778573762e-01 4.943444620537914558e-01 5.071783001547013336e-01 5.537821553802225738e-01 5.477007424266109314e-01 6.076220755245729244e-01
1.852000000000000000e+03 4.947859516268364732e-01 3.659671347359436666e-01 5.079329422766232227e-01 4.738731837921209555e-01 3.039009258538101221e-01 4.128337145702571931e-01 5.191295336410757244e-01 6.088806350957142177e-01 6.293261172404335246e-01 6.024457623145091922e-01
1.873000000000000000e+03 5.091957425995456976e-01 5.443363250981284596e-01 5.901062872379330138e-01 4.641698416895915225e-01 3.092665462936898813e-01 3.804941562421030321e-01 4.879903878796548744e-01 6.246542254724964938e-01 5.641112537220903667e-01 5.185123837289088433e-01
1.874000000000000000e+03 5.902626639832033728e-01 5.785869719387020105e-01 4.978458780556502816e-01 3.973448603438573534e-01 3.112166083952119799e-01 3.694229419966926220e-01 6.111241839291393640e-01 5.686456601050352555e-01 5.151954753547499655e-01 5.445078134319831786e-01
1.875000000000000000e+03 6.272981956396667114e-01 4.945470975623637022e-01 4.288971026805437625e-01 4.078949728150833010e-01 3.112440411091744741e-01 5.330646504237607219e-01 5.635639138912406088e-01 5.216243140986646099e-01 5.517160392003516156e-01 5.444935689176050309e-01
1.876000000000000000e+03 5.648654957732200943e-01 4.312012656546966860e-01 4.489520327033515446e-01 4.142029204519416252e-01 4.748410859818201213e-01 4.820202007697607094e-01 5.223729656610102134e-01 5.696775201479014061e-01 5.571972924252468484e-01 5.288149551733837272e-01
1.877000000000000000e+03 5.040686430012196739e-01 4.409479511396104390e-01 4.458633543024750345e-01 5.430511991812077000e-01 4.154993675381055129e-01 4.198510456676450286e-01 5.619621736228779252e-01 5.670428760416075242e-01 5.320782879914817132e-01 5.432377854161979380e-01
1.878000000000000000e+03 5.015477713842689811e-01 4.249400567382882188e-01 5.867583670785765371e-01 4.825729589942700515e-01 3.437826068009024461e-01 4.558012386336248722e-01 5.487378845458118493e-01 5.278916961404135355e-01 5.388910863404099416e-01 5.699608237660220844e-01
1.879000000000000000e+03 4.884866621376330875e-01 5.700289021148349233e-01 5.148130380918068960e-01 4.222601859487504772e-01 3.780637025749463143e-01 4.394659563311533179e-01 5.092312458624435045e-01 5.357005087663980758e-01 5.684363268464263097e-01 5.678198150161946067e-01
2.057000000000000000e+03 4.367765505173268892e-01 7.145995838423359059e-01 5.173616748263272225e-01 4.186253607468810034e-01 3.007441385429822645e-01 4.587648585063739404e-01 5.338819316817389193e-01 5.577405712951636341e-01 5.235629904096967824e-01 5.598386061235994804e-01
2.060000000000000000e+03 5.425878538424125930e-01 4.510274465352470674e-01 5.517781875858919216e-01 4.832903363935217578e-01 4.228228049290999602e-01 4.531310315196905858e-01 5.988204562235438511e-01 5.271807430915174120e-01 5.051305703343299536e-01 4.851517284794525375e-01
2.092000000000000000e+03 6.912285463238002636e-01 5.658234754301273428e-01 5.139556236088359542e-01 3.016087273989543349e-01 2.836482418227226909e-01 3.400825132429188824e-01 4.894895808075269139e-01 4.511834432516316218e-01 4.767319342653819070e-01 7.977370739604733307e-01
2.158000000000000000e+03 5.529513507161604169e-01 3.310518896674831679e-01 4.320910336333005919e-01 4.583770629446488054e-01 3.562121452719018144e-01 3.644005984218344762e-01 5.089961561698596038e-01 6.842571807389418170e-01 6.103360423265342671e-01 6.029460104576495061e-01
2.169000000000000000e+03 6.618326450999609811e-01 5.810455317437099865e-01 5.256518232821033587e-01 4.979009030345687425e-01 3.884750236483831554e-01 4.285531695370148886e-01 4.992554440156019013e-01 5.046895877104701222e-01 4.680775022954442588e-01 4.821318217333926404e-01
2.174000000000000000e+03 6.178581654679176083e-01 5.333055274466337314e-01 5.350591128803108276e-01 4.491393020065785335e-01 3.802974492461691502e-01 2.634836050698540211e-01 4.526480732791216544e-01 5.222607139840084178e-01 6.032029975715581527e-01 5.888411028053671670e-01
2.175000000000000000e+03 5.668205964556201071e-01 5.042718946475195363e-01 4.628985937172809817e-01 4.427904690489822825e-01 1.828626925784463675e-01 3.079343261831780088e-01 4.933186697619595940e-01 5.989842755731731305e-01 5.803829504173807496e-01 7.303438584357215824e-01
2.313000000000000000e+03 6.833482861332451641e-01 5.766997045088525509e-01 5.031208724714726355e-01 3.296237177271373331e-01 3.046575251268231477e-01 4.659571773280355433e-01 5.412237028842735720e-01 6.109949458607754069e-01 5.255831953379357380e-01 4.780036363624896034e-01
2.508000000000000000e+03 6.072989023432140421e-01 4.175525041262851400e-01 3.882197415987918010e-01 4.735161045022966420e-01 3.771757298205176689e-01 4.080550409556406577e-01 5.291040175532516487e-01 5.197664248933978604e-01 5.215397236186393171e-01 6.754663122420414556e-01
2.673000000000000000e+03 8.009147855395941651e-01 7.469307149831251325e-01 3.620626267625495220e-01 4.356790988580887536e-01 2.839828150522475392e-01 2.831237109894929049e-01 4.019592629439598941e-01 5.089650012138863255e-01 6.236380458224725087e-01 5.170175283279112577e-01
2.674000000000000000e+03 7.735040082194591937e-01 3.647018777459657413e-01 4.844206767453396734e-01 3.932029846204116996e-01 2.386968609022982746e-01 2.841673722107603828e-01 5.115581450861925727e-01 6.539547772173643914e-01 5.285188603837719379e-01 6.502704802852905530e-01
2.835000000000000000e+03 9.290707473125422444e-01 6.883965887590963728e-01 4.470831329513471064e-01 4.217512251533853118e-01 1.946761289558732733e-01 2.509433444386917622e-01 5.286851593093635504e-01 5.105582402848973800e-01 5.597775747682306458e-01 4.461530033834037456e-01
2.836000000000000000e+03 7.645507123772579128e-01 4.992985773653049741e-01 5.133828700424984959e-01 3.558740476362558525e-01 2.530351921994423159e-01 4.890064082715696592e-01 5.516458983885349499e-01 6.191221105745507991e-01 4.832114885142302918e-01 4.800612790984702394e-01
2.838000000000000000e+03 5.892480196613255616e-01 3.939273587325717307e-01 4.038150925267826596e-01 5.215436469023657651e-01 4.178760694200392423e-01 5.593026670218852470e-01 4.966142844643464116e-01 4.992393851948985217e-01 5.447301750230362227e-01 5.550728940342662954e-01
2.839000000000000000e+03 4.756861036555327660e-01 3.970228965382811559e-01 5.762425113875546678e-01 4.972092298572639013e-01 4.917189577080353646e-01 3.905749010980847369e-01 4.929044432275956900e-01 5.548951142321213448e-01 5.629561213993268254e-01 5.472947239656364982e-01
2.840000000000000000e+03 4.401247993680965087e-01 5.276504936556944969e-01 5.016695134473062589e-01 5.209496306579950442e-01 2.856200577551640252e-01 3.386013835463899668e-01 5.107485843952457305e-01 5.376789516946638425e-01 5.210990165378093231e-01 7.285602209621369063e-01
3.314000000000000000e+03 6.934337261978621436e-01 6.884213679382376050e-01 4.920232082690744191e-01 3.647615162285117729e-01 2.385482949614944059e-01 2.307459255883489435e-01 3.731591964461975497e-01 5.186409007514880543e-01 5.986386958275178305e-01 7.087940072695897431e-01
3.315000000000000000e+03 7.076866876427998498e-01 4.770913808178885440e-01 3.790371093566204941e-01 3.374380522018544659e-01 1.680389772627201572e-01 2.267770356928239250e-01 5.036513986998736314e-01 6.077124467785279816e-01 7.251332837130802789e-01 6.908271548748540214e-01
3.400000000000000000e+03 3.197087362040103020e-01 4.375232996547711029e-01 4.626865502812398390e-01 5.360241276728567872e-01 3.950795685526209966e-01 4.192672034803309744e-01 5.171659975478137827e-01 6.306785809156348899e-01 6.499091788043261930e-01 5.757310585121357960e-01
3.401000000000000000e+03 4.754587609848860419e-01 4.137630266975737547e-01 5.505148537529628294e-01 4.420887811701397774e-01 3.156173289691444062e-01 3.714150555102609941e-01 5.894375959254321007e-01 6.391333653051526342e-01 5.544535510309708259e-01 5.911183748555982609e-01
3.402000000000000000e+03 4.524393458523314204e-01 4.995570526415793466e-01 4.345954939599520062e-01 3.717316463452790543e-01 2.658093307592064303e-01 4.561624012395349426e-01 5.942812797230591082e-01 5.266425009515574018e-01 5.682453519749622872e-01 7.378935968882552876e-01
3.732000000000000000e+03 7.694313738904511313e-01 6.327050858181142434e-01 6.858946779134938998e-01 3.041821152368309189e-01 2.665223057210741042e-01 5.735477250857095033e-01 3.337155662392102262e-01 3.634849310158067559e-01 5.260880333784614393e-01 5.893641852417889071e-01
3.758000000000000000e+03 5.334744357498067968e-01 4.435798876803658253e-01 6.958131640927315287e-01 4.485223760948029992e-01 8.176315768563784114e-02 1.871656846220254022e-01 4.926473372859277444e-01 6.034311896115113205e-01 6.509111105879958892e-01 7.135134294398325361e-01
3.759000000000000000e+03 4.854822751558063310e-01 6.596661453328130920e-01 4.526006404803518124e-01 1.839251222770679484e-01 1.008063317119818197e-01 3.474241868816861922e-01 5.670995843388858537e-01 6.453760791126792462e-01 7.109019268581193707e-01 7.214561348276825603e-01
4.184000000000000000e+03 5.339731293865366268e-01 9.070542490644688538e-01 7.202398178189781675e-01 2.475723690398159149e-01 3.532542788181707860e-01 1.862587213031894895e-01 3.611284058090412086e-01 5.309906155957399010e-01 5.267451395017724858e-01 6.521566245091443559e-01
4.185000000000000000e+03 8.694517057699908680e-01 6.915499301002951960e-01 2.201527416895091294e-01 4.174634067938085003e-01 1.063074297625767606e-01 1.915635256021909205e-01 4.995195739787402500e-01 5.091151157419855355e-01 6.479960081840158148e-01 6.833984129652288519e-01
4.186000000000000000e+03 7.258489669511135611e-01 2.156250717436812014e-01 4.600086669147523954e-01 2.412448628165085873e-01 1.486648793967928484e-01 4.022795814389599212e-01 5.094304762731525216e-01 6.795456764607591404e-01 7.106221186969929882e-01 7.197525692978433698e-01
4.286000000000000000e+03 4.374778325739903662e-01 6.685186308887630657e-01 8.769593731318356955e-01 4.263561244409900808e-01 5.829604227445015635e-02 7.176609317212619132e-02 1.000000000000000000e+00 5.483754636000297555e-01 4.291131365841190926e-01 4.787373725229961408e-01
4.637000000000000000e+03 7.511664711339378631e-01 7.608376693084397679e-01 5.927020230860924332e-01 5.058240995440330678e-01 2.244125466638784705e-01 3.012777226653723939e-01 3.242943116763967182e-01 4.050973216599286220e-01 6.059571431051269386e-01 5.267569438403126858e-01
4.638000000000000000e+03 7.880245853548306645e-01 6.063260684823875701e-01 5.717044538049961266e-01 3.460463888262480525e-01 2.596378179575788425e-01 1.916589283036491398e-01 4.095686979165052422e-01 6.367955067513763057e-01 5.419669472750333616e-01 5.898002592855489112e-01
5.195000000000000000e+03 8.337231211685277588e-01 6.670612084762332916e-01 7.052554847332416221e-01 4.974161252631231767e-01 1.889967658494238201e-01 7.981090522703546131e-02 2.047229661979309834e-01 4.972212379733277343e-01 6.287658933645264847e-01 6.178214731316510333e-01
5.196000000000000000e+03 7.370497337647523572e-01 7.540563896708629699e-01 5.920830019683944734e-01 3.413516513335604352e-01 7.783053133620763953e-02 7.432525938193106085e-02 5.282620320659464630e-01 6.884290370836260164e-01 6.650855836168890756e-01 4.748086799183766082e-01
5.203000000000000000e+03 7.884063101319810363e-01 7.812009668646408000e-01 5.137022441747192136e-01 3.451253611789869002e-01 2.835666851758877338e-01 3.671855593690522834e-01 6.140872872985081443e-01 4.269769175901259595e-01 4.747922013710530464e-01 4.569531560399454073e-01
5.215000000000000000e+03 6.355267957143992952e-01 5.863469291151287566e-01 3.089676238113592821e-01 3.122782950708233862e-01 2.438444373552643152e-01 4.136710219611480777e-01 5.768717655843484948e-01 6.272855550698209770e-01 6.020458753726573020e-01 6.138575862048595289e-01
5.354000000000000000e+03 8.437401248134126508e-01 5.763474245091796400e-01 5.555734522181821067e-01 3.251614394613258630e-01 2.985760667921619760e-01 3.627533463302818895e-01 4.889242549418867378e-01 5.194151382527530947e-01 4.447450802636032097e-01 5.774895949892440150e-01
5.355000000000000000e+03 6.382829358424061406e-01 5.696809365212855969e-01 3.578845170767031569e-01 4.098904213370161975e-01 3.198993843120480074e-01 3.974431624417399389e-01 5.265539673092599626e-01 4.535926320679808943e-01 5.992892192249383854e-01 6.525892948575319208e-01
5.363000000000000000e+03 6.833589686390727502e-01 7.489709269037874151e-01 4.895174228360122948e-01 3.987525846159509224e-01 2.153547228101285183e-01 3.796649157653727014e-01 4.634315703866356273e-01 6.071500298488278213e-01 4.937299204659608698e-01 5.287765304577479730e-01
5.366000000000000000e+03 4.979697311144987704e-01 3.326774144104980846e-01 4.467438188386290698e-01 3.885870175995056464e-01 4.525210159756446471e-01 3.797775647866920012e-01 5.342924078759925255e-01 6.306994845749581691e-01 6.077136583637869904e-01 6.414657502166045688e-01
5.378000000000000000e+03 7.634250379542983911e-01 6.801867278926688742e-01 4.989225057032203869e-01 3.712162742249219827e-01 2.406861304019088654e-01 3.663724940573919731e-01 5.698943696058634822e-01 4.709678153444076809e-01 5.067014656865215239e-01 5.299754229442769082e-01
5.379000000000000000e+03 7.316878880840018695e-01 5.213397974102726984e-01 4.225347581682715181e-01 3.692493792226739235e-01 3.330823042552059077e-01 5.081180157569836764e-01 4.857682303144163494e-01 5.326808054665498338e-01 5.538520693051296462e-01 5.318927497662899739e-01
5.598000000000000000e+03 5.836457471603005986e-01 6.094782017918639605e-01 7.012486127168434669e-01 2.762549964250831658e-01 1.743539943105329171e-01 5.494375251406705685e-01 3.971321434621016278e-01 4.141943265854651224e-01 5.525711418562679889e-01 7.234502451954017976e-01
5.599000000000000000e+03 6.401775793073866128e-01 6.889261196713956092e-01 2.702411282932298819e-01 2.805272889362442346e-01 4.682601346716643853e-01 2.528514194920432612e-01 3.952486116412275985e-01 5.521514165100441796e-01 7.387399761378884433e-01 6.259422427047033333e-01
5.626000000000000000e+03 4.242199008794105275e-01 3.376898556608617374e-01 5.475012470726162706e-01 5.962584706845751592e-01 3.915817290009496188e-01 4.049327044084679583e-01 5.201970603699760387e-01 6.273929435383401865e-01 6.046711575129881666e-01 5.073514549546884744e-01
5.726000000000000000e+03 5.645698050799182743e-01 3.901822665284858660e-01 4.134347566404785734e-01 3.841677078027980197e-01 3.748765913568696262e-01 4.258748339427983476e-01 5.157749957866835100e-01 5.960257016043268852e-01 5.779828480480907471e-01 6.691859822993119211e-01
5.727000000000000000e+03 4.508378046639314185e-01 3.802865006834313388e-01 3.867380699553288337e-01 4.391650065646954815e-01 3.385678613900446887e-01 3.871607636375844486e-01 5.686850191441213953e-01 5.711219112725754998e-01 6.699010142686364633e-01 6.822886989716898665e-01
5.728000000000000000e+03 4.396420064472049138e-01 3.490173199383269642e-01 4.484340403978527845e-01 4.055247021508918137e-01 2.980141370781126953e-01 4.487021130853228734e-01 5.404122128780969314e-01 6.729279500946819814e-01 6.816127320938554224e-01 6.158341878114195200e-01
5.812000000000000000e+03 5.221653116040203546e-01 5.201914769055989707e-01 5.110661965873313228e-01 2.075349297912174318e-01 2.789834968346176503e-01 3.521697354871982655e-01 6.019572983595503635e-01 6.335007774857344121e-01 5.956721862532049494e-01 6.904498282213374916e-01
5.818000000000000000e+03 4.448608762035424213e-01 3.883444084792187501e-01 3.713566570901741248e-01 4.822173621796839726e-01 3.457708603536650549e-01 5.070726161958096778e-01 5.653185545565531100e-01 5.603969337237050263e-01 6.310550317672108944e-01 6.240115245294498569e-01
5.819000000000000000e+03 4.559109502720538609e-01 3.450176777586553278e-01 5.112095682633749361e-01 4.212723163542818061e-01 4.237335649779027102e-01 4.566596578315995636e-01 5.393691366602100246e-01 6.383267985079230655e-01 6.258114510613469461e-01 5.425170216622567931e-01
5.835000000000000000e+03 7.167208413876697826e-01 6.263785307013478576e-01 6.387461825513424118e-01 2.987486714971904767e-01 1.381278702598439379e-01 5.875840778077839888e-01 3.904437145849408153e-01 6.252847683049318483e-01 5.042316119614494996e-01 5.144017784409727900e-01
5.850000000000000000e+03 6.145627435569863684e-01 5.320617222733727836e-01 5.449203315769314271e-01 4.715569035047093571e-01 2.559129724176087972e-01 0.000000000000000000e+00 6.744853399649783920e-01 5.464996878277201819e-01 6.368189908661886500e-01 5.935804877490651332e-01
5.938000000000000000e+03 7.405620046885533769e-01 6.277468741922208606e-01 5.432135501124389920e-01 3.905660425777141564e-01 3.488391399715876084e-01 3.193815344080659369e-01 5.425615972204760329e-01 4.957440060946194937e-01 5.412039914125240658e-01 4.657040969089795701e-01
5.953000000000000000e+03 8.251354361946874327e-01 7.143054959005981086e-01 4.334025163040938766e-01 3.221377181963019920e-01 4.103797915376991567e-01 4.493032103461456206e-01 4.480155183177045863e-01 4.852396563698148646e-01 4.426722400452414163e-01 5.190902328720580217e-01
5.954000000000000000e+03 7.403045432492135758e-01 4.304764906516282963e-01 3.415641074110769559e-01 4.933265298141526478e-01 3.897007714720858718e-01 3.333716282517885654e-01 4.811825763561262681e-01 4.405746085534359424e-01 5.252726924227505423e-01 7.140984838502015819e-01
6.009000000000000000e+03 6.045613446691857629e-01 5.517151387494888537e-01 5.631216217015321268e-01 4.127286028853388578e-01 2.669048336518337061e-01 3.316934248345984049e-01 4.257124218702501572e-01 4.838331729724547614e-01 6.318716645908567520e-01 6.549728688666597298e-01
6.010000000000000000e+03 5.733185809250701537e-01 5.226985290019198205e-01 4.095388338479397095e-01 3.390433598311259344e-01 2.377983142154087570e-01 2.641543237478491402e-01 4.460630078756005479e-01 6.232118807820103967e-01 6.459281914472116970e-01 7.798497934458861192e-01
6.035000000000000000e+03 6.811996480476665283e-01 5.865179717423362193e-01 6.139110088619336159e-01 3.763092507597201597e-01 3.113423492783572444e-01 3.215528611889692523e-01 4.510822191287064409e-01 4.025974237946505219e-01 5.575406323258801367e-01 6.566913609778582961e-01
6.036000000000000000e+03 6.197478921088693804e-01 5.969717965752642241e-01 3.873788800388581754e-01 3.941514701289036693e-01 2.491939539088483258e-01 3.175921029016366970e-01 3.819038432152610518e-01 5.561919934271593036e-01 6.635345072260065979e-01 7.135217759836050000e-01
6.037000000000000000e+03 6.305591660824105826e-01 3.664933884291857735e-01 4.112698996899418757e-01 3.440918905415570883e-01 2.480646948502519544e-01 2.347419040735192752e-01 5.392398003890103153e-01 6.795413934456259186e-01 7.283013340791105739e-01 6.498270534717655034e-01
6.103000000000000000e+03 6.587905318418775247e-01 5.784952408518695410e-01 6.412307829319032759e-01 4.182702793397856111e-01 2.812578375678665421e-01 4.521964747569171550e-01 3.124686759664393465e-01 4.861898788878383226e-01 6.231265608501265207e-01 5.488879262869639231e-01
6.104000000000000000e+03 6.384592804582875925e-01 6.560972380927153624e-01 4.670448672119524303e-01 3.937327552941696229e-01 4.034156718488561832e-01 1.767169188380177947e-01 4.913708189907237123e-01 6.562189941201911347e-01 5.662626788562011848e-01 5.193328597438882088e-01
6.315000000000000000e+03 5.611309795918384413e-01 5.201081169882983968e-01 5.500683887628702307e-01 4.191204668336970807e-01 3.520036626341137009e-01 4.414596710008036329e-01 4.556500882840638922e-01 5.081503070225693586e-01 5.634676334488968319e-01 6.063824424929679102e-01
6.316000000000000000e+03 5.728949732659982530e-01 5.403460146295148148e-01 4.471025303884291757e-01 4.357397189032026774e-01 3.722064674865679379e-01 3.323949670576673010e-01 4.958885145275390149e-01 5.703343995197773797e-01 6.144335770728269752e-01 5.677977195034382696e-01
6.317000000000000000e+03 5.911926915231522361e-01 4.364060068408120996e-01 4.689518519491698845e-01 4.544785277291720771e-01 2.702903374140205872e-01 3.843715949775736163e-01 5.604545607863684609e-01 6.303292657633109419e-01 5.732980024008259567e-01 5.647206254722383356e-01
6.320000000000000000e+03 5.390141665400804971e-01 3.713345881078989330e-01 4.335976709069785384e-01 4.702023727626513661e-01 4.624236520669034456e-01 4.751110616404076725e-01 5.652329333449912507e-01 5.452301333839784103e-01 5.533872666056448564e-01 5.552097339740558191e-01
6.321000000000000000e+03 4.438945997290039691e-01 4.113981164602320550e-01 4.991694425853986372e-01 5.213001625901707570e-01 3.955411211498783830e-01 4.589159277018433070e-01 5.259611137730169084e-01 5.514926965070967579e-01 5.514654933714806528e-01 6.024617098003784976e-01
6.322000000000000000e+03 4.677518264247355062e-01 4.679803436039989273e-01 5.493269856209243018e-01 4.561201870377002976e-01 3.695286336929353155e-01 3.992382854085659849e-01 5.233293530685091399e-01 5.404294759949050952e-01 5.958694184783563941e-01 5.913211379638061427e-01
6.350000000000000000e+03 6.682919874609168920e-01 7.612465726874160232e-01 6.767887117736633984e-01 4.275493469909139033e-01 3.012699776584398803e-01 4.210870924324664477e-01 4.509189267045267124e-01 4.437380227192467830e-01 4.796479429647464432e-01 4.555533254254192643e-01
6.520000000000000000e+03 6.035323127821794476e-01 5.419025913053612253e-01 5.299585097845358472e-01 4.529084438151159131e-01 3.827823140255494083e-01 3.086794535449987609e-01 4.160488833354093474e-01 4.475434013621202300e-01 5.976813914945201534e-01 6.574088433157475597e-01
6.521000000000000000e+03 5.818901836027583485e-01 5.088499600511325882e-01 4.768941508319796130e-01 4.528744402539048308e-01 2.353061692543232386e-01 2.725362368901320664e-01 4.259088635472516593e-01 6.006731210018488865e-01 6.631140603679509526e-01 6.627631575055128454e-01
6.613000000000000000e+03 7.093315635731523017e-01 4.484667586267127581e-01 4.581168480195127457e-01 3.521902866318594172e-01 2.663259780837454183e-01 4.660498778488789684e-01 5.191754246906877812e-01 5.529848420342693416e-01 5.923858172341884831e-01 5.794802048804466033e-01
6.614000000000000000e+03 5.254448737215374754e-01 4.592547529488930080e-01 3.805603480404888828e-01 3.746747620328420569e-01 4.088859756749043672e-01 4.248978291095907855e-01 5.523801596490371946e-01 6.145178884604803882e-01 5.944257815724215410e-01 6.047504893678189442e-01
6.615000000000000000e+03 5.137356978357295878e-01 3.543308826635821474e-01 3.830920778883992739e-01 4.742307454249068965e-01 3.453013150817592081e-01 4.404856884050188381e-01 5.938723457899141023e-01 5.963533591941092560e-01 6.044208077262230860e-01 6.061994570826974016e-01
6.616000000000000000e+03 4.213897474333446747e-01 3.488727727777455878e-01 4.936565193173933497e-01 4.141387705663583940e-01 3.522874505946784196e-01 4.835474483497435583e-01 5.688531566492360803e-01 6.011460817005322976e-01 6.002211748894907828e-01 6.438609830551058621e-01
6.617000000000000000e+03 4.010521963909021159e-01 4.430509476639316047e-01 4.032514990216442552e-01 4.040799373923535387e-01 3.742861800639856185e-01 4.326862589446304752e-01 5.575776120225930388e-01 5.803894512091112290e-01 6.277700079821164625e-01 6.848287032970687971e-01
6.618000000000000000e+03 4.758931872761566484e-01 3.477105107617242674e-01 3.889299265467843769e-01 4.205525673010238608e-01 3.235451447003882541e-01 4.162621879253135537e-01 5.346416091556638328e-01 6.097988796074746976e-01 6.711789031479951095e-01 6.831710685496357183e-01
6.714000000000000000e+03 6.130222417304352911e-01 4.130790922439405710e-01 4.221837926366027172e-01 4.620804639398496949e-01 4.029056870749858632e-01 4.491941635859045268e-01 5.408022670906701412e-01 5.225360813514448033e-01 5.870522816716835512e-01 5.469843504482896357e-01
6.715000000000000000e+03 4.991906885732323440e-01 4.255272877435463119e-01 5.147489529288785670e-01 4.924563977202583986e-01 3.960324217764177868e-01 4.550819397261184895e-01 5.243205382893091349e-01 6.111296008460320728e-01 5.608432811948894647e-01 5.104657435937455245e-01
6.806000000000000000e+03 5.404496974666920250e-01 4.684831998234194606e-01 5.037381881828435493e-01 5.397540183033088246e-01 3.972957539953069772e-01 3.446284463509998730e-01 5.403903979696381699e-01 5.051962483254559544e-01 5.523393409707593182e-01 5.686380470174754453e-01
6.807000000000000000e+03 5.383187976931551599e-01 5.019872280815660393e-01 5.998796677769976382e-01 4.815031350186014247e-01 2.889140126995377589e-01 4.468257196631286177e-01 5.005519243682627906e-01 5.652138929604729745e-01 5.793738323593697892e-01 4.977856062425827233e-01
6.808000000000000000e+03 5.667139598837894754e-01 6.022754351481541812e-01 5.316417823213082094e-01 3.911881577712114089e-01 3.875405309922204111e-01 3.986765727039308649e-01 5.621969825981560920e-01 5.971055568590137863e-01 5.018572222306602049e-01 4.892525170391034961e-01
6.815000000000000000e+03 7.119853364035753085e-01 5.693350102504179944e-01 5.549085887592013489e-01 5.226332655179179998e-01 3.526790770964548516e-01 2.425511400831802666e-01 4.783373676991640178e-01 4.432674310775774340e-01 5.800325150713734335e-01 5.164409523901795085e-01
6.816000000000000000e+03 6.333918719799718211e-01 5.700359606294504999e-01 5.943607133771915407e-01 4.563409693209612428e-01 2.061490455896893836e-01 3.853635005252443735e-01 4.503610434340664659e-01 6.093041921789276172e-01 5.324477378324555810e-01 5.438099085253405018e-01
