1.476000000000000000e+03 4.054934746080342545e-01 1.679590031908202719e-01 1.467207536777341281e-01 3.721492805397651482e-01 2.178152837837777911e-01 4.760794026453103456e-01 7.774847822772974482e-01 6.533064251067417505e-01 7.443459457325177775e-01 7.921295304297144568e-01
2.093000000000000000e+03 5.748511635594867331e-01 4.599887242923966779e-01 2.658248467868543075e-01 3.432663729717613799e-01 2.340908595103023404e-01 3.306881653496638873e-01 4.032556077586921806e-01 4.364064584939811864e-01 7.946008242157913681e-01 9.171260629676615261e-01
2.094000000000000000e+03 4.639304225923262526e-01 1.753991384075130888e-01 2.863231203861114627e-01 2.773403399267020397e-01 1.962071893041057724e-01 1.939331210504221525e-01 3.638933934886243726e-01 7.738512981598052454e-01 9.040891006838723820e-01 1.000000000000000000e+00
2.095000000000000000e+03 2.373139388854259846e-01 2.027027312942773496e-01 2.142722421935319699e-01 2.507248277890073984e-01 7.250392602130470432e-02 1.517910062596117826e-01 7.085767360206758347e-01 9.037747931512360999e-01 1.000000000000000000e+00 8.772627370325223328e-01
3.760000000000000000e+03 6.347226632609314079e-01 3.768312082966569498e-01 1.068810420798388949e-01 1.735993110797862671e-01 2.216452600429013597e-01 4.060050598590371207e-01 5.822558214861275339e-01 6.867727569650189379e-01 6.959385153201815832e-01 8.734782387841186768e-01
3.761000000000000000e+03 4.132413361812169450e-01 3.284608485854071530e-02 1.051051857298696546e-01 2.838206519821221407e-01 2.879178594435094496e-01 4.359257730966156763e-01 6.330439688880548088e-01 6.787945364437709683e-01 8.713961115738502183e-01 9.259021986250968173e-01
3.762000000000000000e+03 1.074988865239605573e-01 0.000000000000000000e+00 2.054597152451348163e-01 3.136505573726451890e-01 2.855711367794495081e-01 4.661009302923356801e-01 5.986846552598517057e-01 8.521906362768080223e-01 9.057626609353672809e-01 9.371893779976567807e-01
4.165000000000000000e+03 4.217521609332710031e-01 2.841864219432957972e-01 0.000000000000000000e+00 0.000000000000000000e+00 1.196883228762337381e-01 5.508711516503344008e-01 6.600468804758314878e-01 8.730921301854014382e-01 9.869020847153443521e-01 8.103021195009224575e-01
5.437000000000000000e+03 0.000000000000000000e+00 5.595347008399907673e-02 1.657856842687527310e-01 2.869545498296355301e-01 3.185985201387536159e-01 6.577148552659677350e-01 5.942437618186398041e-01 7.488598026106568772e-01 9.920594882229699651e-01 8.968265485939365123e-01
5.518000000000000000e+03 1.237874137959222437e-01 7.472820379781527217e-03 3.181633637243847512e-01 3.108990013173809630e-01 4.550032850182513244e-01 3.335908188904356808e-01 5.853346559527575765e-01 8.735276868142675122e-01 8.747731720341198614e-01 8.408501532023441305e-01
5.519000000000000000e+03 8.431266102087581205e-02 2.151762578992997277e-01 2.344664124974512875e-01 4.509556807356691621e-01 1.854471136381821150e-01 4.040699312535685483e-01 7.917164168947598002e-01 8.533623849249498683e-01 8.098981704419906391e-01 7.312689670018076571e-01
