1.524000000000000000e+03 3.112475673672702170e-01 3.350427947227460068e-01 3.813998490017003751e-01 3.391596505848943344e-01 8.051671983344081962e-01 6.936262815710354523e-01 5.600567643587721633e-01 5.893797486152143605e-01 5.983338719860858967e-01 5.045908929929933118e-01
2.906000000000000000e+03 4.761912018326324714e-01 5.596022072498975097e-01 5.737444716551278745e-01 6.395628475734038698e-01 4.260304214460944872e-01 3.593037468042345473e-01 3.692114648227644569e-01 3.901724214865299190e-01 5.449231917018655391e-01 4.721200392833855286e-01
2.908000000000000000e+03 3.774722096122467008e-01 5.121327265510559057e-01 3.510287611596810131e-01 3.528237488580445169e-01 4.023275263138377800e-01 3.898560509128747853e-01 5.570589666264128548e-01 4.083396006087441354e-01 7.324640387464695923e-01 7.426165054181185221e-01
3.605000000000000000e+03 4.725756720608674244e-01 4.901282055102778035e-01 5.301906388501350653e-01 4.319284609622680016e-01 3.899352482249307528e-01 2.292377922644505961e-01 5.116212766456275096e-01 5.963951137047700524e-01 4.887705991823458884e-01 6.466558183301983620e-01
3.672000000000000000e+03 1.653784347906926133e-01 3.908687179691892055e-01 6.467916019234518643e-01 4.791663913697070121e-01 5.996347750385323527e-01 5.135798428017541717e-01 3.328347708797878557e-01 2.039335601544479681e-01 6.093165009762534501e-01 8.850564026339112766e-01
3.673000000000000000e+03 2.077621932080100098e-01 5.017099765678568746e-01 3.947243184748898126e-01 4.109672802858377327e-01 4.760334408226996605e-01 2.071771987940845827e-01 1.213017667086188772e-01 5.203810028625638351e-01 8.439480194450452721e-01 1.000000000000000000e+00
3.933000000000000000e+03 6.385935490497013367e-01 6.140848369785320005e-01 6.850679773491290536e-01 6.209246748715632203e-01 3.545409958234936321e-01 3.012769960735377506e-01 3.870631180763594026e-01 3.209835344966660009e-01 4.659132366959691240e-01 3.733414882801798784e-01
4.419000000000000000e+03 2.288524926110353519e-01 2.961753389719495311e-01 5.577743005476771820e-01 4.246678267348212299e-01 7.495935099599428941e-01 5.739165333693397875e-01 6.251503446159074606e-01 4.553293792449149002e-01 5.613297900406772900e-01 5.692537807017234996e-01
5.040000000000000000e+03 3.018407261390285146e-01 3.949606103172869642e-01 4.920079500170252973e-01 7.590563479621528220e-01 4.271590803488735655e-01 5.224067238831421323e-01 5.394614524234780939e-01 3.359094793453933914e-01 6.361747836487771091e-01 5.031078113960859577e-01
5.319000000000000000e+03 5.259069743947444309e-01 5.740240908546223597e-01 6.819883438044125334e-01 6.237859787581260251e-01 2.543289646368408485e-01 1.923608774119760223e-01 4.767522485257630893e-01 4.143879127088467840e-01 4.999855809069634893e-01 4.724999485114798614e-01
5.562000000000000000e+03 7.930276113963987683e-01 6.709826286214839453e-01 5.046746612979110536e-01 3.035327827914486298e-01 2.757852415742321206e-01 2.690782134665632985e-01 2.404317175163303011e-01 6.320851701994237848e-01 5.289172715718957196e-01 4.945178089477152428e-01
5.563000000000000000e+03 6.085472498832102950e-01 4.586050570151208872e-01 3.399478854748572698e-01 2.959317131150853708e-01 3.854438934986835208e-01 2.565480227020215942e-01 7.266593422418223813e-01 5.553872699151767289e-01 5.091247673597544265e-01 7.005387769927333697e-01
5.564000000000000000e+03 3.755640043471201173e-01 2.827054044592763327e-01 3.251066344101236627e-01 3.637738605952017812e-01 3.591519276419665174e-01 8.003331256394047299e-01 6.307461611903506515e-01 5.223587300013123880e-01 7.364107027741929601e-01 6.093638315213264489e-01
5.565000000000000000e+03 1.569267176544665576e-01 2.361785212000170608e-01 3.532067041010682473e-01 3.096709084029585224e-01 8.662869241745853044e-01 6.402771358920030798e-01 5.507142454444811097e-01 7.395619290951865876e-01 5.962457424042653109e-01 6.747509806761846640e-01
6.284000000000000000e+03 5.624793559386275232e-01 5.797149475518912354e-01 6.009388392453439698e-01 6.017866060267451633e-01 4.918266088355256471e-01 3.088060353915970668e-01 3.214045575932111820e-01 3.760664336300715838e-01 3.766103794524741089e-01 5.646917625409295649e-01
6.285000000000000000e+03 5.120513958568020385e-01 5.563198427389670631e-01 6.000982625178917784e-01 4.479906305062062999e-01 4.260011842351987266e-01 3.490325595378034884e-01 4.450671942091628530e-01 3.823425652159618826e-01 5.895514636191955260e-01 4.985744892707345555e-01
6.296000000000000000e+03 6.049184387340020841e-01 6.436195861936405693e-01 5.796244277070611295e-01 6.017777585424797238e-01 5.475518963609425915e-01 3.325501341025710045e-01 3.254203719497640868e-01 2.608993375964451245e-01 4.619926988691527292e-01 4.516904720848851085e-01
6.297000000000000000e+03 5.905204229685113715e-01 5.450282819766257836e-01 6.103198946030141681e-01 4.988953726832642821e-01 4.668440155425853666e-01 3.696095103339098187e-01 3.324539725598589790e-01 4.920707660882648882e-01 4.710229301477105723e-01 4.484789996498529940e-01
