3.380000000000000000e+02 4.253099605769639635e-01 3.779983114424337876e-01 5.083038836701492258e-01 6.441360639270374833e-01 8.232699488177956937e-01 7.897491414882575889e-01 6.473229521119223673e-01 7.260645298690560079e-01 7.153244386154586909e-01 1.693978561528152738e-01
3.390000000000000000e+02 3.627691752963185801e-01 4.834920470690592942e-01 6.168757573043126552e-01 8.000747355401651717e-01 7.874332470351078639e-01 6.522892156446434830e-01 7.456140657476891809e-01 7.799699015874400621e-01 3.744700656831744245e-01 2.911580119793019117e-01
1.961000000000000000e+03 2.856649816746049120e-01 3.430345215111816337e-01 5.900310637996816210e-01 7.253840618704033849e-01 8.090840206604335005e-01 8.761456117844367286e-01 6.232831832866524424e-01 6.685202807069170472e-01 6.272695802759972183e-01 3.406375944321340388e-01
1.962000000000000000e+03 3.232971349265969518e-01 5.511495400189239113e-01 6.853255359915070288e-01 7.785609462824610860e-01 8.709886834420318413e-01 6.180008690994871490e-01 6.764895175836028729e-01 6.771775666346104838e-01 5.115567313790365667e-01 1.933555805490801138e-01
1.963000000000000000e+03 5.345966491406185517e-01 6.500084997271079468e-01 7.487155515925558724e-01 8.542321583750521752e-01 6.132411838026773365e-01 6.921784314449899167e-01 6.987546853632359278e-01 5.617123154599596990e-01 3.995828550584955563e-01 1.167584734092533133e-01
1.964000000000000000e+03 6.181313605630178731e-01 6.956575155636359753e-01 8.060100244536542169e-01 5.880769294625644017e-01 6.775670814723065982e-01 7.037868462343777054e-01 5.612240419081498954e-01 4.278132662773942441e-01 3.261262828222551979e-01 4.668438599344569284e-01
1.965000000000000000e+03 6.679454936789331887e-01 7.539043239762892590e-01 5.656851014550735579e-01 6.584855774961853037e-01 6.975083978542435670e-01 5.564807027054031741e-01 4.218888463169094827e-01 3.528475128136971950e-01 6.226557947856452557e-01 5.017897193071756412e-01
1.966000000000000000e+03 7.396950506331279040e-01 5.526040134376785096e-01 6.492499844706799417e-01 6.975234349908818743e-01 5.614074259175839687e-01 4.183331021902380598e-01 3.565998946483727172e-01 6.942941843736780694e-01 6.658011353203684424e-01 4.030765191084366705e-01
1.967000000000000000e+03 5.418976915289970275e-01 6.235201601029959351e-01 6.802092204609870851e-01 5.584296061916746989e-01 4.092799823238660317e-01 3.394349378292960684e-01 7.237269792891424247e-01 7.372143262096529925e-01 5.794236155030324520e-01 5.303609098320150039e-01
2.650000000000000000e+03 3.351447497780163376e-01 4.183891155116567506e-01 4.847331532466409576e-01 5.916405079064948058e-01 9.657523118450908051e-01 1.000000000000000000e+00 6.463236000517231794e-01 6.082670273123076399e-01 5.996830906044441356e-01 2.522382329260534628e-01
2.651000000000000000e+03 3.939910337419076369e-01 4.543133749855697845e-01 5.593766583582296947e-01 9.298955138165814205e-01 1.000000000000000000e+00 6.420945015580601378e-01 6.093741648882584627e-01 6.454046717833629154e-01 4.367391446267220312e-01 2.641696710846960228e-01
2.652000000000000000e+03 4.211243448762192476e-01 5.142261000687533556e-01 8.649091271978487372e-01 9.540647947288530828e-01 6.123631547648521467e-01 5.918431100183949578e-01 6.419349371168382445e-01 4.593060112252763116e-01 4.402089578563940231e-01 4.035573826129669750e-01
2.653000000000000000e+03 4.808409326151720786e-01 7.930713683183344687e-01 8.901682631202416651e-01 5.782125468824440562e-01 5.622972460946527029e-01 6.312523090506173551e-01 4.422028124114425474e-01 4.654285915507096472e-01 5.581588512750789155e-01 4.105071683399755811e-01
2.654000000000000000e+03 7.447994888289779514e-01 8.128505702453862058e-01 5.379279651542525631e-01 5.257302849983501725e-01 6.003018318012719456e-01 4.036700985973320499e-01 4.458401073797005343e-01 5.921488037046450659e-01 5.613751450266216692e-01 5.065916200501040523e-01
2.813000000000000000e+03 2.442942192155542480e-01 3.276524835959589987e-01 5.189256884348684151e-01 6.474794343222944892e-01 8.549986813391556861e-01 7.017103313873097603e-01 9.060629661758220488e-01 8.151778274370115041e-01 6.580240662673325636e-01 1.734278823813217574e-01
2.814000000000000000e+03 2.947001122353289926e-01 4.721206484771310885e-01 5.966227934023621282e-01 8.056601357719116452e-01 6.685691694912671013e-01 9.182843039962618192e-01 8.206677979095299280e-01 6.970076018614104196e-01 3.601611121748786726e-01 2.870844598203384224e-01
2.815000000000000000e+03 4.325603080636151732e-01 5.420136965617816660e-01 7.430003501631765594e-01 6.231588268941801179e-01 8.968429241705613286e-01 8.221037529779405828e-01 6.919604378836660130e-01 3.698171089547629964e-01 4.542716383801627122e-01 3.472912122539346669e-01
2.816000000000000000e+03 5.054593824523051504e-01 6.807144141893967104e-01 5.806748668383796552e-01 8.537770875229370171e-01 8.030626048938780404e-01 6.850227959777575037e-01 3.428673891969923337e-01 4.789556664900720406e-01 5.096418970841041229e-01 4.430997993770890986e-01
2.817000000000000000e+03 6.460581411919213979e-01 5.420386276625699384e-01 8.038687521581308060e-01 7.718978413829754581e-01 6.681376061139531197e-01 3.023384271574261484e-01 4.696686383307438484e-01 5.473282899875258067e-01 5.962089351101046431e-01 4.483816864045496731e-01
2.818000000000000000e+03 5.359153328334569366e-01 7.680825786575502523e-01 7.542509412903013466e-01 6.681448825315109419e-01 2.915847347876222573e-01 4.715357157418499923e-01 5.680320159923486489e-01 6.647056037026528585e-01 6.208719572964235267e-01 3.829923933410698811e-01
2.819000000000000000e+03 7.544098866098717382e-01 7.247499157139617454e-01 6.595019835644277961e-01 3.010571436617958674e-01 4.727837068639613727e-01 5.840950599293857071e-01 6.976206502374084906e-01 6.934029073288231482e-01 5.677866662892316896e-01 2.424521016304627130e-01
3.061000000000000000e+03 4.072979446663798075e-01 4.248166838041947391e-01 5.654787194577169940e-01 7.999711955230675020e-01 7.290652234588229641e-01 7.865437031226425457e-01 4.684302615529208347e-01 5.690999624213803898e-01 7.119544834935702671e-01 3.901711841651837598e-01
3.062000000000000000e+03 3.919963673905640933e-01 5.187939637386976832e-01 7.432489935209195542e-01 6.881564872961335455e-01 7.637967490788855063e-01 4.325916935489613757e-01 5.580426884605635962e-01 7.605708184820269002e-01 5.440937316544656177e-01 4.276691298634910376e-01
3.063000000000000000e+03 4.726102685593049912e-01 6.696795198229917867e-01 6.286529862869105756e-01 7.104103595439689167e-01 3.782492007187992500e-01 5.220404039531278961e-01 7.560362427298500387e-01 5.671670672331049490e-01 5.669182772554779426e-01 5.030508999888881894e-01
3.289000000000000000e+03 6.028630348894501445e-01 4.999906577072968927e-01 6.358251432644465018e-01 7.732767131621199885e-01 5.611203034019897062e-01 6.108089557069882325e-01 6.471979519625666866e-01 5.606892000763071815e-01 5.185403268890143025e-01 4.120738644847035115e-01
4.144000000000000000e+03 3.027929735516266541e-01 3.368402355027874662e-01 4.075070277250500417e-01 5.558479899255712731e-01 9.131611511980057827e-01 9.012330850257467274e-01 6.363809536415940826e-01 6.614895356326584430e-01 7.036970769087675937e-01 4.444803669152948555e-01
4.145000000000000000e+03 3.121692889256874048e-01 3.805150846642494922e-01 5.217640970313748294e-01 8.736557662687981507e-01 8.906762507982975974e-01 6.263706121268284299e-01 6.631820797476002394e-01 7.559045094582562685e-01 5.931783365682083975e-01 2.653562531702342575e-01
4.146000000000000000e+03 3.507441261344882988e-01 4.804646044400759375e-01 8.129923700805726794e-01 8.475347943962937558e-01 5.960586961271254758e-01 6.525200079855983937e-01 7.622833433750761944e-01 6.313049791106315478e-01 4.414083196631350403e-01 3.085607617350819010e-01
4.147000000000000000e+03 4.365596525000440264e-01 7.333266433778251603e-01 7.771537484917532268e-01 5.473775374717995135e-01 6.111380500310285013e-01 7.517654940248222895e-01 6.163201794596733230e-01 4.551047003008059089e-01 4.685678610849337011e-01 4.504725826104626352e-01
4.148000000000000000e+03 7.118083486726457521e-01 7.358744585447815068e-01 5.366335406632638527e-01 6.029529704193338224e-01 7.580397893269963383e-01 6.275475601266288228e-01 4.596195929951932269e-01 5.168725743444220200e-01 6.158735612176551300e-01 2.201110287842402147e-01
4.149000000000000000e+03 7.362282936019499680e-01 5.404250484077560701e-01 6.132563195767561925e-01 7.738877594330736409e-01 6.539426662757922282e-01 4.768762215181312492e-01 5.497319614876220450e-01 7.002283184399884508e-01 4.430527123512360554e-01 3.179992526260171926e-01
4.150000000000000000e+03 5.651657146419031275e-01 6.274869583659213879e-01 7.920531753411338416e-01 6.925358023735895818e-01 5.150799573190485425e-01 5.983040045624922199e-01 7.677423516623710364e-01 5.259016074051886536e-01 5.395063987894271884e-01 1.802017871136830929e-01
4.151000000000000000e+03 6.154741526278307839e-01 7.548067646543018538e-01 6.775852233758778986e-01 5.151891774608347019e-01 6.020546777447286502e-01 8.040351831549854555e-01 5.421298285771670722e-01 5.999206297107610997e-01 3.953177196533048110e-01 3.151593903792864748e-01
4.152000000000000000e+03 7.122134459054292321e-01 6.247819235324155729e-01 4.839670577418251352e-01 5.694841676433880506e-01 7.879090684979752623e-01 5.205166529115089480e-01 5.962077523664620626e-01 4.171779229841165448e-01 4.856550905919015393e-01 6.196883553013807777e-01
4.394000000000000000e+03 6.076124085471973357e-01 5.467332030055176428e-01 5.840869099318398705e-01 7.012049803780250334e-01 9.502954811120636336e-01 6.718026804334421564e-01 5.813430353096150638e-01 3.496910050760814181e-01 5.076619440240723868e-01 3.905902372019019464e-01
4.395000000000000000e+03 5.294271439381080802e-01 5.573125484704039012e-01 6.756961824661802396e-01 9.306899798675590807e-01 6.689948859421616101e-01 5.840875482904556160e-01 3.412269725733257375e-01 5.565171545775559059e-01 5.629359087508786219e-01 4.483514860882371056e-01
4.396000000000000000e+03 5.219217373982572017e-01 6.217627575938974305e-01 8.682808893611591028e-01 6.333706508998631080e-01 5.539026437633166600e-01 2.935269276093276924e-01 5.477029287899367604e-01 6.000493442074267270e-01 5.952452676764220518e-01 5.346545014232509940e-01
4.599000000000000000e+03 4.993980230573916712e-01 3.454938583637118255e-01 5.433962168235753065e-01 6.961536027015990946e-01 6.506989962319390530e-01 7.626691138338621556e-01 8.736778979467738626e-01 6.427077908438271203e-01 4.820162397244318053e-01 3.580793392107339823e-01
4.600000000000000000e+03 3.217843746948140793e-01 5.048487433382288225e-01 6.536072550249012458e-01 6.187696316126409801e-01 7.459796822767369440e-01 8.944155526675005019e-01 6.442117723480176306e-01 5.137519190791526302e-01 5.225671435693316491e-01 4.744539423087006935e-01
4.601000000000000000e+03 4.511111169959717837e-01 5.800864579544159350e-01 5.548496727519515170e-01 6.827625430942680929e-01 8.551088566806192004e-01 6.088255155121066187e-01 4.793916803677092386e-01 5.355613647517628584e-01 5.984108943177223194e-01 5.051601672330437998e-01
4.602000000000000000e+03 5.435581021909079436e-01 5.122920624598931161e-01 6.379250030823234718e-01 8.150834513389548786e-01 5.798391621498801829e-01 4.484230948219322110e-01 5.247548853965597893e-01 6.388489990119226025e-01 6.423135111036766265e-01 4.476079387983257218e-01
4.603000000000000000e+03 4.841554894821572530e-01 5.931967122254917513e-01 7.672010238728851350e-01 5.528280210450641219e-01 4.172271655628289611e-01 5.058719426202943348e-01 6.428973165818376856e-01 6.924867665277112394e-01 5.994021603572977641e-01 4.976846883656270704e-01
4.862000000000000000e+03 4.269623762449274995e-01 4.029055305412772570e-01 5.033743108095503072e-01 6.591617957871138689e-01 7.790927965730810589e-01 6.692286099923733245e-01 6.594158057149334118e-01 6.399762469988496960e-01 7.176783296668154399e-01 3.607243195999824126e-01
4.968000000000000000e+03 4.388509969562495727e-01 5.633392632147987689e-01 6.867736680485084788e-01 5.468506554483982818e-01 4.684356802089381100e-01 5.091058178115726029e-01 6.255607889733966198e-01 7.448534276308920177e-01 6.726551678327401529e-01 4.876697246350767956e-01
5.349000000000000000e+03 4.177434689840531790e-01 4.808524466441420064e-01 6.064582195197898429e-01 5.769318143846074998e-01 6.653346512969905424e-01 7.611681454990774087e-01 6.230955604212580212e-01 6.653388312924999326e-01 5.368960380297335133e-01 5.036482757159876922e-01
5.579000000000000000e+03 4.513336690991658351e-01 4.516515745417623573e-01 5.433914408129870699e-01 6.145913440202178668e-01 7.918438528543526589e-01 7.320664195168244959e-01 6.318058924235798735e-01 6.437932048459649170e-01 5.221390164893670027e-01 4.738658594796089085e-01
5.717000000000000000e+03 3.688975830593744787e-01 4.622857596937182678e-01 5.341151005125062134e-01 6.528766573537259088e-01 7.418762750241040260e-01 8.440679565684936492e-01 6.107418859898124941e-01 6.058033549645813753e-01 5.878256156277859024e-01 4.552483047750540135e-01
5.718000000000000000e+03 4.238487959531682669e-01 4.862439526825975689e-01 6.020681574070546604e-01 6.956374396102127378e-01 8.193779483637844141e-01 5.874694327793494875e-01 5.936379623194574240e-01 6.203417643073714238e-01 5.945575864694355728e-01 4.242531278328809385e-01
5.719000000000000000e+03 4.465177721952943157e-01 5.474077312775875725e-01 6.414529493114621284e-01 7.710302175657476331e-01 5.481020796521289817e-01 5.679863183314888264e-01 6.091660522140452949e-01 6.274859253323723518e-01 5.685929102368350030e-01 4.888743442158860475e-01
5.915000000000000000e+03 4.452673962943404229e-01 5.637535424778402637e-01 6.034899134725368874e-01 6.762702179096087285e-01 7.295665672241096189e-01 7.899237193309622818e-01 5.341553096214403107e-01 5.850142879115818317e-01 5.490709567037909133e-01 3.806034749898646874e-01
5.916000000000000000e+03 5.295144273168997939e-01 5.579443902901672914e-01 6.337355794297874212e-01 6.943573017844341111e-01 7.732268919793280348e-01 5.117780193575948156e-01 5.801940557526368281e-01 5.862175722735202266e-01 5.402098248805560221e-01 4.252427679411519557e-01
5.917000000000000000e+03 5.273527297608302522e-01 5.888636332650496463e-01 6.544688029008933761e-01 7.412936161988704642e-01 4.835530331990481878e-01 5.675131428676204459e-01 5.851115232731812776e-01 5.798026316797596502e-01 5.803445750234043077e-01 4.869136148391925434e-01
6.304000000000000000e+03 3.654235062804405687e-01 4.625483829913404343e-01 5.643085772624577556e-01 6.667008806262122445e-01 6.526722974302029412e-01 6.872300315176660401e-01 7.352629512061297223e-01 7.390392550526617699e-01 7.041435972299511237e-01 2.231652222229180693e-01
6.305000000000000000e+03 4.389259540063245590e-01 5.291036900125285491e-01 6.321833969770414008e-01 6.270594736135184366e-01 6.727606157976767642e-01 7.451975000333856958e-01 7.544612396177138303e-01 7.628208897614744410e-01 4.149100390315534348e-01 2.719227640075086994e-01
6.306000000000000000e+03 5.149834118228697744e-01 6.034604497257129996e-01 6.095937364365354716e-01 6.620550991691236398e-01 7.498111658145738545e-01 7.816876652168885942e-01 7.936454493889837369e-01 4.568748638543859708e-01 4.663285852661537279e-01 2.327080588264892336e-01
6.307000000000000000e+03 5.853440923981536592e-01 5.820204779334074985e-01 6.410655078928502171e-01 7.363388653929242578e-01 7.872468715641118830e-01 8.246210771174764531e-01 4.595229461091858703e-01 5.125402120050562838e-01 4.328642888468975380e-01 3.281599035461996161e-01
6.308000000000000000e+03 5.628951655242595553e-01 6.085543769570010975e-01 7.079487348757710352e-01 7.706233929954775519e-01 8.302625214802469289e-01 4.467128532768342986e-01 5.181388554140763381e-01 4.739040860620837292e-01 5.106542680922370181e-01 4.266522804678238856e-01
6.309000000000000000e+03 5.854899103371244973e-01 6.661638352984974309e-01 7.365311908029844590e-01 8.091783101994047822e-01 4.268056994571662321e-01 5.092547757996588320e-01 4.731058671363652102e-01 5.567086467023497631e-01 5.901115594078815141e-01 4.292263434174504177e-01
