1.960000000000000000e+03 2.227134413392350687e-01 3.262432437358578352e-01 3.850231197468160227e-01 6.501390408726310799e-01 7.828717748183211533e-01 8.443290589989774775e-01 8.770344296677095031e-01 6.411690089375345902e-01 6.391071366042386792e-01 5.035180284233153891e-01
1.984000000000000000e+03 2.262871468498185989e-01 2.964300797608740434e-01 4.096180651973648779e-01 4.993233880541220193e-01 6.859464551750803496e-01 8.133013379359618211e-01 7.578861371275332770e-01 7.888315542369489508e-01 8.170018410551608268e-01 4.985414060075455955e-01
1.985000000000000000e+03 2.456898548873698018e-01 3.531682530984741053e-01 4.367898465108649986e-01 6.161651570812531897e-01 7.612824800227483424e-01 7.283877574455086545e-01 7.708764916638404241e-01 8.518392321465243500e-01 6.126063639758462243e-01 4.613948906936107819e-01
1.986000000000000000e+03 2.991382065570115101e-01 3.769237249711739901e-01 5.441513506047361837e-01 6.887005609123837413e-01 6.708317954339830802e-01 7.420394165222122806e-01 8.383966920758696428e-01 6.271924930310429636e-01 5.811478945320879275e-01 4.906471901950744674e-01
2.648000000000000000e+03 2.159281636944432592e-01 2.676693276344849215e-01 4.290793816224892088e-01 5.247715198783624579e-01 5.953507232393482340e-01 6.952740337293915607e-01 9.862407253610978586e-01 9.814582900290375056e-01 6.377212628328007282e-01 4.566168649010068914e-01
2.649000000000000000e+03 2.170820598917250210e-01 3.695168918762607446e-01 4.590126320128155024e-01 5.263720925098116510e-01 6.353731117066763190e-01 9.826460960836659320e-01 9.784623427644988380e-01 6.542744850205807206e-01 5.767963832526354917e-01 4.613871820095076237e-01
2.666000000000000000e+03 3.993324772641669573e-02 3.909951225635375227e-01 3.384909248060872233e-01 5.987382260705103043e-01 6.823795107054795306e-01 8.283602220648809134e-01 7.169221155262756051e-01 8.727676101874206616e-01 8.348493415292247422e-01 5.037417223157709678e-01
2.668000000000000000e+03 2.039829521911311616e-01 4.239864752266586656e-01 5.009812890657180384e-01 6.607598106500081059e-01 5.784268593750935272e-01 8.016606191232303891e-01 8.218338211332507637e-01 5.978231959305296828e-01 6.824394396060966539e-01 5.667993931850695555e-01
2.812000000000000000e+03 7.566519457897752376e-02 2.828563512470047003e-01 3.678787185925840308e-01 5.733183407753256189e-01 7.029312632716508968e-01 8.877178419493821915e-01 7.213109832231032748e-01 9.015744175847436592e-01 7.727456703034821794e-01 5.404644442090459355e-01
2.820000000000000000e+03 7.149614220493262229e-01 6.410324219935825685e-01 3.201700708439182974e-01 4.812236515665142544e-01 5.946944347506918360e-01 7.324783849274365544e-01 7.311559113191807846e-01 6.370127997102212891e-01 4.525258626000260853e-01 4.695705556521481694e-01
2.821000000000000000e+03 6.266770592493436931e-01 3.251887102808306285e-01 4.789223601726342316e-01 5.909876058308471958e-01 7.418891155785439784e-01 7.607255269867153613e-01 6.612870220774116348e-01 5.024596827901720575e-01 6.347697135408184588e-01 5.026938380179301058e-01
2.828000000000000000e+03 1.061122005226235177e-01 3.060524633807831241e-01 3.337515366525265481e-01 4.910990934418558163e-01 5.444417695124769141e-01 7.433701547151719824e-01 1.000000000000000000e+00 9.441834264613951921e-01 7.672946902507173927e-01 5.321844879176051979e-01
2.829000000000000000e+03 2.331155328007576133e-01 2.619629753500693492e-01 4.037723762474718092e-01 4.507842535728603384e-01 6.591848850462815879e-01 9.720724339946675840e-01 9.149594652295279795e-01 7.751934637927548888e-01 6.204935157837084825e-01 5.470547303924668814e-01
3.058000000000000000e+03 1.829006424126645436e-01 2.464236820634869152e-01 4.772383084809636578e-01 6.031499552836439015e-01 6.224493961969591593e-01 7.619012659706986268e-01 9.282872472617373916e-01 8.204239054169273349e-01 7.911864126094948491e-01 3.673521065984907130e-01
3.059000000000000000e+03 1.961679711805646431e-01 4.122968898903667800e-01 5.308496012922718776e-01 5.519907043565341898e-01 7.047707535617496744e-01 9.169634593986216720e-01 8.031573902902832129e-01 8.217341770004591428e-01 5.022213880811952080e-01 4.305418495709580906e-01
3.060000000000000000e+03 3.395267615266048811e-01 4.448924623988821936e-01 4.660586662663080415e-01 6.133316830491568616e-01 8.485744111159421177e-01 7.584377745742824084e-01 7.881144004405156167e-01 4.904572176408999451e-01 5.410573132556674159e-01 5.965026005194293823e-01
4.143000000000000000e+03 3.305015722871589290e-01 3.423031121872438520e-01 3.761073784064498660e-01 4.510407963886697846e-01 6.068898678549726755e-01 9.407386055824779048e-01 8.974386825034108561e-01 6.514532128591349336e-01 6.310700284091195211e-01 5.936325332117725617e-01
4.401000000000000000e+03 1.070206727406705222e-01 3.234827758960780453e-01 3.965064304546002116e-01 4.669325728318062807e-01 5.995862863203003101e-01 8.648818127667111666e-01 8.614807738710849039e-01 9.187013321999429882e-01 7.121883388913246016e-01 5.506465774277098379e-01
4.598000000000000000e+03 3.199252022496907322e-01 5.401375964774977056e-01 3.771698439068446596e-01 5.882923738811723924e-01 7.410165309926143307e-01 6.830244041537547606e-01 7.657537847885540483e-01 8.625114107403998309e-01 6.072337284335408425e-01 3.185904629783253839e-01
4.632000000000000000e+03 9.013097638676850765e-02 2.611464783020209235e-01 3.481111464871906591e-01 6.271692760428229096e-01 7.893271844210404398e-01 7.817450881606415880e-01 8.589022886965440584e-01 7.837425688972213811e-01 7.583740475119947755e-01 5.473344155212940265e-01
4.725000000000000000e+03 1.769150986762757505e-01 3.426960996000171233e-01 3.766872300229918702e-01 6.256762982707496645e-01 5.474892589979728497e-01 8.067184107258049686e-01 8.183108622340860006e-01 8.584859057904119517e-01 7.118697541456947553e-01 5.381528812569380538e-01
4.731000000000000000e+03 4.214776224164859530e-01 5.074668192386675436e-01 4.402995501424510905e-01 4.126118351278896257e-01 6.177531033309088260e-01 6.271354714162398203e-01 7.956974691016545087e-01 7.737403392493765741e-01 7.194199259032846294e-01 4.253742358820650771e-01
4.732000000000000000e+03 4.660926673685981680e-01 4.004361851113963366e-01 3.780446365457441060e-01 5.731827419975177307e-01 5.890669041818792362e-01 7.937606499502356527e-01 7.750116152315484896e-01 7.637919369143559845e-01 5.688752009071019744e-01 4.934113075922437197e-01
5.716000000000000000e+03 3.320686726817702605e-01 4.123889359007671951e-01 5.160074745681423325e-01 5.887041588741953602e-01 7.074339499147236365e-01 7.795399714349544595e-01 8.474339489991759011e-01 6.287267003062939619e-01 5.811096051606471358e-01 4.550170041040905167e-01
5.947000000000000000e+03 2.723919696368253818e-01 4.052601351130706853e-01 3.404539602546918786e-01 4.963541045678270813e-01 4.090535439774544701e-01 7.668728882422547466e-01 9.226167929176184446e-01 8.850373473529210555e-01 6.948170748794795237e-01 5.554218418392470324e-01
