1.415000000000000000e+03 6.433931862041619709e-01 6.267192864942320307e-01 6.046063875505507390e-01 6.055072148834150791e-01 5.797881037629932788e-01 5.963214605196643925e-01 5.999412690657293101e-01 4.706386967086399475e-01 5.500488379862665533e-02 1.550957675404552316e-01
1.416000000000000000e+03 6.493943000992814518e-01 6.307864523383712729e-01 6.268045001999087429e-01 5.897923817916861378e-01 5.925038686684103162e-01 6.412173545876530545e-01 7.032544928069111023e-01 1.377333898574900628e-02 1.523078764072691160e-01 2.614227664952869512e-01
1.579000000000000000e+03 5.051237184005080705e-01 5.469894966559042393e-01 5.707368167090619560e-01 4.906702909354407893e-01 7.626976163366562256e-01 6.913440917231996607e-01 6.796027002285955909e-01 2.535013705657501171e-01 2.311245892394665213e-01 2.214571421423701114e-01
1.633000000000000000e+03 5.691414599204589475e-01 5.646489864202897113e-01 5.051926764132820269e-01 5.969006748529591677e-01 6.255523531381630420e-01 6.780567274004972722e-01 6.086071117343220260e-01 4.059429548419634659e-01 2.055216052285947226e-01 1.735542581889130132e-01
1.634000000000000000e+03 5.901939643611118225e-01 5.395762945058462101e-01 6.104519616769830126e-01 6.211711986403530839e-01 6.620673677897327414e-01 6.384572360769585897e-01 6.106425906301973239e-01 2.175047857802204776e-01 1.675515924304351312e-01 2.478202758947060658e-01
2.044000000000000000e+03 5.937083464088349638e-01 5.148082005318550536e-01 4.305113712537940729e-01 4.902577236054704302e-01 7.360351120047595730e-01 6.929973819548946867e-01 5.871983994309626365e-01 3.949055088799350299e-01 2.264218111441892722e-01 2.274324764824013634e-01
2.045000000000000000e+03 5.592489911114951751e-01 4.901783714538073267e-01 5.389566803989427335e-01 7.440183945117703201e-01 6.981142853030829487e-01 6.362430971655418377e-01 6.161493997998699346e-01 2.621965240334557246e-01 2.408373979432499035e-01 1.831027577742231904e-01
3.723000000000000000e+03 3.967812168974926279e-01 4.698422743570569438e-01 5.892070710758906538e-01 5.812697137306794826e-01 6.508058516051241638e-01 1.000000000000000000e+00 8.712240957787875661e-01 3.507204486493494811e-01 2.490808884006456558e-01 5.467253342123224585e-02
3.724000000000000000e+03 5.182811869487510270e-01 6.201616935123893670e-01 6.096675792063325217e-01 6.594723539359707010e-01 1.000000000000000000e+00 9.394838673898531223e-01 5.556959265989195318e-01 2.903881499333555993e-01 3.752133535455830921e-02 3.711921941018203608e-02
3.740000000000000000e+03 4.331374790715189493e-01 4.707130040732002141e-01 4.259792427398472747e-01 5.290342244134648153e-01 7.887510179428618429e-01 9.125177018959327313e-01 7.959893778229976125e-01 5.289125589694158025e-01 1.794335822039299089e-01 1.109748296551706370e-01
3.741000000000000000e+03 5.008474153520338090e-01 4.615992307376661774e-01 5.409339093887441940e-01 7.562015663628793849e-01 8.778161436197396972e-01 8.232564761147093124e-01 7.481980087825550463e-01 1.675874266708053673e-01 8.576463742921972000e-02 2.067590859278554960e-01
4.290000000000000000e+03 3.772512189116248860e-01 3.261500717307497244e-01 9.248197501315926772e-01 5.605898463849894320e-01 4.712807770913741146e-01 6.006145573633483448e-01 7.923940987859732221e-01 3.680386679964310348e-01 1.165218200000694843e-01 3.886793962039926664e-01
5.164000000000000000e+03 4.362270154302825831e-01 5.165495484337546683e-01 7.109619490371527073e-01 6.717902201479559743e-01 5.478075859327865560e-01 6.078115986096418455e-01 6.748383005098621545e-01 1.783341912204803870e-01 2.456715553619440440e-01 3.006700273524736677e-01
5.219000000000000000e+03 4.549003049560953471e-01 5.011834064592654014e-01 5.491462133641040744e-01 6.156085045690844471e-01 6.627518013806156238e-01 7.627310739975272647e-01 6.798262077452754681e-01 4.144048150579162648e-01 1.693443048791409555e-01 2.160438093296545847e-01
5.556000000000000000e+03 6.278381454926854621e-01 3.504814657324575311e-01 5.553904358443937372e-01 5.703434436071508351e-01 5.473697378530958391e-01 7.421718419309505377e-01 7.244596379541401454e-01 3.995548438265869584e-01 2.427056417937065169e-01 1.814533590462526491e-01
5.557000000000000000e+03 4.192816294444912106e-01 5.944762222213907377e-01 6.039510865297160747e-01 5.668317422599554734e-01 7.463265468512259027e-01 7.843765794078056963e-01 6.210809554521885545e-01 2.844758323771381936e-01 1.869166492568719029e-01 2.161899485115078012e-01
5.859000000000000000e+03 4.927529960757388028e-01 3.537348124826064089e-01 4.432948241025995162e-01 6.960102009252682187e-01 7.230659395169365400e-01 7.556248074575651064e-01 7.374605519500074813e-01 2.686103056415964363e-01 2.812820854467880105e-01 2.538256778666402314e-01
6.330000000000000000e+03 4.495101273061309910e-01 4.360819199643574673e-01 5.082928573479187362e-01 6.018956866899819458e-01 7.203882920579846028e-01 8.066648746957872929e-01 5.576925230289266899e-01 3.455089550522940089e-01 3.150981160604037212e-01 2.284199489805644190e-01
