1.418000000000000000e+03 6.641729935684493880e-01 6.333225284080754580e-01 6.173632622948592719e-01 6.359097815230222439e-01 7.413415652688832846e-01 1.213010840797250495e-01 2.938897765144299901e-01 3.194343760097559937e-01 2.543645507234242875e-01 3.228488938358102245e-01
1.580000000000000000e+03 5.591014695984836136e-01 5.754448555504932949e-01 5.006498081009804757e-01 7.209067791596355246e-01 6.452856267828966930e-01 6.853623778184347870e-01 3.917729178016617908e-01 2.319517807981646418e-01 2.077739951376508798e-01 3.154716119278906383e-01
1.581000000000000000e+03 5.746295591267331915e-01 5.067224874840117188e-01 6.768644037982634032e-01 5.968245289880119708e-01 6.234645335419797263e-01 3.581286784994562877e-01 3.503950126371332408e-01 1.876803840764930675e-01 3.083997283900812847e-01 4.255413071970051142e-01
1.582000000000000000e+03 5.187632460034860005e-01 6.567591180969226672e-01 5.785561078538893343e-01 5.803352212222840922e-01 3.014084500168576208e-01 3.173750016798611018e-01 2.986005702306830378e-01 3.321721604499051073e-01 4.378430619932862644e-01 4.220899460092761291e-01
1.635000000000000000e+03 5.624704527056197945e-01 6.201835519712520783e-01 6.211394042881622779e-01 6.439735085756101984e-01 6.104472002073028092e-01 6.286167060153092789e-01 3.628502589597982220e-01 1.553041996832635052e-01 2.475079673397468372e-01 3.146838230694433691e-01
1.636000000000000000e+03 6.224251308435584384e-01 6.193400908304229624e-01 6.281074803423104536e-01 5.816077266833182824e-01 5.853456917357644507e-01 3.449574636727484878e-01 2.709515821728684659e-01 2.569235239915215185e-01 3.170667239133523885e-01 3.533650501741700811e-01
2.046000000000000000e+03 5.307586186662963668e-01 5.722722702071273426e-01 7.363654896902444014e-01 6.952919230555878460e-01 6.271276759007354817e-01 6.535014948045849703e-01 4.361809709222992382e-01 2.722874116367360320e-01 1.821182798360902466e-01 2.115261483025352163e-01
2.047000000000000000e+03 5.877946024145515036e-01 7.229220271561277444e-01 6.785023724273931967e-01 6.073269674104589955e-01 6.210982990183684382e-01 4.351598702899276971e-01 4.276801239813672884e-01 1.726960796673459031e-01 2.032058164518225907e-01 2.820421460828753113e-01
2.049000000000000000e+03 6.806847036123344630e-01 6.215831866163885611e-01 6.108566738070673185e-01 4.093950265749191075e-01 4.055234260656335188e-01 3.019326100830511117e-01 3.505986828881569317e-01 3.261287777795335852e-01 2.833434021533015046e-01 4.458764447929010610e-01
3.111000000000000000e+03 5.440264525982420052e-01 5.585914759898857884e-01 6.044099809301211046e-01 7.060898397097054024e-01 2.531873781034633675e-01 4.066585437385122903e-01 4.247689774728876100e-01 2.874004350743509795e-01 3.749289295502164499e-01 3.954237759465729085e-01
3.116000000000000000e+03 5.525152805243476184e-01 5.409814578645925076e-01 5.375269352645004606e-01 7.235946435543070265e-01 8.317509635247329891e-01 6.641309949221834152e-01 3.658946647475732616e-01 2.290360562245393750e-01 2.232917117055287504e-01 2.481686935743025735e-01
3.117000000000000000e+03 5.732606831317493823e-01 5.704021077480047053e-01 7.188012011621748298e-01 8.190264311070715175e-01 6.539601644026409311e-01 3.808110803035910097e-01 3.935222730618684883e-01 2.467647276626673547e-01 2.570892257516790291e-01 2.100878664748307145e-01
3.743000000000000000e+03 5.800761801462873679e-01 7.203406559152298883e-01 8.027175886085167189e-01 7.656268821893189580e-01 7.471309554540931375e-01 2.896559015278726279e-01 1.377888728138468022e-01 1.991934129997919301e-01 2.125240995637658337e-01 2.651299102540087826e-01
4.229000000000000000e+03 1.000000000000000000e+00 8.825195752878156608e-01 4.971627961687238861e-01 3.049434817154687560e-01 5.985568288580400687e-01 2.982249152359389699e-01 0.000000000000000000e+00 1.221539310904526804e-01 3.012811352734874881e-01 3.037244188294047631e-01
4.230000000000000000e+03 8.723109914667136477e-01 5.473667969257732802e-01 3.881923274978723581e-01 6.173151492253741157e-01 3.048061549235475676e-01 0.000000000000000000e+00 2.744697945508524639e-01 3.693065744882801926e-01 3.304282716963776734e-01 5.210704087311387456e-01
4.292000000000000000e+03 7.822387417093130679e-01 5.054819081332608821e-01 3.969291063470697933e-01 4.411724605897089924e-01 6.673110053915386475e-01 4.369537493321049570e-01 7.939999803777694765e-02 4.029998238320632864e-01 4.074210371694180211e-01 3.535596315067932593e-01
4.293000000000000000e+03 5.461359147707348649e-01 4.558606190585543505e-01 4.913298926138043310e-01 6.707377243458365612e-01 4.322725319966371216e-01 7.516271697046804368e-02 6.173962656845087826e-01 5.107073481328688880e-01 3.822849568177711932e-01 3.827765365576016321e-01
4.308000000000000000e+03 7.809611034894584636e-01 8.527962747981124858e-01 9.267393746215177863e-01 2.212005864772428887e-01 4.740968159897164247e-01 3.574441718180108030e-01 2.676079609095022294e-01 2.905242008946998938e-02 2.506009016684851431e-01 2.939088922227727219e-01
5.100000000000000000e+03 5.709679198852112281e-01 5.749104555306544517e-01 5.778929011307275543e-01 4.952525210184736681e-01 1.514446806916582566e-01 1.563718620561041495e-01 3.694409582651452251e-01 4.212349707111745500e-01 4.748269970796570316e-01 4.982119933164875225e-01
5.167000000000000000e+03 6.365324992268189819e-01 5.351411849567939694e-01 5.333907254251633034e-01 5.978958995605007098e-01 2.230851797449575902e-01 3.687052431953522502e-01 4.821731418342622422e-01 3.427885951253291097e-01 4.007957784959436665e-01 3.756346223983026422e-01
5.394000000000000000e+03 6.933162265318846273e-01 6.816124000805788841e-01 5.008885253449353314e-01 5.249795481233333616e-01 5.200742791176892199e-01 1.857958882593621075e-01 3.484431957889141396e-01 2.358884031330048259e-01 3.351376261137157808e-01 4.137961039709441291e-01
5.424000000000000000e+03 6.095131017231061321e-01 5.642583105614698002e-01 5.531032032182345848e-01 6.132166899255783177e-01 4.394615726601415751e-01 3.340756197920552450e-01 3.372944839405500606e-01 3.964273212752262854e-01 3.252593210782033784e-01 3.790419929294290280e-01
5.510000000000000000e+03 6.134259908507118109e-01 6.148260086138453984e-01 5.849710923896490611e-01 5.881773413528826877e-01 6.134860742759605801e-01 5.241658760775371739e-01 5.564496356741387428e-01 3.174937614002121267e-01 1.854712727949011097e-01 2.292598786643667286e-01
5.558000000000000000e+03 5.962079838305270885e-01 5.996483261509250040e-01 5.586735619752440929e-01 7.003616035986713895e-01 7.323900036861507035e-01 6.163477554923335600e-01 4.254902099638457336e-01 1.656607756934589393e-01 1.987907335109655171e-01 2.657132754888689719e-01
5.559000000000000000e+03 6.173947977667596509e-01 5.815586092862568002e-01 6.917904457960920572e-01 7.165788195411848527e-01 5.958605615732249783e-01 4.352938533058703374e-01 3.045003739405219290e-01 2.047421317734007262e-01 2.721176449277452059e-01 2.892580239220975402e-01
5.560000000000000000e+03 5.784106777578993386e-01 6.649635474090748177e-01 6.713546365166395136e-01 5.484728078741184509e-01 3.717694609401426264e-01 2.612233641030604070e-01 3.139785168699741336e-01 2.763057637970511848e-01 2.767602677580702220e-01 4.853012273540626698e-01
5.588000000000000000e+03 5.696151629719042875e-01 6.680808653266352426e-01 6.968015205616604479e-01 5.858020951195981318e-01 6.389062049734932636e-01 3.576980388336861161e-01 3.691827460484722878e-01 2.563800067052280363e-01 2.927713562031406536e-01 2.630655301847245053e-01
5.860000000000000000e+03 3.947738154801225807e-01 4.676427632752225838e-01 6.673552417229638989e-01 6.824012870519545748e-01 7.076794127242641563e-01 7.462848995575276367e-01 4.091696449428863236e-01 3.013184550175684873e-01 2.443654636508947320e-01 3.119574586692054896e-01
5.861000000000000000e+03 4.819968437645498760e-01 6.442846388579442918e-01 6.431346295884172726e-01 6.520992820642805832e-01 6.812112461264803187e-01 3.740519664335014149e-01 4.346436086420042422e-01 2.370121419205914737e-01 3.028112472168618119e-01 2.984040624650080020e-01
6.743000000000000000e+03 5.711429667949733391e-01 5.819288031637144254e-01 5.448666203817187359e-01 6.057377806209923721e-01 6.811734469410634096e-01 4.840748851623370430e-01 4.930944432205918715e-01 3.113745966575520163e-01 2.559271979532824481e-01 2.652965781357128350e-01
6.782000000000000000e+03 5.592336087220094454e-01 5.847369235751146421e-01 6.183775576091916637e-01 6.331541035046637234e-01 6.669334380845948207e-01 5.098630454229723385e-01 5.347526606417758455e-01 2.025249343001210567e-01 2.146950815630226106e-01 2.928902398983139754e-01
