1.260000000000000000e+02 2.344551078500692609e-01 4.170552019009332034e-01 4.447422985058636091e-01 5.246133515851451046e-01 6.013793324676367513e-01 6.671620191074086881e-01 7.046462429834809971e-01 6.827690326784719987e-01 7.557690388351473443e-01 7.049446653553843589e-01
1.270000000000000000e+02 2.484395144528147581e-01 3.827560409277934728e-01 4.443525713777127795e-01 5.147491329210709399e-01 5.889646881714414306e-01 6.154644304654880438e-01 6.374449331487029857e-01 7.390093968783436607e-01 7.684204541058321514e-01 7.756606898403943795e-01
3.450000000000000000e+02 4.107235788570659518e-01 5.632662101693531875e-01 3.431064020591281238e-01 4.631478677590373794e-01 6.173642841947425408e-01 6.056599041127492811e-01 5.538340869389160037e-01 6.474198409867617521e-01 7.292488937002675753e-01 7.694643111007573033e-01
3.460000000000000000e+02 4.365818287178190316e-01 3.064427042214785124e-01 4.069242159429271588e-01 5.528985333093003884e-01 5.509361049601587679e-01 4.886845606765632954e-01 6.233523081539469324e-01 7.323777245063320951e-01 8.668740189172959854e-01 7.561698170313205791e-01
4.960000000000000000e+02 2.503852988209780972e-01 3.756950299988614517e-01 4.547425029298162724e-01 5.383394513213188848e-01 6.239150296588737987e-01 5.943097825313312654e-01 6.979691358682457158e-01 7.393213392787938432e-01 7.652818286455924657e-01 7.003968906869831867e-01
4.980000000000000000e+02 2.503317576753399387e-01 4.212841312024284135e-01 4.841758269710342844e-01 4.608291378580052777e-01 5.611286087223757990e-01 6.373034380875924887e-01 7.371549602695967041e-01 7.758238582251287818e-01 7.836080655870465428e-01 6.406670010277889515e-01
5.020000000000000000e+02 2.124321002915515455e-01 3.837766974492979877e-01 4.554210222248878948e-01 5.336747383825281021e-01 6.136621191474613823e-01 5.883613830357319330e-01 7.019605626693772304e-01 7.683576472859523498e-01 7.441753141175438957e-01 7.299475132600011795e-01
6.880000000000000000e+02 2.545661745654338448e-01 4.071438363856469955e-01 4.841133245277350894e-01 5.817017983712547968e-01 6.051994569687025871e-01 5.816678810473037142e-01 7.027267498355591613e-01 6.776517676545407154e-01 7.344045317616588742e-01 7.061837584890424679e-01
6.890000000000000000e+02 2.437530269086492229e-01 4.257826675040835007e-01 5.048367337111868691e-01 5.248784347216686186e-01 5.113267862075333570e-01 6.200610653174651876e-01 6.386171452362275902e-01 7.222032692027772205e-01 7.757480008804455984e-01 7.470565767719745676e-01
1.185000000000000000e+03 2.005087728312224260e-01 3.932105999533110907e-01 4.319647423009639331e-01 5.003790388143484202e-01 5.743417114234284915e-01 5.944150786878770187e-01 6.971136822444966574e-01 7.980646313320135521e-01 8.177714065895559381e-01 7.207155504664712886e-01
1.208000000000000000e+03 2.665187395018506211e-01 4.452012300227455865e-01 5.193938009537081291e-01 5.820069230261731841e-01 6.212716032072191918e-01 6.103479012773973533e-01 6.359083267675670337e-01 7.120110873047389433e-01 6.802573302002666855e-01 6.697005509598985551e-01
1.209000000000000000e+03 2.938858588298494112e-01 4.655820964591295685e-01 5.118536684343348853e-01 5.477826782309237474e-01 5.465557484682826983e-01 5.610113490434862626e-01 6.816902762025399687e-01 6.705268444071624812e-01 7.381424779408299885e-01 7.077540693622412782e-01
1.210000000000000000e+03 3.185581242305375316e-01 4.598969956239849499e-01 4.807344387281703990e-01 4.754660536431759010e-01 4.996063310469802676e-01 6.080129309160473561e-01 6.399912362888147133e-01 7.347457572441314921e-01 7.855485572351120771e-01 7.175772775034682249e-01
1.211000000000000000e+03 3.225771497098852136e-01 4.395950130030363279e-01 4.213380247265460232e-01 4.390331988298732391e-01 5.560571355333021604e-01 5.769832715961129566e-01 7.175769433877672299e-01 7.961390379445500987e-01 8.067451403551053613e-01 6.662911879975769169e-01
1.227000000000000000e+03 2.022770985638618624e-01 3.923995867894398137e-01 5.476812053136194125e-01 5.742092309569410968e-01 6.248094541775214283e-01 5.829660853547274924e-01 6.490696628905956445e-01 7.551158815862069051e-01 7.304560385151920299e-01 6.802693027510029466e-01
1.228000000000000000e+03 2.321552599150763230e-01 4.905170922085419494e-01 5.024395773746099803e-01 5.492198705690005678e-01 5.175512371859564142e-01 5.719636047774840915e-01 7.245988804165219843e-01 7.228133610489118066e-01 7.490184313661630844e-01 6.728572736369566876e-01
1.254000000000000000e+03 3.201224632402219772e-01 4.285148011233013698e-01 3.740366544103266855e-01 4.418408723949433514e-01 4.594968367745763116e-01 6.161402775236655138e-01 7.544033829436480598e-01 7.713373999640176226e-01 8.241558246335239923e-01 7.356490952712161357e-01
1.280000000000000000e+03 2.203982898918962485e-01 3.900109320467448071e-01 4.741132918332641721e-01 5.259043467156548912e-01 6.055297878720086180e-01 5.937575285730658514e-01 6.799984547865276507e-01 7.554966966267102624e-01 7.558347108521373814e-01 7.279509993523004541e-01
1.339000000000000000e+03 3.643474778373781420e-01 5.347241183530880848e-01 5.468276495480866028e-01 5.048239324070314948e-01 5.695540893638959545e-01 4.891999015031198161e-01 6.371450244473039204e-01 6.497563303802191825e-01 7.198484565261374923e-01 6.997094546310937968e-01
1.340000000000000000e+03 4.081436322539815365e-01 5.031643113541226509e-01 4.502444363009404094e-01 5.092232936567223645e-01 4.398457612842302522e-01 5.750676621560280033e-01 6.295620136435363667e-01 7.258285910984743072e-01 7.859688562708931903e-01 6.951756365786626590e-01
1.341000000000000000e+03 3.776086129441759143e-01 4.159659533365455686e-01 4.592002014003332966e-01 3.855973448504626533e-01 5.294727474420725111e-01 5.725993164688868431e-01 7.143158298085229285e-01 8.024473006594244895e-01 7.850630702338723399e-01 6.942657298251412312e-01
1.419000000000000000e+03 3.016889533461892814e-01 4.511798831170431012e-01 5.197802331904642914e-01 6.428646907950861245e-01 3.696625927670691980e-01 5.264549542733277798e-01 7.256577155004448887e-01 7.287030534083077660e-01 8.148353892792895570e-01 6.539364511445574513e-01
1.429000000000000000e+03 2.192967120722253693e-01 4.085337035409958850e-01 4.733230004031263594e-01 5.360171533708096847e-01 5.751603787364861775e-01 6.597338966013479578e-01 7.480961439384815614e-01 7.389433596341620225e-01 7.734595788799106808e-01 6.272800089693860714e-01
1.431000000000000000e+03 2.657495749508014815e-01 4.152165914454163387e-01 4.339748841661124068e-01 5.201648605074798981e-01 6.055927934144827995e-01 6.324300970453954340e-01 7.418610619984618015e-01 6.760077972448277350e-01 7.175675007994035681e-01 7.270447048692982861e-01
1.433000000000000000e+03 2.302123962924274847e-01 4.067235705651379707e-01 4.688669512571754239e-01 5.000294922741072012e-01 6.060506411734734034e-01 5.738527302777638450e-01 6.853423450515596649e-01 8.127164467757262978e-01 7.675237737671766203e-01 6.871319095329428972e-01
1.441000000000000000e+03 2.637594877397175797e-01 4.102831132240303269e-01 5.353067292141256983e-01 5.763288274471783934e-01 6.032172939198870987e-01 5.925999510019753780e-01 6.700832203822189026e-01 7.508212737859334407e-01 6.962632966354171948e-01 6.518607122264787890e-01
1.442000000000000000e+03 2.634561400226172467e-01 4.887206950116645410e-01 5.148984376609758717e-01 5.387402614226847186e-01 5.379212990994656218e-01 6.038504335279223367e-01 7.313570788627041797e-01 6.965017818576194619e-01 7.246326100654159053e-01 6.446553569752064838e-01
1.447000000000000000e+03 2.877896443489377787e-01 4.859055442950689363e-01 4.794821304384810912e-01 5.705574237072531529e-01 6.256437573469040281e-01 5.421053544055494111e-01 6.966951493371731363e-01 7.375587310802314001e-01 6.334405197434425094e-01 6.817799092027386765e-01
1.448000000000000000e+03 3.506483573634169293e-01 4.372234362482996795e-01 5.109547783910303176e-01 5.625910102051361328e-01 4.898028308394335451e-01 6.319196027920667147e-01 7.191738827966241976e-01 6.300440571166900927e-01 7.622812690329304752e-01 6.517414315428224914e-01
1.449000000000000000e+03 3.021267983692189629e-01 4.728993481057967574e-01 5.094478171020795365e-01 4.343163796281321321e-01 5.847181539406589579e-01 6.607472498607173117e-01 6.131797441832300688e-01 7.759461201137313191e-01 7.317741932723252907e-01 6.558687047807822967e-01
1.468000000000000000e+03 3.822414911073248600e-01 4.494478786872987963e-01 5.107208451671717553e-01 5.618798572475290909e-01 6.358407111504790210e-01 5.412559671176048193e-01 6.272863330139780702e-01 7.485195618222821867e-01 6.982110284193948635e-01 6.043008792407428276e-01
1.469000000000000000e+03 3.236295658700380495e-01 4.794732319109501484e-01 5.159197078473167775e-01 5.865844171924747830e-01 5.027364000779497299e-01 5.770673538772462807e-01 7.449435790141888392e-01 7.138056822978676719e-01 6.811311100827153187e-01 6.285346100675303083e-01
1.471000000000000000e+03 3.159612566625328300e-01 4.650333321443318457e-01 3.698542419824589755e-01 4.441400639099971626e-01 6.070534800673723641e-01 6.109847487204338456e-01 6.420970083527683947e-01 6.820437964123788888e-01 8.310231609920728513e-01 7.465152646737865938e-01
1.570000000000000000e+03 2.460997484773085608e-01 4.592846675351097696e-01 5.011661305035364222e-01 5.906688597763397608e-01 5.734470630545870362e-01 6.135956216042751654e-01 6.910731546084057930e-01 7.390692407200994962e-01 6.520111464757051278e-01 6.771708630373300952e-01
1.571000000000000000e+03 3.047999449268027350e-01 4.438889117466054968e-01 5.154518893281947456e-01 4.956366673905529541e-01 5.448778179330308058e-01 6.107178977050963242e-01 7.049499195439939969e-01 6.352283498065571798e-01 7.427242131753095666e-01 7.257164134708560255e-01
1.572000000000000000e+03 2.899618768467318031e-01 4.596777062911807654e-01 4.271808357478806828e-01 4.698484922958928167e-01 5.445314256542874709e-01 6.269892269702741494e-01 5.990420933452408336e-01 7.357657715047903890e-01 8.035619016063670905e-01 7.534823538290688072e-01
1.573000000000000000e+03 3.100741174918404397e-01 3.780219140277421563e-01 4.046862340932013691e-01 4.717120121983257031e-01 5.627745954912987125e-01 5.243235676238293674e-01 7.063474963056411982e-01 8.037871295750661504e-01 8.391214736380691042e-01 7.267713976759633265e-01
1.780000000000000000e+03 3.594483422468727207e-01 4.790091045730244801e-01 4.130276479999955841e-01 4.094308672893423040e-01 5.121541191633164347e-01 5.781633509241823621e-01 7.051307917026564676e-01 7.621439277639758814e-01 7.880429062751229674e-01 7.174278216587030022e-01
1.786000000000000000e+03 1.978106063014580251e-01 3.853241843945060530e-01 4.587253228767230739e-01 5.347102726619265001e-01 6.136704609774552566e-01 5.943477647311591339e-01 7.101952061153045115e-01 7.304766179597836917e-01 7.770004882010987934e-01 7.276139504443851491e-01
1.817000000000000000e+03 2.638688670616267107e-01 4.187189080890602044e-01 5.394834473142668951e-01 6.897901173938013608e-01 6.000349600943005735e-01 5.513562883488313249e-01 6.549533937737652689e-01 6.746130606051313761e-01 7.226299271033798099e-01 6.347044726362065514e-01
1.820000000000000000e+03 4.605468544875862547e-01 4.445683723336386062e-01 3.914221934392070334e-01 4.837015113330024318e-01 5.444030622410704900e-01 6.516114992357887603e-01 6.969770809824299418e-01 7.059204698303211956e-01 7.227725467695539363e-01 6.540899443893471998e-01
1.833000000000000000e+03 2.097384070122242095e-01 3.536791967954397986e-01 4.619175831250775799e-01 5.432383459585482521e-01 6.423787656200342644e-01 6.485033915335257637e-01 6.794801608058449460e-01 7.408625950908924729e-01 7.547614525270921471e-01 7.073083063196994313e-01
1.835000000000000000e+03 2.647583461527969195e-01 4.316964556033266454e-01 5.079371702334065652e-01 5.201886810062524846e-01 5.497129806703968669e-01 6.456521169320120768e-01 7.320814882595785278e-01 7.914098309759340921e-01 7.185849178660521641e-01 6.037861283624449404e-01
1.837000000000000000e+03 3.256432097844529361e-01 4.209800062145045429e-01 4.310243629698901069e-01 5.286220416494522567e-01 6.124135058946227339e-01 7.096204425951322392e-01 7.027040326574376383e-01 6.670351162327398109e-01 6.722331208929861468e-01 6.828506967854052201e-01
1.838000000000000000e+03 2.740817226193876799e-01 3.884569820486015734e-01 4.679575305942840213e-01 5.464100575955259664e-01 6.517507381758451679e-01 6.347412236488584325e-01 6.422498109338854455e-01 6.690671207627055805e-01 7.607656263644294592e-01 7.019643926564604897e-01
1.839000000000000000e+03 2.332491622604300208e-01 4.198874109423966217e-01 4.811278771771954621e-01 5.813427895204048568e-01 5.739727508241736498e-01 5.707325781941906540e-01 6.402887140585368231e-01 7.609937349702883269e-01 7.801934938023513677e-01 6.901060964906791106e-01
1.892000000000000000e+03 2.505071435899368093e-01 4.687281570004230846e-01 4.884572064000559100e-01 5.444795133456711289e-01 6.077758608469467916e-01 5.935330936138311086e-01 6.594841089493703734e-01 6.910915600447996576e-01 7.253617540611743131e-01 6.998958796746668209e-01
1.893000000000000000e+03 3.169426568027969848e-01 4.331558770618882948e-01 4.727833591889892273e-01 5.310170899739398154e-01 5.265893566268642356e-01 5.809015396605324844e-01 6.563309073931317128e-01 7.159661713481449974e-01 7.714578925311375013e-01 7.191183658515588606e-01
2.140000000000000000e+03 2.202244094803685603e-01 3.975933320554564943e-01 4.376034086539803414e-01 5.265437462295491367e-01 6.311969188345011306e-01 6.126540602907799560e-01 6.900976053171506974e-01 7.565749134928166919e-01 7.669525130373793242e-01 6.994948919215978611e-01
2.154000000000000000e+03 2.104452819721790158e-01 4.018646613765083364e-01 4.474974151996860550e-01 4.965888522903887381e-01 5.482666802686225749e-01 5.605276922672389750e-01 7.095908874747531847e-01 7.984729105975220120e-01 8.151195400844692962e-01 7.339073850776810515e-01
2.183000000000000000e+03 1.759422009952769095e-01 4.717173736795917671e-01 4.632856210002394004e-01 5.158362358270616177e-01 5.866195340832339733e-01 6.395972312571346352e-01 6.929103523345343518e-01 7.332238665909034392e-01 7.397886689748172095e-01 7.093097136708772510e-01
2.199000000000000000e+03 2.143914707745392945e-01 4.003113973427138705e-01 4.887709142848250532e-01 5.478297103175467919e-01 6.425424934710264324e-01 6.227190381444129841e-01 6.780739849873271829e-01 7.069131968202972960e-01 7.425225857428994214e-01 6.948590187567961207e-01
2.272000000000000000e+03 1.816636944439656010e-01 3.659383831152516753e-01 5.153368132063460560e-01 5.737991282959858941e-01 6.111643297404195652e-01 6.402784107536919622e-01 7.296830651766406106e-01 7.065319782985184371e-01 7.269657185136677580e-01 6.935676808349637845e-01
2.273000000000000000e+03 1.966431546400980168e-01 4.548066734303078396e-01 4.967234337023148094e-01 5.301694470737186027e-01 5.683467241672487402e-01 6.461281975338680761e-01 6.681442833369968248e-01 7.135661002514345208e-01 7.599805487931172721e-01 6.955259964486245616e-01
2.274000000000000000e+03 3.002071400572479121e-01 4.400878597571679096e-01 4.581886628537660822e-01 4.910414295522512185e-01 5.773266482662329224e-01 5.884695677714996132e-01 6.787821640057820627e-01 7.524258858145053130e-01 7.652768820776881808e-01 6.848021061670070964e-01
2.275000000000000000e+03 3.043669996358721597e-01 4.218878874652015054e-01 4.401054292991555816e-01 5.201082571688883105e-01 5.408905780066117774e-01 6.196448656002108146e-01 7.403068957557180640e-01 7.782263328392433621e-01 7.708691994121958935e-01 6.239573904040536245e-01
2.300000000000000000e+03 3.789592225790595070e-01 5.492045787000148227e-01 4.925781341054287221e-01 4.435095526135929278e-01 4.653975995257352283e-01 4.917181929739306567e-01 6.482345201744507124e-01 7.320462687988134043e-01 7.965829966522215422e-01 7.097459590664406681e-01
2.301000000000000000e+03 4.191750098435613747e-01 4.469878172347682144e-01 3.867981097972580384e-01 4.009739989396891580e-01 4.372466614385097095e-01 5.808572854329040469e-01 7.103776129664636230e-01 8.038747392382146195e-01 7.933828258389352683e-01 7.418457122217094746e-01
2.309000000000000000e+03 2.056523380725226446e-01 3.982067601648488497e-01 4.783843699267262273e-01 5.328212868899105947e-01 5.855601017087072035e-01 6.414759052534861894e-01 7.052296682067494826e-01 6.832714472239630465e-01 7.548972693779917309e-01 7.406197233545405156e-01
3.103000000000000000e+03 5.184709629987119817e-01 4.434857985279676562e-01 4.046562808105251263e-01 4.573020885966805338e-01 5.803416710272186751e-01 6.635629250828392056e-01 6.551099984036866664e-01 6.143053100776243447e-01 7.220328465444889599e-01 6.862618866163553433e-01
3.104000000000000000e+03 3.153017098002163787e-01 3.772395397100071768e-01 4.143798984760345694e-01 5.299856468765449247e-01 6.219175976877887591e-01 6.031625042723746111e-01 6.027278859840068392e-01 7.381489510865609782e-01 7.789563824687301130e-01 7.436205780888296424e-01
3.112000000000000000e+03 2.159904132421598399e-01 4.237139924498464771e-01 5.380511201243743935e-01 3.589934136626719563e-01 5.038837080105433852e-01 5.834683491061614102e-01 6.794653137472320692e-01 8.314311785772208196e-01 8.750862688201058726e-01 7.074234649777576545e-01
3.120000000000000000e+03 4.159286592515173409e-01 4.625716643259746852e-01 3.664941006190231554e-01 4.414043586336993119e-01 5.224418421108378841e-01 6.172474651989051653e-01 6.407091067822163755e-01 7.396555736149695859e-01 8.091399735259207082e-01 7.118764356066908938e-01
3.730000000000000000e+03 5.085280357454535771e-01 5.848808593997314453e-01 4.204802370732879102e-01 4.548183835124081087e-01 5.797085679759645949e-01 4.838477188694648157e-01 6.242906329882883520e-01 8.003080470774817101e-01 6.559476768964094262e-01 6.308195229389533809e-01
3.920000000000000000e+03 2.802688718944975621e-01 4.513317193909981984e-01 5.133139023006167978e-01 6.145173356655382335e-01 5.729087901728042720e-01 5.249047457779159043e-01 6.875732581788241982e-01 6.614412446954675007e-01 7.323301246646497509e-01 6.920297659724149453e-01
3.921000000000000000e+03 2.973154730379910515e-01 4.567208314170554950e-01 5.395942903225788845e-01 4.965515523728585845e-01 4.590922557335029852e-01 6.087339604085059142e-01 6.253769681737944008e-01 7.235143631128546637e-01 7.619783380349082202e-01 7.417915131932846240e-01
4.153000000000000000e+03 3.825761239622347265e-01 4.030578444005302741e-01 4.692313589043228816e-01 6.261282520434653387e-01 5.179888081871252270e-01 6.031787392479052157e-01 5.288358299045318178e-01 6.218028157653695542e-01 8.031439476956259149e-01 7.546100032890791232e-01
4.154000000000000000e+03 2.569327864895200597e-01 4.274716518126799869e-01 5.640260497400964024e-01 4.559310391129570705e-01 5.499611013023789630e-01 4.653528345907301245e-01 5.980472334877239282e-01 8.138827327102888809e-01 8.502807345125196203e-01 7.244982656105187768e-01
4.174000000000000000e+03 3.319198425853700507e-01 5.258673085238818601e-01 6.373754505614432908e-01 5.314808841365633585e-01 5.855431511508275566e-01 4.575304916518588838e-01 6.415142627790600960e-01 7.299677441401917211e-01 6.787281095996641200e-01 6.185950907246734465e-01
4.176000000000000000e+03 4.580690100046336255e-01 4.255785595042866909e-01 4.589942582882245437e-01 3.389354066846272939e-01 5.176476131557135041e-01 6.394758539631050231e-01 6.511490288269822235e-01 6.803196782147509225e-01 7.071616982048732902e-01 8.253005435493872000e-01
4.183000000000000000e+03 1.182865877836285495e-01 3.072384687059515063e-01 5.787932798682979829e-01 5.899576039119579507e-01 4.538490984477959178e-01 6.613617865796511675e-01 6.508955518700518805e-01 7.252900327940456915e-01 8.441367307310696511e-01 7.788880985136970025e-01
4.242000000000000000e+03 2.383865715372382177e-01 4.372946074461715460e-01 5.762564577589475157e-01 6.387187280784353272e-01 6.109911370100259420e-01 5.723215071860837666e-01 6.270948996272290854e-01 6.260787343388209969e-01 7.339677283436127908e-01 6.722928492688846625e-01
4.636000000000000000e+03 2.685712689522775642e-01 3.974009682133265997e-01 4.858854977920951668e-01 4.996594231922349971e-01 5.810435793499775237e-01 5.675451898567919207e-01 6.799995058660478486e-01 6.768833344850198053e-01 7.496347000109028214e-01 7.995341381693636951e-01
5.098000000000000000e+03 2.616907922177489909e-01 4.334584295300278334e-01 4.669028379749958213e-01 5.613688428706178346e-01 6.555442145229686268e-01 6.827832370143657181e-01 5.670617922020748658e-01 5.952036281155184128e-01 7.198623007970267329e-01 7.696606760251849533e-01
5.099000000000000000e+03 2.588847523463568834e-01 3.966193078690432583e-01 4.718401340551648393e-01 5.603353043185683724e-01 5.963569410485193290e-01 4.714705466699966596e-01 5.381470462316491066e-01 6.924866234641955387e-01 8.391141396930459351e-01 8.507894436294399787e-01
5.194000000000000000e+03 4.255270950469098312e-01 4.320357238375797659e-01 4.338968537645797596e-01 5.455039777705530391e-01 5.662420834795079960e-01 5.395722483420536397e-01 5.606075513687827083e-01 5.971028744696882384e-01 7.914842366364632786e-01 8.039709114573792004e-01
5.222000000000000000e+03 2.724599674319223563e-01 4.459787199741170327e-01 5.404283063952901589e-01 5.853914632529264583e-01 6.234881828888273470e-01 5.008783542963296531e-01 6.246537873500805915e-01 7.478680497797962623e-01 7.152759093094578358e-01 6.766098769928193812e-01
5.352000000000000000e+03 2.560330915056819867e-01 4.266098693871208658e-01 5.053547881229041305e-01 4.733645161503557963e-01 5.608787303980669048e-01 5.426895581789025202e-01 6.877942665622512886e-01 7.461721744949293411e-01 7.818436539737968483e-01 7.365997870205667208e-01
5.353000000000000000e+03 2.701603661979496973e-01 4.498487232518931789e-01 4.056652212874134467e-01 4.853885821760418051e-01 4.773200362191422630e-01 6.097042262772366383e-01 7.146286778472745738e-01 7.777971799687427579e-01 8.164307620100296203e-01 7.181676142992350353e-01
5.393000000000000000e+03 3.595248538458951093e-01 4.861763064983197213e-01 5.360352253862308292e-01 4.837660201161144147e-01 5.912250690361167127e-01 6.530557916007766472e-01 5.320630331151462444e-01 6.584618929747602101e-01 6.938183157494901554e-01 7.236315025865984740e-01
5.395000000000000000e+03 3.316896781743380318e-01 3.669250997674832759e-01 4.480359496607130843e-01 5.125134648191734810e-01 3.938472237631638895e-01 5.479607836612909733e-01 6.506635021222239024e-01 8.006636210817611454e-01 9.046680426881450465e-01 7.532674047022300812e-01
5.422000000000000000e+03 2.241768904494176595e-01 3.889780621834001417e-01 4.786096376186564916e-01 5.263177669073381137e-01 6.114174175185816962e-01 7.261466148554376332e-01 7.018310722695733084e-01 6.650819613740701630e-01 6.789607184851463861e-01 7.358275513120347000e-01
5.423000000000000000e+03 2.232502987458444554e-01 4.205659548138764303e-01 4.520332703957546383e-01 5.310199489755142999e-01 6.533801649231979480e-01 6.191701193027122629e-01 6.254912859118201274e-01 6.622612183166943778e-01 8.114926554156135508e-01 7.238616665432345831e-01
5.425000000000000000e+03 2.310536025945119087e-01 4.001395949915465544e-01 4.965861771595889151e-01 4.690835885787882908e-01 4.744383890480012855e-01 5.412396908194601064e-01 7.726871430449644418e-01 7.904869333698981704e-01 8.663965105182834803e-01 6.886741598735172110e-01
5.426000000000000000e+03 2.382934040191438951e-01 4.397738506568882877e-01 3.997426798893291555e-01 3.979954317626446803e-01 4.739606555345648453e-01 6.917907854088404251e-01 7.588956687549029967e-01 8.673018975806378039e-01 7.568259845205318470e-01 7.125081922291770509e-01
5.456000000000000000e+03 4.280983692308252819e-01 4.921165624909966674e-01 5.442410813329494612e-01 4.628226982178660909e-01 5.055231355915676961e-01 4.368917454514302801e-01 7.446044387042444201e-01 6.894923772845479304e-01 6.749080317172337917e-01 7.374900930318910586e-01
5.457000000000000000e+03 3.615063356152056762e-01 5.020894465528281669e-01 4.115333760361698512e-01 4.472725691265634351e-01 3.897708321779890239e-01 6.832658043366669487e-01 6.726946563970993553e-01 6.786037692312851810e-01 8.330364076576005639e-01 7.335910037724845401e-01
5.458000000000000000e+03 3.558233605980256065e-01 3.613209033974957296e-01 3.811828922047018620e-01 3.165960440880229432e-01 6.160509643869997998e-01 5.951850653547696712e-01 6.444955995859433795e-01 8.335993764053472033e-01 8.131965200913358061e-01 7.958477472874476710e-01
5.580000000000000000e+03 2.460846792603822997e-01 4.216019229891687647e-01 4.784639108877208336e-01 6.122004305995217832e-01 6.270250351929688160e-01 6.109023455988196183e-01 6.796818622349284356e-01 6.345076184674214304e-01 7.020751880227998898e-01 7.198670084011289383e-01
5.609000000000000000e+03 2.063120901297838816e-01 4.451461929667936412e-01 5.429094370153763061e-01 5.786280646024616336e-01 6.159323468224161546e-01 5.001796951887653719e-01 6.613276038732476270e-01 6.888412984550214002e-01 7.419043889649491463e-01 7.334943338134951585e-01
5.610000000000000000e+03 2.913530453049749669e-01 4.856746440894069705e-01 5.063188475189210891e-01 5.400899968087957692e-01 4.357550149639088932e-01 5.837504598938590972e-01 6.550128113122428708e-01 7.348516543045622296e-01 8.129215116051030643e-01 6.783652798410542140e-01
5.611000000000000000e+03 3.401585706984375790e-01 4.536820812868198050e-01 4.723775846784402654e-01 3.647945403993070879e-01 5.209254800425293652e-01 5.804942196971960566e-01 7.061161173209875574e-01 8.146137487404357946e-01 7.490981357283352793e-01 7.229864437943257505e-01
5.721000000000000000e+03 3.384332090481614874e-01 5.158595601388076268e-01 4.208852142662278806e-01 4.670600053601147716e-01 5.416806577111493715e-01 6.021979647529672741e-01 6.479930012578247744e-01 7.131474350545237151e-01 7.428024917506889091e-01 7.279543584736768436e-01
5.779000000000000000e+03 2.502444504101792866e-01 4.376148165399745271e-01 4.596346375222973291e-01 5.108613095795203618e-01 5.882120465226056139e-01 6.479973711753527210e-01 6.590975874650487620e-01 7.292253507861439221e-01 7.360205597630454788e-01 7.124432351230272076e-01
5.780000000000000000e+03 2.804347894840825139e-01 4.046235943233972288e-01 4.394353050856402709e-01 5.103254335954472420e-01 5.788046679586670296e-01 5.791471513098758184e-01 6.947656431655782061e-01 7.261624632686779490e-01 7.853561471485882572e-01 7.282504170137757971e-01
5.789000000000000000e+03 2.075586166455269110e-01 4.223856354728355300e-01 4.860272501093359510e-01 5.638775451876573142e-01 5.359116691459275827e-01 6.469174149890509762e-01 6.954022437260667378e-01 7.928762474365612656e-01 7.408995995813227875e-01 6.564597827100927541e-01
5.793000000000000000e+03 2.275543650046550903e-01 4.284050977538146343e-01 4.550141856690131381e-01 5.910495291509856308e-01 6.069211756002333980e-01 6.505936064224900894e-01 6.922201837877426378e-01 6.762693016902892040e-01 7.265148069616100823e-01 6.874468620877650649e-01
5.794000000000000000e+03 2.803943532249510429e-01 4.093840860268175286e-01 5.256254667918022205e-01 5.389386031863666604e-01 5.915581072595418322e-01 6.222691240445293870e-01 6.498254461085511968e-01 7.258515318660401228e-01 7.644583408955013537e-01 6.409321018069215059e-01
5.825000000000000000e+03 1.856323327504681986e-01 4.225419783953555664e-01 5.039874839986010491e-01 5.473290894631139825e-01 5.859921423136505991e-01 6.638452981304336920e-01 7.326181963442939260e-01 7.987136432624678539e-01 7.196475015476532233e-01 6.060738823506472972e-01
5.833000000000000000e+03 4.260892671450362545e-01 5.031028375099765304e-01 4.035719370625259206e-01 4.646073381792276136e-01 5.692723602869296240e-01 4.935401272974292985e-01 5.713372629857167428e-01 8.197999805678003460e-01 6.983504572265029076e-01 7.597149468941499784e-01
5.834000000000000000e+03 3.732595165733605946e-01 3.679092917006294150e-01 4.126201527160651139e-01 5.097968379666353300e-01 4.449709511253150396e-01 5.106189921801973508e-01 8.084024665828833944e-01 7.033714260266626939e-01 8.593035363651636560e-01 7.365662638254746319e-01
5.862000000000000000e+03 2.981188064164949636e-01 4.561089810641487663e-01 5.165606796554510494e-01 5.977055828598687448e-01 4.946862215041298305e-01 5.980709953212498542e-01 6.499480756189098818e-01 7.659654744561203987e-01 7.763090950589563999e-01 6.003410709037936277e-01
5.919000000000000000e+03 3.556465274209343885e-01 5.086023759140390066e-01 3.950120824055630142e-01 4.754827954000354628e-01 5.345196175909565639e-01 5.762527192962739742e-01 6.664893576734503000e-01 7.205238592007069398e-01 7.140824500592196644e-01 7.649383488435339551e-01
6.002000000000000000e+03 4.536233868702028160e-01 5.617507972253286130e-01 6.155524855189815625e-01 3.800937004738929037e-01 5.014637445521308301e-01 5.320386820255792459e-01 6.018774451587003416e-01 6.826753646899611505e-01 7.150582676169742191e-01 6.735195428100442250e-01
6.003000000000000000e+03 4.530103187202543236e-01 5.810672577205833189e-01 3.438718338066567015e-01 4.552901344643942583e-01 4.956947136850922142e-01 5.539026801337514350e-01 6.780591895904193311e-01 7.341266782633840693e-01 7.668220903866698190e-01 6.690264844504727471e-01
6.004000000000000000e+03 4.720753296682023703e-01 3.202543476534061573e-01 4.133078358038991817e-01 4.469003637284903463e-01 5.145912332431297198e-01 6.268867077888617967e-01 7.292087681197866322e-01 7.876446821049456481e-01 7.589174290337341588e-01 6.871814997082276166e-01
6.025000000000000000e+03 2.927321688739106809e-01 4.344063634683447694e-01 4.100414353950036506e-01 3.854707931219408246e-01 4.941870967890913402e-01 6.386932000551353017e-01 7.432882239636308119e-01 8.272703291446327212e-01 8.103877642835073392e-01 6.990702316529382454e-01
6.033000000000000000e+03 2.654407010475005047e-01 3.838568004288520075e-01 4.358952002979019635e-01 5.000906302191319153e-01 6.122377253104407391e-01 5.960705510134689522e-01 7.170763132229470704e-01 7.483634224871441587e-01 7.813966497690690849e-01 6.998721207016944668e-01
6.075000000000000000e+03 4.090270166773820604e-01 5.142858283101737760e-01 4.880095056897649775e-01 5.052529870222980390e-01 5.730004596019265817e-01 5.492732046010504465e-01 6.643429627395959214e-01 6.908552447268057062e-01 7.022157914099376175e-01 6.459603760157146546e-01
6.310000000000000000e+03 4.146678798568446678e-01 5.462397173771623704e-01 6.024541746480320814e-01 4.288874360852899525e-01 5.145454544350487325e-01 5.234709158067694101e-01 6.351109014247684481e-01 7.058645763170783294e-01 6.929712821990733351e-01 6.618612881484176036e-01
6.311000000000000000e+03 4.255670638376535253e-01 5.598747344461337816e-01 3.816525682684191456e-01 4.588980260914578557e-01 4.778209779414001601e-01 5.773313951901751784e-01 6.926214710674425401e-01 7.008465010832508613e-01 7.440638853548771081e-01 7.045663313561160157e-01
6.312000000000000000e+03 4.427494483467280806e-01 3.516112074538244037e-01 4.119359694191674914e-01 4.241439500712910760e-01 5.326159297515695723e-01 6.361506197989639233e-01 6.890919379011454238e-01 7.579052035317750402e-01 7.972586896797363432e-01 7.013367106447314647e-01
6.338000000000000000e+03 4.397735337915820164e-01 4.929497377239476230e-01 3.890427513306472518e-01 4.203249806220989426e-01 5.717040900278034243e-01 6.399574380067746260e-01 6.887342817138506490e-01 6.793451454802863498e-01 7.348404235691591291e-01 6.837130013125509720e-01
6.342000000000000000e+03 2.849444342632682647e-01 4.408822497242039784e-01 4.684409300770581708e-01 4.964918534500460390e-01 6.209961225175738564e-01 7.088056818674933757e-01 6.481273034824500678e-01 6.709376622099427756e-01 6.965462821644311520e-01 7.024365372468134305e-01
6.343000000000000000e+03 2.930007848448691332e-01 4.208020889720914259e-01 4.339557660313009269e-01 5.514110847957839345e-01 6.474031698463560414e-01 5.770704579377419208e-01 6.427596862966479252e-01 6.919728980188225576e-01 7.812259787608475392e-01 6.949338144355694524e-01
6.344000000000000000e+03 2.787768691477075511e-01 3.955520387504949387e-01 4.943017392732413917e-01 5.858680717487105838e-01 5.259708746023674664e-01 5.801460626375756213e-01 6.732413794274633156e-01 7.918618967338709735e-01 7.797495384070060043e-01 6.438821717778976383e-01
6.357000000000000000e+03 2.445349934312127382e-01 4.448841342547085742e-01 5.047095967187074095e-01 5.137182132349208397e-01 6.342669635699151875e-01 6.983126769316484461e-01 6.820752222175983093e-01 6.313595938994975842e-01 7.009132064587371147e-01 6.865490976923344091e-01
6.358000000000000000e+03 2.974886842162551281e-01 4.551717337460876034e-01 4.503691419091105930e-01 5.645122748574263882e-01 6.370381911118181417e-01 6.106906645565131075e-01 6.013537424593191627e-01 6.966676593354955704e-01 7.620101406122186116e-01 6.642401061389130446e-01
6.359000000000000000e+03 3.116885578496403908e-01 4.058944616821180129e-01 5.012601655735958728e-01 5.697711371898257493e-01 5.532819501722371358e-01 5.331975867004298264e-01 6.721948159924845401e-01 7.652893385092841561e-01 7.373546113435933691e-01 6.874408371160564135e-01
6.609000000000000000e+03 2.323789990742513023e-01 4.389206154847434815e-01 4.904700360366081036e-01 5.176333799248045153e-01 6.017194160303606099e-01 5.790616567124545755e-01 6.828960418970588808e-01 6.973300713349911417e-01 7.380108279703767593e-01 7.412609465549840904e-01
6.610000000000000000e+03 2.785137324160249506e-01 4.308326975897462940e-01 4.427393436030329088e-01 5.203697221552370245e-01 5.076950236348343193e-01 5.993386108566942649e-01 6.580611799956751495e-01 7.250460533850103806e-01 8.170613730518178075e-01 7.375004087311516354e-01
6.720000000000000000e+03 2.016401311263903706e-01 3.737987200770329643e-01 4.931019021768435207e-01 5.657007920163128478e-01 6.328822021568767386e-01 5.785553145807051934e-01 6.773691572155412510e-01 7.311644438758968523e-01 7.686628441016276625e-01 7.105597836463237726e-01
6.744000000000000000e+03 2.407443869459904850e-01 3.900689292982547074e-01 4.873454919541546082e-01 5.937980046474554685e-01 5.506282470045648081e-01 6.291583991293409062e-01 7.024997445413555530e-01 7.140550792922726320e-01 7.363731803962019207e-01 6.959953457844644253e-01
6.745000000000000000e+03 2.308132683458282985e-01 4.344820781722248948e-01 5.223435546227978010e-01 4.771133284103286631e-01 5.642714504728347791e-01 6.261855508348753707e-01 6.830117767790399030e-01 7.304638795875489921e-01 7.691551770155299339e-01 6.935129893377899313e-01
6.765000000000000000e+03 2.574833374402688002e-01 3.564557374111659849e-01 4.560070326445817002e-01 5.091087608591134961e-01 6.010915879018817742e-01 6.005243782454480206e-01 7.273277463485841032e-01 7.318164799075165261e-01 7.567677878735871166e-01 7.369710306201668892e-01
