1.280000000000000000e+02 2.131619501836800323e-01 3.853982260531725323e-01 4.381337411788069902e-01 5.058192528438695268e-01 5.415252157722134640e-01 5.523722531640060662e-01 6.995520037794468182e-01 7.559835739114715292e-01 8.567295833245225367e-01 7.632568464369251515e-01
1.290000000000000000e+02 2.096241020971981450e-01 3.737362677413280099e-01 4.235324601422952862e-01 4.525949637846544693e-01 4.731324289598822785e-01 6.072919513160541793e-01 7.106395093972611710e-01 8.449888747973108849e-01 8.358428539216743447e-01 7.806278053764574842e-01
1.300000000000000000e+02 1.966055648738171679e-01 3.600337171131631764e-01 3.729685977021863774e-01 3.851988454506148352e-01 5.271916161544947244e-01 6.183816562970396724e-01 8.035711501288892444e-01 8.225593121517142947e-01 8.568809403464454633e-01 7.770733992674617729e-01
1.310000000000000000e+02 1.786316598851817039e-01 3.099673393103685171e-01 3.064561744055521175e-01 4.360965195743661815e-01 5.355768318731862765e-01 7.076947721265405278e-01 7.775820537840647528e-01 8.427732475243873145e-01 8.502830008603615708e-01 7.844026679133141444e-01
1.320000000000000000e+02 1.195853456928931552e-01 2.447444039009998018e-01 3.524404506421943695e-01 4.417783749355920220e-01 6.206061847172709145e-01 6.793063542768271734e-01 7.959161212658800721e-01 8.330286100158879048e-01 8.566761812359829920e-01 7.887994552138011262e-01
1.330000000000000000e+02 4.232383976408573417e-02 2.848293448583791299e-01 3.542578127537233668e-01 5.218545612893369379e-01 5.888932922255153413e-01 6.934917738347123883e-01 7.817878217728412293e-01 8.361101050276442681e-01 8.584287137970753045e-01 7.701215210053964366e-01
1.620000000000000000e+02 1.678263987634838195e-01 3.183616624122105332e-01 4.010583716501193163e-01 4.857578583511256154e-01 6.016046634874308019e-01 6.708947438121287687e-01 7.638471571865367293e-01 8.224923853334877855e-01 8.380848918169511164e-01 6.833400943152365681e-01
1.740000000000000000e+02 1.564048755468662177e-01 3.424277390197927318e-01 3.797479675820182310e-01 4.837985385562129093e-01 5.608223137653489676e-01 6.365656717675663989e-01 7.365772397786711778e-01 8.048965281970480445e-01 8.329317151918870232e-01 7.849457360401232986e-01
1.760000000000000000e+02 1.239590743577283494e-01 3.309495626691855152e-01 3.813494559017914232e-01 4.565838816126152611e-01 5.527624687560036554e-01 6.582054254593671105e-01 7.660323081028701520e-01 8.404215783563613318e-01 8.512992750441805700e-01 7.648522011176986934e-01
2.130000000000000000e+02 1.553375956188375873e-01 3.436476863424660078e-01 4.303264955094082134e-01 4.561925805416427449e-01 5.450331482237154024e-01 6.167222443822887312e-01 7.316240694846946058e-01 8.062202419388877495e-01 8.509918190405280081e-01 7.794831612077695038e-01
3.470000000000000000e+02 1.389835993683058435e-01 3.605767240238638704e-01 4.858021338296972802e-01 4.799925424839438515e-01 4.286060315100234663e-01 5.503925627114375496e-01 7.048270075293963099e-01 8.742572976018173625e-01 8.441772401395611913e-01 8.254080416610446447e-01
6.450000000000000000e+02 1.951092385953972497e-01 3.204536924319992264e-01 3.952719132325064333e-01 4.820542129477760618e-01 5.596169105317447823e-01 6.454670255816346014e-01 7.217211802913225949e-01 8.066118614804245190e-01 8.228533301751661533e-01 7.753351400767997115e-01
6.460000000000000000e+02 1.344004746401800399e-01 3.313857848895684355e-01 3.989982208452451107e-01 4.684573860184860772e-01 5.625338196293510062e-01 6.271554229480976739e-01 7.613362103106100509e-01 8.064036345593931232e-01 8.485260851535129101e-01 7.807542266720711721e-01
6.490000000000000000e+02 1.149109969838298662e-01 3.057422098907056074e-01 3.513136170502442202e-01 4.698080629794129659e-01 5.607753470771040805e-01 6.721562003013072939e-01 7.745655571122016525e-01 8.160091343732038816e-01 8.669692637170325344e-01 7.905095724502159138e-01
6.680000000000000000e+02 2.099283762766188943e-01 3.599448519378384281e-01 3.724025365128036391e-01 4.433553668231678957e-01 5.487493989017430129e-01 6.387024267158798452e-01 7.506212578210093023e-01 8.002543004348287026e-01 8.334543772698277397e-01 7.666534155058417621e-01
6.690000000000000000e+02 1.797146410693238328e-01 3.104745841771315851e-01 3.629174201009529033e-01 4.585305504058821424e-01 5.567023055458635294e-01 6.565518906389403719e-01 7.555459549458316548e-01 8.186521180006852694e-01 8.388173546523778334e-01 7.864954452874038937e-01
6.900000000000000000e+02 2.541270334131418007e-01 4.359402771048415115e-01 4.407366818915813833e-01 4.218043237253005229e-01 5.386131821429884781e-01 5.460347349327410171e-01 6.743981287922603540e-01 7.565642107751809897e-01 8.154144956131527122e-01 8.108271979123548023e-01
6.910000000000000000e+02 2.695768034902773502e-01 3.788279117721054523e-01 3.462763943809248346e-01 4.526115211854618292e-01 4.698109901307152003e-01 5.853882551455289462e-01 7.142608374647892999e-01 8.032863649218119351e-01 8.958638467057804533e-01 7.917337605411146617e-01
6.920000000000000000e+02 2.076645448266860594e-01 2.916040453237838115e-01 3.779273780126056193e-01 3.870643520996611131e-01 5.109148783941305227e-01 6.273167897521298997e-01 7.655337242418651655e-01 8.926470565327412343e-01 8.751289072153093374e-01 7.866566839024204949e-01
7.120000000000000000e+02 1.227447452244006532e-01 3.335184241006368122e-01 4.082692425554015347e-01 4.841284500869825203e-01 5.730580537809607522e-01 6.352034626984516263e-01 7.592657708907754044e-01 8.170061864937849805e-01 8.353377276642843796e-01 7.584569495330557576e-01
7.130000000000000000e+02 1.429085192942799731e-01 3.381569193063964085e-01 3.951401977670537247e-01 4.755980826152276242e-01 5.462666580841663011e-01 6.579435018854457029e-01 7.657609043216663247e-01 8.137287668712835931e-01 8.225081140047965089e-01 7.681397371759789428e-01
7.140000000000000000e+02 1.499478203243099494e-01 3.273596459631679667e-01 3.887283848548985232e-01 4.509605381925603784e-01 5.703900557975977170e-01 6.662096916629884902e-01 7.642195540994349834e-01 8.016843488161629061e-01 8.358253627693995602e-01 7.710681847845696213e-01
7.150000000000000000e+02 1.383216976486969507e-01 3.217719034017298974e-01 3.657863182780300981e-01 4.752823405950737379e-01 5.790355859749672929e-01 6.652308741586646645e-01 7.522211695798922682e-01 8.165812136327046389e-01 8.398401481540156421e-01 7.727767567389769443e-01
8.360000000000000000e+02 1.923927481610888113e-01 3.550904898224139239e-01 4.358291936432776015e-01 4.608443633334861067e-01 5.516857725481418839e-01 6.267495649473724395e-01 7.350715373953774501e-01 7.832634262488689103e-01 8.299394341135363229e-01 7.533773414859048501e-01
8.370000000000000000e+02 1.760506357189210169e-01 3.720768848323163791e-01 3.812536721967244580e-01 4.631995797447622798e-01 5.467578431499297009e-01 6.430070543444631470e-01 7.396830860635960070e-01 8.166391935378951583e-01 8.244775295120023717e-01 7.607743912010105358e-01
8.380000000000000000e+02 1.913100389511417365e-01 3.170182083193795464e-01 3.798768498836241903e-01 4.545356651932058178e-01 5.588697638698894021e-01 6.436397279196154342e-01 7.704967771050091896e-01 8.069189177732174478e-01 8.298441272012313519e-01 7.747914753583764469e-01
8.390000000000000000e+02 1.304292794417865331e-01 3.167360723218295426e-01 3.727076914140426411e-01 4.676212335092608807e-01 5.606396423913626581e-01 6.752709025387247932e-01 7.615528801104433088e-01 8.138509436850172030e-01 8.477792028616473186e-01 7.785425562261981680e-01
8.750000000000000000e+02 1.584065386971115486e-01 3.564091270313998194e-01 4.156648709201689607e-01 4.797895125489944901e-01 5.771546674810156263e-01 6.335368364685997067e-01 7.376389157425479182e-01 8.033016558547979580e-01 8.140338922260692556e-01 7.513010564621726006e-01
8.830000000000000000e+02 1.326208803255206348e-01 3.242492820918730367e-01 3.963593321456915786e-01 4.491376087243338922e-01 5.555021986367272291e-01 6.498008382540935157e-01 7.443973256598691579e-01 8.108509414960280992e-01 8.651670440570841114e-01 7.890022622639540906e-01
8.860000000000000000e+02 9.887943963000050962e-02 3.026366839790117225e-01 3.754556563009260328e-01 4.571027055428644181e-01 5.687941723667335747e-01 6.942325594062227490e-01 7.893688268855203471e-01 8.302006319480567109e-01 8.456687930281019394e-01 7.688209046814581393e-01
1.039000000000000000e+03 1.327915981409474033e-01 3.515556595948918783e-01 4.203341982516591857e-01 4.882358445230841060e-01 5.795410043370081699e-01 6.210220345755008697e-01 7.364470807411660491e-01 7.947409352355710999e-01 8.316165899747743895e-01 7.650960057431976935e-01
1.040000000000000000e+03 1.652604099356400347e-01 3.513736650990728627e-01 4.009616671470668803e-01 4.840024671797730216e-01 5.343808436126088468e-01 6.374731404951669012e-01 7.446666247066523470e-01 8.117319993494015451e-01 8.323663982765138192e-01 7.618251165613723064e-01
1.075000000000000000e+03 1.922679450860343142e-01 3.585977247811393820e-01 4.100583135194996176e-01 4.748260102110983261e-01 5.343637835269940961e-01 6.421789233398239594e-01 7.583111420237501621e-01 7.972502448141183251e-01 8.064575578005983569e-01 7.538097286473581793e-01
1.077000000000000000e+03 1.654691246297622653e-01 3.310511190850258245e-01 3.651178725884688947e-01 4.710896932477394716e-01 5.830554946511247172e-01 6.597095475203990089e-01 7.457403134986247961e-01 8.090882158058425588e-01 8.203047179346502071e-01 7.757383551155546675e-01
1.078000000000000000e+03 1.437386601892668980e-01 3.005648104310356117e-01 3.861200931940972914e-01 4.890200696383320556e-01 5.739156030442428280e-01 6.482526443061257249e-01 7.612338048013214120e-01 8.010795653913985737e-01 8.466189791773612860e-01 7.759808716106337823e-01
1.127000000000000000e+03 1.761767259395129182e-01 3.610664229300555306e-01 4.205850342627232008e-01 4.756661645339418931e-01 5.625247529263951440e-01 6.409737608233404549e-01 7.354683865533340192e-01 7.846760483447339229e-01 8.207355071302409044e-01 7.489038959713700816e-01
1.128000000000000000e+03 1.811134581585275294e-01 3.561704982812934905e-01 3.938052880076617912e-01 4.722598585901576218e-01 5.590665811205650648e-01 6.417072501868819057e-01 7.394436401451731644e-01 8.050534516029306253e-01 8.175641452357137462e-01 7.598158568880689634e-01
1.129000000000000000e+03 1.769655965769404427e-01 3.320497849617103370e-01 3.918418210058899342e-01 4.701898309276655308e-01 5.611479755462996932e-01 6.470243517713722969e-01 7.620938776431044337e-01 8.029779388695578168e-01 8.319570662680663142e-01 7.542296423164110974e-01
1.191000000000000000e+03 1.252315098619170841e-01 3.601878189273835518e-01 4.284453999002509894e-01 4.751101646327379191e-01 5.529345581241197349e-01 6.507951578435950957e-01 7.586857675459799388e-01 8.101460128874442557e-01 8.209864547736450691e-01 7.455455022880447258e-01
1.195000000000000000e+03 1.225032642563957663e-01 3.230614747393137920e-01 3.983610965698287099e-01 4.874470991310576040e-01 5.730379167606390878e-01 6.469046499916435433e-01 7.558793236291779793e-01 8.225296802310216870e-01 8.354485702529593771e-01 7.625260073495770952e-01
1.235000000000000000e+03 1.726238722241812129e-01 3.579117917651643554e-01 3.984963172206747450e-01 4.554254583521837874e-01 5.421748534079442461e-01 5.917860237021215219e-01 7.636258128743965701e-01 7.687136692784455327e-01 8.720863382274736120e-01 7.890203298693062584e-01
1.255000000000000000e+03 2.849179702996052499e-01 3.364062158572185823e-01 3.872127717603930375e-01 3.972215651437023265e-01 5.619449847861401892e-01 6.883440803091107618e-01 7.536749157710083136e-01 8.358634320401703288e-01 8.266409010949861136e-01 6.820907407082913432e-01
1.423000000000000000e+03 2.890723504300515834e-02 2.950963894211842131e-01 4.544005171943277244e-01 4.961753535832781892e-01 6.582921970358939223e-01 6.165391923992838974e-01 7.678976340154133329e-01 8.269807276361033077e-01 8.385101774390983920e-01 7.485627860734187511e-01
1.575000000000000000e+03 1.636172004982691663e-01 3.316785435500300694e-01 3.954498261783969681e-01 3.605983424996594411e-01 5.364470873867507317e-01 6.703905217674568373e-01 7.865079776776424669e-01 7.777368193841978083e-01 9.155627424463732567e-01 7.797574919220893186e-01
1.577000000000000000e+03 1.577816627643800484e-01 2.350598492584811405e-01 3.744459489037588185e-01 5.062283620708936116e-01 6.183475752819352911e-01 6.476006571282370006e-01 8.767906589463027034e-01 8.506623510666782018e-01 8.574307746156393240e-01 6.517763436316468262e-01
1.601000000000000000e+03 1.553816194670088469e-01 3.644630358086565769e-01 3.954465328972188720e-01 5.308450350931653849e-01 5.775475748137227638e-01 6.215649364778724761e-01 6.961398246481830254e-01 7.696404369096759845e-01 8.300885166275244753e-01 7.755667905950985874e-01
1.602000000000000000e+03 1.811025733239024493e-01 3.290003546813516921e-01 4.427307202173089151e-01 4.833185054908414324e-01 5.362067578770514098e-01 5.989614521628388033e-01 7.198489020188748588e-01 8.113696939415659948e-01 8.461634621420912605e-01 7.701428650528276965e-01
1.603000000000000000e+03 1.407472607985197910e-01 3.733395731073137491e-01 3.971177382974815373e-01 4.421285591682607707e-01 5.136144663373068964e-01 6.219746306281983550e-01 7.629083118794398599e-01 8.283090812496261002e-01 8.392571321872079881e-01 7.925786417594226085e-01
1.620000000000000000e+03 2.163922829962042216e-01 3.707393296458897369e-01 3.737434342426435019e-01 3.850001208983197531e-01 6.242856128470715138e-01 6.839533421201577923e-01 7.659866275285496240e-01 7.956395601876516954e-01 8.370233299004610217e-01 6.942613558186856437e-01
1.730000000000000000e+03 8.794025733651944510e-02 3.098332076245230993e-01 3.527335145382315962e-01 4.263861727065017537e-01 5.431525581624935262e-01 7.373189863854741066e-01 8.286932919158831456e-01 9.205574134150176224e-01 8.214331496682628631e-01 7.219792768599929689e-01
1.731000000000000000e+03 1.193072314472108097e-01 2.883852903417115088e-01 3.430812363264088560e-01 4.491272728338981390e-01 6.495526194957419452e-01 7.296832684453455897e-01 8.768346828451037966e-01 8.017707849416024768e-01 7.814179344164100538e-01 7.204927818102355719e-01
1.738000000000000000e+03 1.724002524566494166e-01 3.180511032945920191e-01 3.822704092571535539e-01 4.739016509189503124e-01 5.663034156643719230e-01 6.419570843895556767e-01 7.609431286655001792e-01 8.239879172115132100e-01 8.120326809190617778e-01 7.757281985750569264e-01
1.739000000000000000e+03 1.344307923210259215e-01 3.215186352094138167e-01 3.938093958952422202e-01 4.777589546086287720e-01 5.618232215151340858e-01 6.687232259913795662e-01 7.822820409988613388e-01 7.974304958373699126e-01 8.515204172840986629e-01 7.446241964259682211e-01
1.740000000000000000e+03 1.417032838481222801e-01 3.354250994893739901e-01 4.006433732013642279e-01 4.766529077753141053e-01 5.914829239850196707e-01 6.932663361463666796e-01 7.580571394597939161e-01 8.434159609528838475e-01 8.171327880772525365e-01 6.925358258612250850e-01
1.763000000000000000e+03 9.905501198689994902e-02 2.776909581661185511e-01 3.658379826855968076e-01 5.201308798767746433e-01 5.851791251154460083e-01 6.754303801724841350e-01 7.890819679795088026e-01 8.371688865910166255e-01 8.318995085862435079e-01 7.570870715112593130e-01
1.767000000000000000e+03 1.303855011808933984e-01 3.228856964204020463e-01 4.031129007030561096e-01 4.902949299259913851e-01 5.605813047406658089e-01 6.375532340927361208e-01 7.492784872438538191e-01 8.017298351596905404e-01 8.452169990256309662e-01 7.798741533290411976e-01
1.782000000000000000e+03 2.236970545840031022e-01 3.204764893129155578e-01 3.954191244432623820e-01 4.626865049312910427e-01 5.859999322308123704e-01 6.791771388320979597e-01 7.813599651295606296e-01 8.157648469717676543e-01 8.196047347973167696e-01 6.746054311533841163e-01
1.791000000000000000e+03 1.325397349519589763e-01 3.375861011159682068e-01 3.759520199550999697e-01 4.843779319714648923e-01 5.911866542102547362e-01 6.436378999761325215e-01 7.188188686843296482e-01 8.137236655224675541e-01 8.424818619148722876e-01 7.799011410844421954e-01
1.806000000000000000e+03 1.433249496738761564e-01 3.494728797311519308e-01 4.128189543477503998e-01 4.865386541371893303e-01 5.734183178009589765e-01 6.605944615937355824e-01 6.925157667587295007e-01 7.654922386766565001e-01 8.080436478031572944e-01 8.159081825773500940e-01
1.808000000000000000e+03 1.444416383592336817e-01 3.203544116064775404e-01 3.793739196408896230e-01 4.653457478211494580e-01 4.954454946127270221e-01 6.027306726109106227e-01 7.229271659882846590e-01 8.659570508563146918e-01 8.972361357734524034e-01 8.123762779128288480e-01
1.809000000000000000e+03 1.269412214410317596e-01 3.098322960229265011e-01 3.761986369010424935e-01 3.979369134964195753e-01 5.132696341182937383e-01 6.208845467105642557e-01 8.155562362627867268e-01 8.793506198543016295e-01 8.863265477909227918e-01 7.925526743165139942e-01
1.845000000000000000e+03 1.084889961588512280e-01 3.613749415974450430e-01 4.263642206208282381e-01 4.735199821757655192e-01 5.470480022008519239e-01 6.337228109606026782e-01 7.675477496318230397e-01 8.011843856369180727e-01 8.017804726556586603e-01 7.937793398333320427e-01
1.847000000000000000e+03 1.672283216640907122e-01 3.160730170375367076e-01 3.624794804010960658e-01 4.475900387597964158e-01 5.764453573088303973e-01 6.479210113590149200e-01 7.244834076309150106e-01 8.455798429907913638e-01 8.713116299060391645e-01 7.666514174375280710e-01
1.848000000000000000e+03 1.253492712243478857e-01 2.967262807174191885e-01 3.623349094098341494e-01 4.809978481451402388e-01 5.608269277714619250e-01 6.257028649362998962e-01 7.976850054156930936e-01 8.546101625465837293e-01 8.342840846644108410e-01 7.877494567993769126e-01
1.851000000000000000e+03 1.049222064168955776e-01 2.841334140170437839e-01 3.287768513260461156e-01 4.820525515154652219e-01 5.866001370205322640e-01 6.332244064409388029e-01 7.605257232305449033e-01 8.158582751932748067e-01 8.847028999988791886e-01 8.307263052378004442e-01
1.894000000000000000e+03 2.765109212304435737e-01 4.180616444373325691e-01 4.596887859290387790e-01 4.504740835546431899e-01 5.138970646420605304e-01 5.775073739462270872e-01 6.820346165903036217e-01 7.655566559437768648e-01 7.944039736714592070e-01 7.717553612365900539e-01
2.051000000000000000e+03 2.714407371525927593e-01 3.261362831247950345e-01 3.746157909919898277e-01 3.727065119929890979e-01 4.736780115432409066e-01 6.305059166268918158e-01 7.055410835811077863e-01 9.385386912021679295e-01 8.621933680403535138e-01 7.678777372634971732e-01
2.052000000000000000e+03 1.506097912736371891e-01 3.205342471646324132e-01 3.039885014573412980e-01 3.931969913908122671e-01 5.576188404294281087e-01 6.210918622671498524e-01 9.091395230126511073e-01 8.586262969682042501e-01 8.485546442974682968e-01 7.718255765457530115e-01
2.053000000000000000e+03 1.256570155286358681e-01 2.372917733193822820e-01 3.061965083834227164e-01 4.577773430818879441e-01 5.297993831850030810e-01 8.032543980785995519e-01 8.063769857472762315e-01 8.253696209758455415e-01 8.361724013978314440e-01 8.074648044806429503e-01
2.054000000000000000e+03 3.069392120654828790e-02 2.382495149392709621e-01 3.664027659457258501e-01 4.290892511553334732e-01 7.071459599743329383e-01 7.004609893188129544e-01 7.704192463363093157e-01 8.107432512702253957e-01 8.778531349978536680e-01 7.972694405751898916e-01
2.056000000000000000e+03 7.732977217644028400e-02 2.530269050355292704e-01 4.876598907945386419e-01 4.861867675865247929e-01 5.529929319056041681e-01 6.310505258955695362e-01 7.827504133937105424e-01 8.240248553555274968e-01 8.559217407484164264e-01 7.747156140182276385e-01
2.058000000000000000e+03 2.172533214923080269e-01 3.141225713280783038e-01 3.539978576934474375e-01 4.302453558839614001e-01 5.761198996744426593e-01 6.560900446840489675e-01 7.697684282837045089e-01 8.059423305796173942e-01 8.574249547366987745e-01 7.531890790107134137e-01
2.059000000000000000e+03 1.334106068743309281e-01 2.977841430504258868e-01 3.554220717240073601e-01 4.908207634903245520e-01 5.791174200476724154e-01 6.809349625667183714e-01 7.669856976324042064e-01 8.498420861333734200e-01 8.274980896971353417e-01 7.554601136045733245e-01
2.143000000000000000e+03 2.176575238621508979e-01 4.056813781830859167e-01 3.787866419071035384e-01 4.445375357046379983e-01 5.539501030653061209e-01 6.258581492170698368e-01 7.094039984992788206e-01 7.606939786393217551e-01 8.485063781544326389e-01 7.694350208764896282e-01
2.157000000000000000e+03 1.617087369983848943e-01 3.092902961700498832e-01 3.069911753703045698e-01 4.383234485459325258e-01 5.710545911844863154e-01 6.537150171692868161e-01 7.300511598063349483e-01 8.036729462825413783e-01 9.205595549966063551e-01 8.159202610629359143e-01
2.185000000000000000e+03 2.378232259176969732e-01 3.817817408594512130e-01 4.287768691685522882e-01 4.838083269974182699e-01 5.348988262824834194e-01 6.093208041094800853e-01 6.864526911880796112e-01 7.664001741203833040e-01 8.475894181230897440e-01 7.438670802482744149e-01
2.187000000000000000e+03 1.759352560769724960e-01 3.307505234407926986e-01 3.567934693004081170e-01 4.299741358886571274e-01 5.039172878853064308e-01 6.183292914348681446e-01 7.822714310510117119e-01 7.868321960317375963e-01 9.544908081878004102e-01 7.764665652930904383e-01
2.189000000000000000e+03 1.047157926005650858e-01 2.871360610819452264e-01 3.327915104877118835e-01 4.440575678376496582e-01 6.023220140277715240e-01 6.449183694659245125e-01 9.081982143688804854e-01 8.345957342645671240e-01 8.363676641109500931e-01 7.502612022133233749e-01
2.204000000000000000e+03 1.885072968912823999e-01 3.343965649950736418e-01 3.794440812909362637e-01 4.743813138631944315e-01 5.756398835081774079e-01 6.381715624644229701e-01 7.494361179929842631e-01 8.141044610020593542e-01 8.294606781783927518e-01 7.486769171992038174e-01
2.256000000000000000e+03 2.390334431561014217e-01 4.007575034703047545e-01 3.856980429074376437e-01 4.525771785435620531e-01 5.505079513111976741e-01 6.187356112886397419e-01 7.141505553281222163e-01 7.697455113199870302e-01 8.300162433594171496e-01 7.583717510417240515e-01
2.257000000000000000e+03 2.254679365842679473e-01 3.228413816236780920e-01 3.714760274364404258e-01 4.600338556174133897e-01 5.368611872755679748e-01 6.202550942480369311e-01 7.234978460080649931e-01 8.147062780688243411e-01 8.286268580410400819e-01 8.103270345563320376e-01
2.258000000000000000e+03 1.370629884670533927e-01 3.088545867419560942e-01 3.780094619547142432e-01 4.459711345367539659e-01 5.377522104888384780e-01 6.288834250068636722e-01 7.697449911006236656e-01 8.126085284408963716e-01 8.906375415035473475e-01 8.041125474325026001e-01
2.260000000000000000e+03 1.175318919066032503e-01 2.928632147618662196e-01 3.554044656527479695e-01 4.446378821162293438e-01 5.803373325470244648e-01 6.614697257635676619e-01 8.261462335670621826e-01 8.607460154120538665e-01 8.323794346942657851e-01 7.649510178676505179e-01
2.261000000000000000e+03 1.029827577465186883e-01 2.933866008506962331e-01 3.630701419764673088e-01 4.885809692196700915e-01 5.779150190385609065e-01 7.300466195214854181e-01 8.174223640224481668e-01 8.163596224989415617e-01 8.357179942653887306e-01 7.238237633819916139e-01
2.268000000000000000e+03 1.245158722296883930e-01 3.151959897020782941e-01 3.279315168756894994e-01 4.142645636464633019e-01 5.903077206435241031e-01 6.778049546143731785e-01 8.643978256118457493e-01 8.750263929893581372e-01 8.359815502151553002e-01 7.241404533796503840e-01
2.269000000000000000e+03 1.293483274289445872e-01 2.684631902083505772e-01 3.352785244187377334e-01 4.996116469872817212e-01 5.951598850995647449e-01 7.691022584482645197e-01 8.335602619644785216e-01 8.214414853466741606e-01 7.876741253215306937e-01 7.208877052900545257e-01
2.302000000000000000e+03 3.037375504964244244e-01 3.467138067184521444e-01 3.462794450524179224e-01 3.732101476572541321e-01 5.251649294775678767e-01 6.426059815799520791e-01 7.856137768863479254e-01 8.005211811806687283e-01 8.322679787248022931e-01 7.718556425081287697e-01
2.303000000000000000e+03 1.793830186443511332e-01 2.985907737770087667e-01 3.096037205136422665e-01 4.495109307967398160e-01 5.750459786259000117e-01 7.060134696555085965e-01 7.708063372154511095e-01 8.317731185802611504e-01 8.584455703027380480e-01 7.585513550371276725e-01
2.304000000000000000e+03 1.149869723307137270e-01 2.549620177269843468e-01 3.729224206800977326e-01 4.888591949033952444e-01 6.272532204085525809e-01 6.810301535786205118e-01 7.929880475911222915e-01 8.500372941940973481e-01 8.331231693344306466e-01 7.327988958214737281e-01
2.311000000000000000e+03 2.455848243695075428e-01 3.897150077607979268e-01 4.199986718924420548e-01 4.774872867537076071e-01 5.386610981454246216e-01 5.494268371089282565e-01 6.950429288003188155e-01 7.990307608792059924e-01 8.139744047320526255e-01 7.815307529626873695e-01
2.312000000000000000e+03 2.214247426096568327e-01 3.627044795139660605e-01 4.030087327634594430e-01 4.565218129319199569e-01 4.770230271430186963e-01 6.097861086130048625e-01 7.626065156104818721e-01 8.056160752617020915e-01 8.641828678101799444e-01 7.582696749377311196e-01
3.121000000000000000e+03 3.154988709615011433e-01 3.223633880646139538e-01 3.795236383316837325e-01 4.519352341469870527e-01 5.552932987045804403e-01 5.677347912853192291e-01 7.125754698920659935e-01 8.119121467069844167e-01 7.908301954819131341e-01 8.086533940383697772e-01
3.720000000000000000e+03 1.029170107186004046e-01 3.119879273521272145e-01 2.674666392167669993e-01 3.312472871082254300e-01 5.144752601389750435e-01 6.974716564310884381e-01 7.783980692113539046e-01 8.396397151974094308e-01 1.000000000000000000e+00 8.542425861932279041e-01
3.757000000000000000e+03 1.885016699504821203e-01 3.046696420054930132e-01 3.643773751867332988e-01 5.752508424361781891e-01 5.715508361828017803e-01 5.192122384148419867e-01 6.486947204699489156e-01 8.003520646006786476e-01 8.818028179829944246e-01 8.421675226430218597e-01
3.922000000000000000e+03 3.024481179678987219e-01 4.807787135030974213e-01 4.262033171177575519e-01 3.830987024872165025e-01 5.406254357739421756e-01 5.461957328402217149e-01 6.892510389928767633e-01 7.546637041641065524e-01 8.211604459226531372e-01 7.612213324112795387e-01
3.923000000000000000e+03 3.220029860802519073e-01 3.667068065726462600e-01 3.111062883525137490e-01 4.563988127391432337e-01 4.717757582616755596e-01 6.019316089548507609e-01 7.141552284968133435e-01 8.113047630709305791e-01 8.377720642752338742e-01 8.160895618583422495e-01
3.924000000000000000e+03 2.017727756707298481e-01 2.651015028567321741e-01 3.887791429977369706e-01 3.965418123030139963e-01 5.348551700321578783e-01 6.350540777994518882e-01 7.818825871000040229e-01 8.375474242109328671e-01 9.116471625663088441e-01 7.737507023359888603e-01
3.925000000000000000e+03 7.722861562921183587e-02 3.298977381732266512e-01 3.224663802249488342e-01 4.491685774048262969e-01 5.575394329607403776e-01 6.919887003878519849e-01 7.990129429272663231e-01 9.075079661954863486e-01 8.514398345520118871e-01 7.498837119102240711e-01
4.155000000000000000e+03 2.542258277165675429e-01 4.903138986776433561e-01 3.734267640214822270e-01 4.581886744791240362e-01 3.849591972399976636e-01 5.041452347124916189e-01 7.681401327043960725e-01 8.352658692987618982e-01 7.866232988719149555e-01 8.330772083636905911e-01
4.156000000000000000e+03 3.229147080277540716e-01 3.082290143536715044e-01 3.736397871927433778e-01 2.933630426293371007e-01 4.210149380602359881e-01 6.701679681306882408e-01 7.882881909924548403e-01 7.645187475623292928e-01 9.154428983985336554e-01 8.451745365809311128e-01
4.157000000000000000e+03 1.263963865791641050e-01 3.160490175093035314e-01 2.246763424273987009e-01 3.372645647021008108e-01 5.925803142952100755e-01 6.988792668433800870e-01 7.233937941939816429e-01 9.121508372641690121e-01 9.380086442801687241e-01 8.386804416419370023e-01
4.177000000000000000e+03 2.819344484974740106e-01 4.173418093710306032e-01 2.892103897950359936e-01 4.551419750767953798e-01 5.852688947872469738e-01 5.862436861849836811e-01 6.587996775376703251e-01 7.094445915333745800e-01 9.352889565968646179e-01 7.854617388731254257e-01
4.868000000000000000e+03 1.509699870433779401e-01 2.943168679251341735e-01 4.133518999827561768e-01 3.147991221058318301e-01 5.635084142293049769e-01 6.028990615808756948e-01 7.693033334956748126e-01 9.065653979078304170e-01 8.823487834648570116e-01 8.133139808292941808e-01
4.869000000000000000e+03 8.800299200976433034e-02 3.333312630183936087e-01 2.241228408087347912e-01 4.555192787383567921e-01 5.038295118821519702e-01 6.568192637103080767e-01 8.477482565433314132e-01 8.536492503756240025e-01 8.785055380847458517e-01 8.638817659309766528e-01
5.093000000000000000e+03 2.748760300239386223e-01 1.937970793924548019e-01 2.411706365976929445e-01 4.581558615827424075e-01 5.257563590563000266e-01 7.379314166514924223e-01 8.338221825069114246e-01 8.381188404262186475e-01 8.596108647421121240e-01 7.858941804133995346e-01
5.094000000000000000e+03 4.378418774035852147e-03 1.968867577967197413e-01 3.883624641402889655e-01 4.477272573978388071e-01 6.663802135052580011e-01 7.512784458283195965e-01 8.075729931265357431e-01 8.589455323116685914e-01 8.731586306604757208e-01 7.530234371136544924e-01
5.157000000000000000e+03 1.949674619973496281e-01 2.590935919940798304e-01 3.795469264808493670e-01 4.638589550047564902e-01 5.984014156395687234e-01 6.169578354290042865e-01 7.176671054289058826e-01 7.372428421090472250e-01 8.453466932397540878e-01 8.844674349209166175e-01
5.158000000000000000e+03 5.654941448824825356e-02 3.087190915051503670e-01 3.734343496488354286e-01 4.980302618166252415e-01 5.257920391740243948e-01 6.142283420729599541e-01 6.800348459099598841e-01 8.219574079128189048e-01 9.717106090097061832e-01 8.409525322377989776e-01
5.159000000000000000e+03 1.086442134177840191e-01 2.996049169072447227e-01 4.023788966278301071e-01 4.227477276895477143e-01 5.193641849158157076e-01 5.732602268399673573e-01 7.643475925759800615e-01 9.544116172744582238e-01 9.158619247795559692e-01 7.613491984807552182e-01
5.160000000000000000e+03 1.044351894030957767e-01 3.323317836712081363e-01 3.364822691289764411e-01 4.223610214094309367e-01 4.852085163243436416e-01 6.626669632086055195e-01 9.085761150426017174e-01 9.002965825540587552e-01 8.257216416038839490e-01 7.593827142559216314e-01
5.161000000000000000e+03 1.379807901734582398e-01 2.671501809768637159e-01 3.330394145890494539e-01 3.854593821101760520e-01 5.696192607279486619e-01 8.017078699587295576e-01 8.487704393792696589e-01 7.998040501826054749e-01 8.203299159581309841e-01 7.788188311396241348e-01
5.214000000000000000e+03 1.722944098683803216e-01 3.526309164416757680e-01 4.233861884340872073e-01 3.771297528131237198e-01 4.834350398575241736e-01 5.957696878062622714e-01 7.542150122293195258e-01 8.434449912111867675e-01 8.888448683097225356e-01 8.113716131877689586e-01
5.217000000000000000e+03 3.267131484120707613e-02 2.446822595774445497e-01 3.320318776706792652e-01 4.731593066281246096e-01 6.084943836081955215e-01 7.274658077573979975e-01 8.266486877525822674e-01 8.943523780617698149e-01 8.626337012920705094e-01 7.457950267497894803e-01
5.253000000000000000e+03 1.988348977034140042e-01 3.775627294300571979e-01 4.123321442160944872e-01 4.265656644041502799e-01 4.690881247538682963e-01 6.244906757129339292e-01 7.624257073636969695e-01 8.171033419793731767e-01 8.383711457678899581e-01 7.860938871149091289e-01
5.254000000000000000e+03 1.963996115841842860e-01 3.454440048358685122e-01 3.439977567269295045e-01 3.768363851160062561e-01 5.396139684446634721e-01 6.650142898468112129e-01 7.698619502538519566e-01 8.208408993975158108e-01 8.593312147872472773e-01 7.996024070989474763e-01
5.255000000000000000e+03 1.648449091877559336e-01 2.849005796583424233e-01 3.009475412113103432e-01 4.509554270791572006e-01 5.840074710780162048e-01 6.770722387974890122e-01 7.785238307696408233e-01 8.480482418314935211e-01 8.798536377446245504e-01 7.661077758240425473e-01
5.356000000000000000e+03 1.600161187059200296e-01 2.547452941367664425e-01 3.613473752356891056e-01 4.526273728810871200e-01 5.597706090474702245e-01 6.650030464171379219e-01 7.186267877741308041e-01 8.705718944112913471e-01 9.343697906087373717e-01 7.544859583751361010e-01
5.357000000000000000e+03 6.252282852266041746e-02 3.012303829205537076e-01 3.730290548924409810e-01 4.707607148827768762e-01 5.839009115712521236e-01 6.263117899376734465e-01 8.302789155509555652e-01 9.289798964728469555e-01 8.254214242717329286e-01 7.389901709173397615e-01
5.358000000000000000e+03 1.085423756337138973e-01 3.066182770993283735e-01 3.842956196940154889e-01 4.882621678587009684e-01 5.395303609616723950e-01 7.301409411643478009e-01 8.844809197563183734e-01 8.050066193187905839e-01 8.009080549434604013e-01 7.085161726276381078e-01
5.361000000000000000e+03 1.373972012241040652e-01 2.875188122583178241e-01 4.483705693008903648e-01 5.898997289946742439e-01 5.618116686747862687e-01 6.218150584466441977e-01 6.794489899890024942e-01 7.877383560207439350e-01 7.990260216996277753e-01 8.027871569913933580e-01
5.362000000000000000e+03 9.455671312644123305e-02 3.791494884182731728e-01 4.990465040325177681e-01 4.679155469204533402e-01 5.365755818153837842e-01 5.825924542002506312e-01 7.388348689953405657e-01 7.779717721479425530e-01 8.790449725068820719e-01 7.555736227302148889e-01
5.364000000000000000e+03 2.409606901474752594e-01 3.078819139277405581e-01 3.493314598782521485e-01 3.946451985565353482e-01 5.450713331869181388e-01 6.204269863495850412e-01 8.075965882361522130e-01 7.924744166677802903e-01 8.421079296346863918e-01 8.172443629819480249e-01
5.365000000000000000e+03 1.195189450941986642e-01 2.873012494200571920e-01 3.151212418468748999e-01 4.533959140426077061e-01 5.372344096561081361e-01 7.113129894549965471e-01 7.458604996476623228e-01 8.264771610219577846e-01 8.983286726424181134e-01 8.206616793380415720e-01
5.371000000000000000e+03 4.922005009406418136e-02 2.756928423956259144e-01 3.940577246562802505e-01 4.819549671894189369e-01 6.154365970870181446e-01 6.841553516845553240e-01 8.076464638793797723e-01 8.656150239551282377e-01 8.555392905587760888e-01 7.185407951786394465e-01
5.396000000000000000e+03 2.127690305424622674e-01 4.044158239491781881e-01 4.523796522061378500e-01 3.297966280903012470e-01 4.923104599342651988e-01 5.829224499854924746e-01 7.817857249099426920e-01 9.205923111880066623e-01 8.456493912909262001e-01 7.079959695380056983e-01
5.404000000000000000e+03 2.083795911602473183e-01 3.099779504198120761e-01 3.669291414359686643e-01 4.371104513460346008e-01 5.499032771278571374e-01 6.675829693574810708e-01 7.419227855657059001e-01 7.981794854856634203e-01 8.307306266321380361e-01 8.078343285604803192e-01
5.405000000000000000e+03 1.224181470124690169e-01 3.044206455992043425e-01 3.560463816934180126e-01 4.586945997647001172e-01 5.840689131887102370e-01 6.469441681636391994e-01 7.523621253118788488e-01 8.147301495720808973e-01 8.874963652105990475e-01 7.921065318884341622e-01
5.436000000000000000e+03 5.709838583959666591e-01 0.000000000000000000e+00 1.624407890799613730e-01 2.865402532647354783e-01 4.481297341357972086e-01 6.133967019044572755e-01 8.538251273603821856e-01 8.333517717645129164e-01 9.369547665267833336e-01 1.000000000000000000e+00
5.446000000000000000e+03 1.021719520435370454e-01 3.692388932850939054e-01 4.425315334674524426e-01 4.320996450934589950e-01 5.832892937220404139e-01 6.839768193216113623e-01 7.859536355884031433e-01 7.360420194383078263e-01 8.711426696824838833e-01 7.244340635572049658e-01
5.459000000000000000e+03 2.024240494776647359e-01 3.374442463239347156e-01 2.616015087598914657e-01 5.458497059920777161e-01 5.348663100658387348e-01 5.727943526272738506e-01 8.120990513652965870e-01 8.175870075472572163e-01 8.934076679202006543e-01 7.537742234192991164e-01
5.722000000000000000e+03 3.762602231886249537e-01 3.744278670250170693e-01 4.045237261480492674e-01 4.715107429512597759e-01 5.410240057998139118e-01 5.755053126670104380e-01 6.854314328603146045e-01 7.406534855060251665e-01 8.107413793324809159e-01 7.456116128669568743e-01
5.723000000000000000e+03 2.179967466885426031e-01 3.602549671405265719e-01 4.101886011466967519e-01 4.723451827884464493e-01 5.162423258042742047e-01 6.141386879177811453e-01 7.157238416933174863e-01 8.156786705527840908e-01 8.334424797218539238e-01 7.642240356330860518e-01
5.724000000000000000e+03 1.784914901573866342e-01 3.448239976081007852e-01 3.890488999035631168e-01 4.249107928645074472e-01 5.310255893021201823e-01 6.204629807027950417e-01 7.700097532749493601e-01 8.170884042878755471e-01 8.344546140009106994e-01 8.033828919891937703e-01
5.725000000000000000e+03 1.566583565252975541e-01 3.208954992645574045e-01 3.397602225691864208e-01 4.351454923138241004e-01 5.328186589508457915e-01 6.695954936907055899e-01 7.668979448693984402e-01 8.137850506287090946e-01 8.775067608703214228e-01 8.036646150452393389e-01
5.781000000000000000e+03 2.407018757339023374e-01 3.832816176667349639e-01 4.365978863943140165e-01 4.985880772091356161e-01 5.086452412530132472e-01 6.119723109143598849e-01 6.890481377698296495e-01 7.770831119302890055e-01 8.021718285454123576e-01 7.682297419565063956e-01
5.783000000000000000e+03 2.018190225265926729e-01 3.595821565961955790e-01 3.484052718051866004e-01 4.496652416311898715e-01 5.237480254446283956e-01 6.470523104180538887e-01 7.491495533729956025e-01 8.357798551853558022e-01 8.447860906320890928e-01 7.648899446220280840e-01
5.784000000000000000e+03 1.932600898150066693e-01 3.000336914605347682e-01 3.819196719292686781e-01 4.474746952930022670e-01 5.787730744692102247e-01 6.692378806365922861e-01 8.069599076022149209e-01 8.446696585481411335e-01 8.494467670092473721e-01 6.850685425088820502e-01
5.809000000000000000e+03 1.948408442917381189e-01 3.562136538227899107e-01 4.170653473873241479e-01 4.575165294600717081e-01 5.897973593043855933e-01 6.745210601800288863e-01 6.170895529270482571e-01 7.779085964105384443e-01 8.102769408419497887e-01 8.112291122265293808e-01
5.810000000000000000e+03 1.683084709720764627e-01 3.463342086873159587e-01 3.696834762616489356e-01 4.919554785860230650e-01 5.846872050705453905e-01 5.173492972141243706e-01 7.248805189701416074e-01 7.865459393554774525e-01 8.858662300342509122e-01 8.241592039594770602e-01
5.811000000000000000e+03 1.556493012066980652e-01 3.001997208634334946e-01 4.010014433606584050e-01 4.854023867009643056e-01 4.289884368776127332e-01 6.222682784707184167e-01 7.323011907747603022e-01 8.665517467836428844e-01 9.000043413350446997e-01 8.144353750289932137e-01
5.851000000000000000e+03 1.430024154010890169e-01 3.391557768148223406e-01 3.971619463056609289e-01 4.220850854307515720e-01 3.700007167200646263e-01 7.561139898123906411e-01 7.776578593005388784e-01 8.974522478973010475e-01 8.942902443442141136e-01 7.349362534840955252e-01
5.852000000000000000e+03 1.467160485261954084e-01 3.254076121542648914e-01 3.337592970010252458e-01 2.729069978886673464e-01 6.623224518189446686e-01 6.735212202492375511e-01 8.469082121634681215e-01 8.747862732026713273e-01 7.918900414357626927e-01 8.009837898030823800e-01
5.920000000000000000e+03 3.625708006009449313e-01 3.451380230193180632e-01 4.075379485778191646e-01 4.591670988763505989e-01 5.101828609264236203e-01 5.884424255678982751e-01 6.876791529622436894e-01 7.043499199761191765e-01 8.504792786103246849e-01 7.954114754501542262e-01
5.921000000000000000e+03 1.640422394901316083e-01 3.446086874711327686e-01 3.789180265344004872e-01 4.214530337405160143e-01 5.083528773431793546e-01 5.953447619776220945e-01 6.565943005279055722e-01 8.380363547739354546e-01 8.743841428921375059e-01 8.960737369701347044e-01
5.922000000000000000e+03 1.410293733265005345e-01 2.977195347609093989e-01 3.221632675529702006e-01 3.977605928031672233e-01 4.929422168148285821e-01 5.420994616367043051e-01 7.728278826217434005e-01 8.415696711190849832e-01 9.746587785628844092e-01 8.979349721638385518e-01
5.923000000000000000e+03 8.594628766030876221e-02 2.420723623631816090e-01 2.974418438034768797e-01 3.802514011684797746e-01 4.384383841036965657e-01 6.542653981979986710e-01 7.740217444013205439e-01 9.471219278545615072e-01 9.746485658659882478e-01 8.968462744160313749e-01
6.091000000000000000e+03 1.382641541370296656e-01 3.697678348305937779e-01 4.127532847658761384e-01 5.090170491115332263e-01 4.995209649407634234e-01 6.374634521950147681e-01 7.656469838146707785e-01 7.062601569681544733e-01 7.940754504456856155e-01 8.618131913296214197e-01
6.092000000000000000e+03 1.830485407624096172e-01 3.417984661313461792e-01 4.181835212259387702e-01 4.024217555297380233e-01 5.478156895564690876e-01 6.635635504721788536e-01 6.497265557093172550e-01 7.685603007727569436e-01 9.462487281065388167e-01 7.845703733301451210e-01
6.093000000000000000e+03 1.551605927447871902e-01 3.501306067261533150e-01 3.201369888729694302e-01 4.535797902057543407e-01 5.770151504450695690e-01 5.526809884746626267e-01 7.183004810918727223e-01 9.363057636236485903e-01 8.566222028023261492e-01 7.940737589342512504e-01
6.094000000000000000e+03 1.614978503460832160e-01 2.547642984369514751e-01 3.659745172413380043e-01 4.793877109923216362e-01 4.651936178183131432e-01 6.173621306111614082e-01 8.899026697530292296e-01 8.365740860095951525e-01 8.652593040033926819e-01 7.936413069717724866e-01
6.095000000000000000e+03 5.652986789408005752e-02 3.002333095011108233e-01 3.928051813472280274e-01 3.714775929428700829e-01 5.310671817194591027e-01 7.893840788131047947e-01 7.885398948876526370e-01 8.483084490661683130e-01 8.669804119833883771e-01 7.818038343312588845e-01
6.096000000000000000e+03 9.388808948153314071e-02 3.132553910971139222e-01 2.772507340725760550e-01 4.228132768210197123e-01 6.857545342032321800e-01 6.750075930822881931e-01 7.863516358336342105e-01 8.363276351132933328e-01 8.399324101857879032e-01 7.972587050788326746e-01
6.097000000000000000e+03 1.226740508117057510e-01 2.165933717942208070e-01 3.392256617793723561e-01 5.893246354399006570e-01 5.879076740531489209e-01 6.873424213216776657e-01 7.885620137703681642e-01 8.212483892609394598e-01 8.715830376728367357e-01 7.283855638131382371e-01
6.098000000000000000e+03 1.839316794954743914e-02 2.792911557977135195e-01 5.021038713875847215e-01 4.974048845746816827e-01 6.046897619385580569e-01 6.942933794883922038e-01 7.776655477193908927e-01 8.600410729978771318e-01 7.929364203252338150e-01 7.183556474068228948e-01
6.314000000000000000e+03 1.959931937360985810e-01 3.104854073288736416e-01 3.900562611456084849e-01 4.932411554495442219e-01 5.440678559076799203e-01 6.479694260391701821e-01 7.646149554545419447e-01 7.687469368057670005e-01 8.200193583421401256e-01 7.886052879563216766e-01
6.363000000000000000e+03 1.918635607786829400e-01 2.810316950272286340e-01 3.838600592538946588e-01 5.106192106565772271e-01 5.501560410404708890e-01 6.388336040208841826e-01 7.172140284854977565e-01 7.881194114419342034e-01 8.563372050616161468e-01 8.007944849653766406e-01
6.503000000000000000e+03 1.549167950368803837e-01 3.318442179842642781e-01 3.248474119363905510e-01 4.157931118600167730e-01 5.308892172552787114e-01 6.374806265680559303e-01 7.165197068187740825e-01 8.399445541683916439e-01 8.902656271786831832e-01 8.546324316440057078e-01
6.504000000000000000e+03 1.339335734854623372e-01 2.530836269040380171e-01 3.235380146512777944e-01 4.270574244198694358e-01 5.414335000631960160e-01 6.085346455075549832e-01 7.823155841170247315e-01 8.659038186276107885e-01 9.316326482986825308e-01 8.412806314815545194e-01
6.505000000000000000e+03 4.204012429794187072e-02 2.489197342800184565e-01 3.311386516058368867e-01 4.341756646917935281e-01 5.097524439022640408e-01 6.700682836510870599e-01 8.058723626569773701e-01 9.071440045572948252e-01 9.124870232654802571e-01 8.481365656838490974e-01
6.611000000000000000e+03 2.705830563645513220e-01 3.866816376921996534e-01 4.464590345866579213e-01 4.286033740869640285e-01 5.287984618619493427e-01 5.759411607654010279e-01 6.881918319250842631e-01 8.116567811794556109e-01 8.136031998019811473e-01 7.646877553448304665e-01
6.612000000000000000e+03 2.146048016024461047e-01 3.847459393296883134e-01 3.532771437677768023e-01 4.434702538971725394e-01 4.997484625076785147e-01 5.996005017417394001e-01 7.723048045079823343e-01 8.018850899265573817e-01 8.407841116818783878e-01 8.004501857789939612e-01
6.710000000000000000e+03 2.233622585766484592e-01 3.646317396491147722e-01 3.977364110573938238e-01 5.217893741712475997e-01 5.704821389997236647e-01 5.875668395854815040e-01 6.906925158262607889e-01 7.873652581373886683e-01 8.243293031185815467e-01 7.546866713446424013e-01
6.711000000000000000e+03 1.899084608696685883e-01 3.387786976861600907e-01 4.422044168065566994e-01 4.848017672082060026e-01 5.113349093810448664e-01 6.022416569911754891e-01 7.471362026650945065e-01 8.136357967028599036e-01 8.288842413052631697e-01 7.632560192511279595e-01
6.712000000000000000e+03 1.575369173810027001e-01 3.779946672865973634e-01 4.039478565427259138e-01 4.232373615352328367e-01 5.225607728817434072e-01 6.548078392951909299e-01 7.712219019924264618e-01 8.153734630251056048e-01 8.362602668900849245e-01 7.597525213596280080e-01
6.724000000000000000e+03 2.411466173663406598e-01 2.938330560067077823e-01 3.599711288772877160e-01 4.461741984014729323e-01 5.540409240857704365e-01 6.388946689100948317e-01 7.290635424387457153e-01 7.929723073823036206e-01 8.781669745585493070e-01 7.877642433556202306e-01
6.725000000000000000e+03 1.093900816563836836e-01 3.024249499573322120e-01 3.695255312893164223e-01 4.678847819632654392e-01 5.610779755132756508e-01 6.395005895774114046e-01 7.522752378581454291e-01 8.711077880738241630e-01 8.681091738279498315e-01 7.815620252440320659e-01
6.733000000000000000e+03 1.613202882576159625e-01 3.326855123199607411e-01 4.016492367095123028e-01 5.027783184159491103e-01 5.795209166993620098e-01 6.338770458291698162e-01 7.255865773754415216e-01 8.035092080725629859e-01 8.240915871547344063e-01 7.614096200351542221e-01
6.734000000000000000e+03 1.460436194181544134e-01 3.355174680069571980e-01 4.167133434257055957e-01 4.859905199376651219e-01 5.490229208262528138e-01 6.288064217348331431e-01 7.558980368288219509e-01 8.056248876344670462e-01 8.297952596617271803e-01 7.696357665113194857e-01
6.735000000000000000e+03 1.465366144390637670e-01 3.473624016384823654e-01 3.982043606473905650e-01 4.532482637432993511e-01 5.413614712950500785e-01 6.560184916529449017e-01 7.553248330253972131e-01 8.091126021987559147e-01 8.372232648623773033e-01 7.764660383364719864e-01
6.736000000000000000e+03 1.631785614084231006e-01 3.327930026257174823e-01 3.701364834652509095e-01 4.489285370348605753e-01 5.713559248538544466e-01 6.588078691362071471e-01 7.623562779446991788e-01 8.203914229496342969e-01 8.484731518052631705e-01 7.542414512224637768e-01
6.737000000000000000e+03 1.454167949939188798e-01 3.050588171217311073e-01 3.647648912954132849e-01 4.771969871289656884e-01 5.727468342195095596e-01 6.643839486227970381e-01 7.727193058812765747e-01 8.311959552264609474e-01 8.204807235408911881e-01 7.761799313867002725e-01
6.738000000000000000e+03 1.108012804460291045e-01 2.969849738826752517e-01 3.884865179048210271e-01 4.752278030500305395e-01 5.748304645643341759e-01 6.711673314547124125e-01 7.804744309924425139e-01 7.976394718504268289e-01 8.437745676058164834e-01 7.858681150679661664e-01
6.739000000000000000e+03 1.122906547058714760e-01 3.288300530272300626e-01 3.965851445263136044e-01 4.877684865604438036e-01 5.921269914991458272e-01 6.896849776979930846e-01 7.564675759009641398e-01 8.333070089171848993e-01 8.652201038747320272e-01 6.865358779919787935e-01
6.753000000000000000e+03 2.242849680525331180e-01 3.813421181273048410e-01 4.119202575393667298e-01 4.569635825882282232e-01 5.276582973983047209e-01 6.421433206467986876e-01 6.703577552257983241e-01 7.918065833832124145e-01 8.342884150505596175e-01 7.733519799093248048e-01
6.754000000000000000e+03 2.085112124298573455e-01 3.519917533541008781e-01 3.802259248281996684e-01 4.422731960523827444e-01 5.647203038217823989e-01 5.818852452445184564e-01 7.515242035223097528e-01 8.241585810998576234e-01 8.511582574685109259e-01 7.655914511423058677e-01
6.755000000000000000e+03 1.709110600161025673e-01 3.180150553770889066e-01 3.620350405530327609e-01 4.744506625432682867e-01 5.010686733918261471e-01 6.576057569996991425e-01 7.806298647190261786e-01 8.379226455551519459e-01 8.376837210827217106e-01 7.843289368245121018e-01
6.777000000000000000e+03 1.868649162974239109e-01 3.833925622769283614e-01 4.056515955400529783e-01 4.401827182313790554e-01 5.721705221554581611e-01 6.174556230438722482e-01 7.407746755745889811e-01 8.087189330914839047e-01 8.208192506212875772e-01 7.488515061776900295e-01
