3.400000000000000000e+02 2.761897423092400383e-01 4.694734534173783946e-01 5.865440739946696791e-01 6.176936259894892922e-01 5.878237976239513163e-01 6.955360973511806044e-01 7.881650420387237288e-01 5.279304030434743833e-01 6.008290715085219391e-01 6.163545244063581841e-01
1.336000000000000000e+03 3.197234669788748262e-01 5.079531998873859644e-01 5.035624794276133409e-01 5.790649243587266959e-01 6.830023807948325532e-01 7.003635603765467899e-01 6.593726717754970768e-01 6.825701120289324741e-01 5.632899942492837209e-01 5.784708007298802190e-01
1.337000000000000000e+03 3.897688650139563005e-01 4.725445053269192730e-01 5.322386972809526329e-01 6.332458852569861074e-01 6.596573628051003446e-01 6.088212312076314303e-01 6.756907615039013937e-01 5.672451742041682010e-01 6.497387719501680481e-01 5.814958291318795824e-01
1.465000000000000000e+03 2.361961652646623333e-01 4.732007672502042128e-01 5.503088578334307535e-01 6.000204813454721453e-01 5.919478824758885871e-01 6.653980387292034449e-01 7.217543664663592651e-01 7.506672390095204817e-01 6.126003270651152466e-01 5.739260926027371923e-01
1.466000000000000000e+03 3.313192655345539861e-01 5.000499736247140392e-01 5.344697873535892985e-01 5.244055668860513331e-01 6.064296729272201647e-01 6.518496343143281857e-01 7.279094599026244561e-01 6.027930279390869561e-01 6.276070936255504495e-01 6.455429629423085069e-01
4.171000000000000000e+03 8.753332969683887133e-02 3.950045115706792842e-01 5.738685458916286120e-01 5.784398690500310858e-01 7.046035926460929577e-01 8.293100796296000166e-01 7.185432490900227620e-01 7.284508379527524502e-01 5.625602985406633616e-01 6.046126477960014345e-01
4.172000000000000000e+03 2.270075826783952144e-01 5.080525542780177650e-01 4.988570922048606859e-01 6.200995832217749415e-01 7.517373654308761033e-01 6.326577459202794573e-01 6.885639862341033091e-01 5.335491471352639126e-01 6.505612587752982456e-01 6.401375129805368935e-01
4.223000000000000000e+03 4.294560381819487738e-01 6.462296437740421284e-01 7.036121315952265087e-01 6.621374042594492249e-01 5.726570547714643356e-01 7.098618759842756365e-01 7.512788175649468547e-01 6.455116647890613013e-01 3.990550690959558389e-01 3.234186280308713468e-01
4.244000000000000000e+03 4.565651656551765192e-01 5.793927963682565796e-01 5.420527310239813268e-01 5.119328424393111421e-01 5.651191961495836136e-01 5.940116162762618668e-01 7.773958960959203024e-01 8.115893069920269154e-01 5.976476997752119269e-01 3.876258300193970996e-01
4.245000000000000000e+03 5.125863889016724073e-01 5.457683185025928863e-01 5.061325513585913649e-01 5.561535450488241938e-01 5.948138835728001839e-01 7.674441688306462561e-01 8.526484403016975078e-01 6.433294721782807368e-01 4.535394705940212212e-01 4.101002326558149669e-01
4.246000000000000000e+03 4.539372086784350668e-01 4.936355755896136843e-01 5.299320004308799570e-01 5.662157282363809996e-01 7.468432126798076887e-01 8.222424725127626122e-01 6.554697989101136990e-01 4.675781516428219042e-01 4.637960914753539998e-01 5.881884893544109261e-01
5.191000000000000000e+03 3.853606921417941922e-01 4.667126954885844059e-01 5.687006799526181933e-01 6.487939305467578244e-01 5.792586181731202988e-01 5.899479614264298011e-01 7.116938377280427330e-01 6.892774490720608993e-01 6.170187426979981682e-01 5.302506423005504121e-01
5.192000000000000000e+03 3.542308973762572366e-01 5.444453777360211966e-01 6.094918019183032110e-01 5.411347804847050913e-01 5.615406164808142142e-01 6.719339419438192795e-01 6.938616376934089169e-01 6.361014313518652541e-01 6.010417190000812981e-01 5.568618620126687402e-01
5.391000000000000000e+03 3.667095438737728585e-01 4.553686688780109182e-01 5.332132041218204943e-01 5.855046607705353123e-01 6.540377337903009458e-01 5.930494109904014266e-01 7.036728467625953387e-01 7.304680562186420811e-01 5.622158445220646339e-01 5.923658611724266221e-01
5.392000000000000000e+03 3.284111561009641633e-01 4.991506330112233103e-01 5.367304706998535790e-01 6.027552234239383910e-01 5.519856866643224613e-01 6.510714134526982555e-01 7.240932569232104710e-01 5.644033078791783620e-01 6.649938535330002232e-01 6.295585440166349134e-01
5.451000000000000000e+03 2.980409508797230989e-01 4.715928167509288449e-01 4.526415292624623166e-01 6.625452293644654711e-01 6.632531351624473270e-01 7.042645558749157653e-01 6.994135821293949729e-01 7.257601284917658546e-01 5.931918051743331199e-01 5.275317628971953887e-01
5.452000000000000000e+03 3.641727149440225908e-01 4.378000888853725292e-01 6.268195306218704577e-01 6.289001160794974732e-01 6.788780120179734867e-01 6.640819693661997869e-01 7.365551943789805378e-01 6.143457046863000093e-01 6.015562779005494409e-01 4.602119911856902834e-01
5.477000000000000000e+03 2.841593445335375834e-01 4.138150803401212108e-01 5.443709373506678828e-01 6.181792492119042581e-01 7.448138897576550566e-01 8.080507999870012448e-01 8.092816370787464519e-01 7.561278540021855177e-01 3.947712091772133114e-01 4.680145317759095702e-01
5.478000000000000000e+03 2.978667069966047243e-01 5.245371982737329075e-01 5.835892391780207467e-01 7.092556894016269764e-01 7.807853798909366594e-01 7.727442995293126726e-01 7.677022732872428312e-01 3.979214569120860245e-01 5.287351775362874040e-01 4.544761251274846980e-01
5.827000000000000000e+03 3.524935798581170787e-01 4.730302185848320184e-01 4.941731883079377163e-01 5.766292748326535822e-01 6.434911960499661854e-01 7.483970651239499894e-01 7.350520438236862741e-01 6.995984097402910828e-01 5.610009046565174184e-01 5.200262665835900799e-01
5.828000000000000000e+03 3.562880438275494721e-01 4.689774797244466997e-01 5.355720521778778442e-01 5.999724852591963309e-01 7.130957308415012408e-01 6.900923277434423131e-01 6.995988755291653316e-01 5.704461718779663126e-01 5.842341402954139840e-01 5.658666647220165213e-01
5.829000000000000000e+03 3.628276326290751364e-01 5.182467314911983758e-01 5.683368060929275822e-01 6.800478001494919544e-01 6.664599175001233444e-01 6.658769724514487232e-01 5.750716367362244119e-01 6.061290213944737770e-01 6.494684305407840696e-01 4.940951717944968569e-01
5.997000000000000000e+03 3.056235702618182448e-01 3.825106743140891941e-01 4.815984881478093671e-01 5.765111008840237972e-01 6.628928941331375668e-01 7.420675356049530880e-01 7.905406015567376654e-01 8.107793437821168014e-01 5.293147061574565715e-01 5.334851103243326564e-01
5.998000000000000000e+03 2.533952016594905876e-01 4.567679085720877663e-01 5.352010382160875546e-01 6.189673314752751621e-01 7.065692435368305935e-01 7.450037762068218994e-01 8.159216349594536899e-01 5.357742851283894270e-01 6.003006651867980326e-01 5.317385043472692141e-01
5.999000000000000000e+03 3.297039521754661640e-01 5.007810632886896540e-01 5.684755928718997486e-01 6.545803795809523873e-01 7.016565685459840163e-01 7.623130942492315487e-01 5.198149642884285493e-01 6.054524345807128505e-01 5.913575299881675962e-01 5.446075194865739322e-01
6.332000000000000000e+03 2.315938611801813540e-01 4.566625411547147184e-01 5.681742639202830292e-01 6.775655642421108960e-01 6.292925137773905941e-01 6.792108646313499420e-01 7.740609556204806063e-01 7.127648426680823768e-01 5.691171176845317703e-01 5.050768159741600982e-01
6.333000000000000000e+03 3.225937035064927461e-01 5.258898747458945477e-01 6.179351201088453260e-01 5.711001615788459107e-01 6.298456349544437893e-01 7.137090478733478793e-01 6.982551659138935829e-01 5.650595462681125003e-01 5.530517499161045070e-01 5.749404466285524817e-01
