3.410000000000000000e+02 3.420920763843275370e-01 5.478032977201440223e-01 5.653820375092942774e-01 5.348458728678494589e-01 6.508684411335035058e-01 7.327267111719325543e-01 5.096441365462250905e-01 6.041430916015382291e-01 6.920149883195748641e-01 5.755307246509104857e-01
3.420000000000000000e+02 4.481802703538013133e-01 5.430136223103937398e-01 5.020868455324325463e-01 6.141820220688433141e-01 7.045889758882611931e-01 4.727316735600159969e-01 6.064329463442100776e-01 7.194544347494803427e-01 6.576282149455534576e-01 5.105982548273342303e-01
3.430000000000000000e+02 4.441454486983792971e-01 4.839545293452084951e-01 5.794357354903132418e-01 6.689335408609978773e-01 4.488672312526215680e-01 5.704394456323121920e-01 7.288566698332200611e-01 6.833889273619112581e-01 5.800869914411884709e-01 5.828362974407106378e-01
3.440000000000000000e+02 3.649915474586111208e-01 5.468358018962322653e-01 6.205158193801479927e-01 4.032162165118534647e-01 5.337418710801843380e-01 6.802728364599281985e-01 6.789421713836387706e-01 5.877299261600890112e-01 6.571236609912707305e-01 6.608446534256151583e-01
1.338000000000000000e+03 3.479190384289768678e-01 4.982726895299854353e-01 5.824635484302906896e-01 6.083835590818753580e-01 5.676038907675803324e-01 6.233211502008465521e-01 5.531282291178558630e-01 6.594225311393346889e-01 6.518845811468676477e-01 6.468789412348252554e-01
1.467000000000000000e+03 3.769492960786429148e-01 4.985198171807580514e-01 4.763610639593073848e-01 5.535268550748231320e-01 6.079976886501682332e-01 6.731047212674508007e-01 5.882922252338854685e-01 6.334128307274636827e-01 7.275423485892431597e-01 6.162262266459737070e-01
1.818000000000000000e+03 2.755569876672560037e-01 4.949745933403503217e-01 6.257193936973588499e-01 5.380937075994525198e-01 4.997852742306347351e-01 5.913887696892521362e-01 6.542111484056849502e-01 7.275314956143777989e-01 7.061757319284486245e-01 6.274060059983568305e-01
1.819000000000000000e+03 3.607715468349513843e-01 5.759209245967661372e-01 4.798152238202794129e-01 4.377958762647154445e-01 5.382379508392277634e-01 5.896379969219608386e-01 7.085508957878916547e-01 7.087212351091154439e-01 6.964494211343753571e-01 6.432620320326812857e-01
3.101000000000000000e+03 4.188829869795892558e-01 5.985291634863028065e-01 6.527811861292582840e-01 5.095263823692377514e-01 4.864148089291132626e-01 5.366293876795840134e-01 6.627630424573928147e-01 7.120083208137406583e-01 6.445516883440725042e-01 5.372132331398123961e-01
3.102000000000000000e+03 4.958214128237956597e-01 6.174820424913121109e-01 4.688133912773767564e-01 4.414216181439304387e-01 5.013051906631168508e-01 6.155336139905445147e-01 7.099231712899525260e-01 6.586413266919027842e-01 6.027230487033504724e-01 6.348879133957219256e-01
3.728000000000000000e+03 6.329594214915269523e-01 7.062628812211202423e-01 5.851239357802833219e-01 6.039183562086242185e-01 4.433503218955355263e-01 4.736611907690285728e-01 6.007249225401886106e-01 4.820250654499457221e-01 5.638044443808637451e-01 6.333506244161219989e-01
3.729000000000000000e+03 6.546896333916684130e-01 5.849063457460397242e-01 5.924911077679810845e-01 4.325651803163106934e-01 4.732482413989824721e-01 5.887539371406604882e-01 5.033369400364048341e-01 6.042940444288615875e-01 7.505249477693636262e-01 5.612549167411093887e-01
4.173000000000000000e+03 3.762098933499936071e-01 4.560679267793416591e-01 5.587693490524555662e-01 6.879993726596888015e-01 5.795345406654398568e-01 6.243603929378686024e-01 5.062416158560154589e-01 6.490790768899109553e-01 7.124053206311793396e-01 6.017427943341838725e-01
4.175000000000000000e+03 4.018450253561285379e-01 5.924581136267090820e-01 4.791411287632572069e-01 5.286421155470071298e-01 4.121603035733094056e-01 5.830401662009948582e-01 7.171980817981755685e-01 6.847755546456472109e-01 6.911516869328673263e-01 6.455642346641363716e-01
4.228000000000000000e+03 6.378649827889601998e-01 7.180885547202999764e-01 6.524143193051681333e-01 4.361501518481075146e-01 4.178548095613180413e-01 6.498032884061880621e-01 5.486988928467729787e-01 4.135130401871166539e-01 5.766730710969371065e-01 6.626318868256857453e-01
4.247000000000000000e+03 3.578571969456235125e-01 4.837592188349071343e-01 5.053845632468373372e-01 6.811341727377580035e-01 7.643221025795611245e-01 5.895098395480400377e-01 4.352437280127441910e-01 4.448364383539602507e-01 6.478328731084093128e-01 7.892248444668701346e-01
5.189000000000000000e+03 3.240322795312742810e-01 4.796239000583905066e-01 5.189844215731105326e-01 5.242707489284190725e-01 6.480523012998086196e-01 7.208276184614876847e-01 6.506304606192049311e-01 6.309117516866605824e-01 6.845057770215750015e-01 5.861951859607266169e-01
5.190000000000000000e+03 3.640130354561064152e-01 4.928084200818588223e-01 4.856553071014035883e-01 6.047452470206460262e-01 6.861085087657359249e-01 6.063726728578349157e-01 6.278094800869017389e-01 7.048218508922630132e-01 6.646194716414919323e-01 5.423403871821099731e-01
5.193000000000000000e+03 4.154474359792334481e-01 5.593922409952287733e-01 4.815551284297085455e-01 4.977526684741598872e-01 6.163722290189003195e-01 6.277315766575314315e-01 6.116562004425832866e-01 5.936358769736821417e-01 6.101001324183518149e-01 7.119423821667774099e-01
5.453000000000000000e+03 3.059807188786343168e-01 5.858576711659879699e-01 5.758679865082442229e-01 6.249044929728813091e-01 6.195907991913018886e-01 6.812102062627287680e-01 5.999152758791259643e-01 6.046971418562153699e-01 5.028599876455293050e-01 6.446713907054444359e-01
5.454000000000000000e+03 4.740669151005048598e-01 5.378287953004070587e-01 5.724610078808566316e-01 5.665388135118598623e-01 6.369243594451482471e-01 5.459139270514417053e-01 5.902452665446709101e-01 4.980498626145403729e-01 7.264504863772482945e-01 5.970784556265966714e-01
5.455000000000000000e+03 4.377179905830609341e-01 5.505106258080972870e-01 5.332562009699328698e-01 6.011500949746392264e-01 5.207118921875785178e-01 5.537955921493775691e-01 4.958941239073063056e-01 7.576977190252206507e-01 6.844984966804477100e-01 6.063372836567982871e-01
5.483000000000000000e+03 7.130411359491176659e-01 7.418093502100678860e-01 4.132054665849504982e-01 5.928273509411480235e-01 6.089012200679263520e-01 6.647579021286649237e-01 4.309828888971430905e-01 3.340328146472587023e-01 5.821970694409668301e-01 6.449181009418428756e-01
5.830000000000000000e+03 4.150227307483539407e-01 5.461627044408667864e-01 6.416320860521559366e-01 6.300453427566001796e-01 6.388656719511243143e-01 5.382290907589958318e-01 6.088881521323997736e-01 6.735613761213815609e-01 5.592036091929961650e-01 5.240095952379927313e-01
5.831000000000000000e+03 4.262904857534797198e-01 5.978156724753198592e-01 5.747517400675303811e-01 5.829240594879413484e-01 4.931502396886597861e-01 5.520801965447303949e-01 6.595962951934528640e-01 5.565516652463371461e-01 5.780180465566744363e-01 6.994627148272074546e-01
5.832000000000000000e+03 4.976591818861928473e-01 5.455722330941250586e-01 5.415142991829023922e-01 4.505979895810016123e-01 5.190791313867775258e-01 6.149521587680611967e-01 5.494854164443375710e-01 5.888412097545216994e-01 8.015483715540109300e-01 6.231486339395874152e-01
6.000000000000000000e+03 3.804048880458474891e-01 5.331706264126964134e-01 6.033512371261119389e-01 6.505427436074890934e-01 7.195823941821347658e-01 4.689223702325163168e-01 5.936563562269367988e-01 5.965476896164313425e-01 6.076713298592391066e-01 5.974314380211229736e-01
6.001000000000000000e+03 4.173988718534691889e-01 5.666010981621311116e-01 5.997741836460386278e-01 6.686271238058325572e-01 4.303133001961615967e-01 5.425982747064064249e-01 5.846256806288802066e-01 6.145372699454509924e-01 6.718803496054512880e-01 6.342796105959009889e-01
6.074000000000000000e+03 3.835568903963164633e-01 5.270089479420209111e-01 5.496185816316276895e-01 5.350899816711368606e-01 5.562570690083985525e-01 6.148563629897673133e-01 6.017359681590647158e-01 6.739338497801099503e-01 6.792100527438522661e-01 6.234947127855389182e-01
6.334000000000000000e+03 4.084372574415156554e-01 5.798315068074110235e-01 5.230902595824580281e-01 5.789054333534947583e-01 6.712136779587886126e-01 6.458403332787866491e-01 5.509349770936543544e-01 5.546030998849230675e-01 6.440360217926709430e-01 5.946906965129109546e-01
6.335000000000000000e+03 4.788917213931591643e-01 4.978255141015426322e-01 5.391533567361691537e-01 6.289722291085093620e-01 6.132591429565552588e-01 5.084335880626118520e-01 5.490044630036472473e-01 6.620527906723208122e-01 6.760095084598560788e-01 5.987433368604420103e-01
6.336000000000000000e+03 3.941010634296895909e-01 5.203556656721515239e-01 5.947714472576911549e-01 5.793495580235648035e-01 4.853560992794470619e-01 5.144620998495443853e-01 6.698169176773006717e-01 7.045441385048610838e-01 6.880676449243849913e-01 5.981915922943515929e-01
6.337000000000000000e+03 4.016417273949230426e-01 5.573418130418241745e-01 5.304956575299850652e-01 4.350637821763393420e-01 4.740727998005463406e-01 6.170644383540169198e-01 6.965615595176559705e-01 7.006071422891068101e-01 6.717210564243233373e-01 6.530512486062023392e-01
