2.294000000000000000e+03 5.150788228709602956e-01 3.391082035811492368e-01 3.540836868558316364e-01 2.539791432206696120e-01 2.088520194572849320e-01 5.202830679021713811e-01 9.713081853072910166e-01 1.000000000000000000e+00 6.166217036949118713e-01 3.178104805323386239e-01
2.608000000000000000e+03 1.892707572499774671e-01 1.665976448914332775e-01 3.765344200833502519e-01 4.218803280390122090e-01 3.942445663684677193e-01 6.803165207734768183e-01 6.573970906512365264e-01 7.084179438651628802e-01 7.513731370849717761e-01 7.519410568766663472e-01
2.609000000000000000e+03 1.749514476502914695e-01 3.143266727528370441e-01 3.237486156713371699e-01 4.330589388910729420e-01 5.280820300900124220e-01 5.113900777364303041e-01 5.528293670516978286e-01 8.273108388896266430e-01 7.234857565142359670e-01 6.786987316522404834e-01
2.610000000000000000e+03 2.996213721242847461e-01 2.633620755602323893e-01 3.339321571796043386e-01 5.466158173361715944e-01 3.756891144049235298e-01 4.017798129096740167e-01 6.942674446400103339e-01 7.916856024596394814e-01 6.584549792053812078e-01 6.773968653930656503e-01
2.611000000000000000e+03 2.684232304049403717e-01 2.872917509599650643e-01 4.711257951874883720e-01 4.298135857793153880e-01 2.947054313445908735e-01 5.659129694124650500e-01 6.695299212729257654e-01 7.277685640983615478e-01 6.697214548922184596e-01 6.900557660286504857e-01
2.645000000000000000e+03 3.378585516207164852e-01 4.627100277158009978e-01 4.408617739745057107e-01 4.816994232074459648e-01 3.413792658776367284e-01 5.085345174676273450e-01 5.752569259331828944e-01 6.290644877094132559e-01 5.403365959408666930e-01 7.390370450733385610e-01
2.646000000000000000e+03 4.462615616278854946e-01 3.959953515747696717e-01 4.108726471566694904e-01 4.089118941259308193e-01 3.999582665657190894e-01 4.547932062427106348e-01 4.838911461410482784e-01 5.931730235616788915e-01 7.307983948700342847e-01 6.566304610200451863e-01
2.932000000000000000e+03 5.807908820280639484e-01 4.820473803481821751e-01 2.740942485138220808e-01 4.363512023469496293e-01 5.198652951511132381e-01 3.344884162901072822e-01 4.894632473917457927e-01 5.193904069255902423e-01 5.487890039749113713e-01 7.835062492206399387e-01
2.933000000000000000e+03 4.893448161018412179e-01 2.705625000859724349e-01 3.950642679670944291e-01 5.937168610867326057e-01 2.799323076274601863e-01 4.060608465389229926e-01 3.894005108232638790e-01 6.351740207028909735e-01 7.960208005761987282e-01 6.600544414776473578e-01
2.934000000000000000e+03 2.812094632930834393e-01 3.522365571100738446e-01 5.300453780984806240e-01 3.550061331567257450e-01 3.074884602448462734e-01 2.623499017397503685e-01 4.901223795765907165e-01 9.032055287800558885e-01 6.613251748245237982e-01 8.335744158508199275e-01
2.936000000000000000e+03 4.492968146831695653e-01 2.279052624207947297e-01 2.875870789675365469e-01 2.572527298688875308e-01 2.589398170373536923e-01 6.848828033903232582e-01 6.020706947109411011e-01 9.111196642576819826e-01 7.718009576382091064e-01 5.808123322278478939e-01
2.937000000000000000e+03 2.592716799714378517e-01 2.687472775609073272e-01 1.871702530845960055e-01 3.538353374400802220e-01 5.761704978503124908e-01 5.033576624782468700e-01 8.456168386222392419e-01 8.917391110333523496e-01 6.070000697763556774e-01 6.398174965677191350e-01
2.941000000000000000e+03 4.427107586960164487e-01 3.025237215011593039e-01 5.299149330057727481e-01 5.578748605323127219e-01 2.733659580218332774e-01 4.232530023878314784e-01 4.679413607433245970e-01 7.139221546622401826e-01 5.391536953159657974e-01 7.471722542442907899e-01
2.942000000000000000e+03 3.229329322415134818e-01 4.954039255487275861e-01 5.097891810227047626e-01 3.660560308267646334e-01 3.422619906615443908e-01 3.648684456446251723e-01 6.065746920898756889e-01 6.081884696323179851e-01 7.516224000892428592e-01 6.345256602170427085e-01
2.985000000000000000e+03 5.289505389896856924e-01 6.523586842853222878e-01 5.421734049820334800e-01 5.877094149303488946e-01 1.799572615841029122e-01 3.237673922527632975e-01 4.794475849969050962e-01 5.220909636480610683e-01 5.394396593383894434e-01 5.990507415732349017e-01
2.987000000000000000e+03 5.100450000082371593e-01 5.208316913192755360e-01 2.320857274037669560e-01 3.627929403583666224e-01 3.169213121479094730e-01 2.864745397391964543e-01 4.966079578357542323e-01 7.245508361372376971e-01 6.484048874075395430e-01 8.281465704671924222e-01
2.988000000000000000e+03 4.999342850169138375e-01 2.052951910462376683e-01 2.882003051576198516e-01 3.923869439158124139e-01 2.071413933310157773e-01 3.797812054721888542e-01 6.051534189577807421e-01 7.294113164604137944e-01 8.122726263209066877e-01 8.085423728972381818e-01
2.989000000000000000e+03 2.237835290342565231e-01 2.503811173209470886e-01 3.120194176674735420e-01 2.903374492470561230e-01 2.818342776237559022e-01 4.818634488759752643e-01 6.016511121233096837e-01 9.209396969085515972e-01 7.887691293524843328e-01 8.621638516850553824e-01
2.990000000000000000e+03 2.623045599378567849e-01 2.726363734201490141e-01 2.025444618488742299e-01 3.547197762832726697e-01 3.728524455789213876e-01 4.782376999255226746e-01 8.332009299367815203e-01 8.923382883784004571e-01 8.353724456922330122e-01 5.545029419623507261e-01
2.991000000000000000e+03 2.635434380407457033e-01 1.496144588000681286e-01 2.494084833091363973e-01 4.123898791497387362e-01 3.454935863756020131e-01 6.890693820823812210e-01 7.720377672705208694e-01 9.269452236850151960e-01 5.501390901285868607e-01 7.797032591051386019e-01
3.003000000000000000e+03 4.487469904857155911e-01 2.544565376723165184e-01 2.310557886020331853e-01 4.570867877262693169e-01 2.902429718833210992e-01 4.445478793408830231e-01 7.544922020212583291e-01 8.046492845220187817e-01 7.171543873279557779e-01 6.119083260944697678e-01
3.004000000000000000e+03 2.760054147129141211e-01 2.088358969670855991e-01 3.942563734038741496e-01 3.738785908166734617e-01 3.534280961792259368e-01 6.511860904723157928e-01 7.078007682613383089e-01 8.178205963786993049e-01 6.280577997667079471e-01 7.005771622741739924e-01
3.244000000000000000e+03 5.031309554896955527e-01 3.814519562548695508e-01 3.814526234003432492e-01 5.505221473088895978e-01 3.980676542761016345e-01 2.202713685703910629e-01 5.266349817980036097e-01 6.892080302891863131e-01 6.930753060369200247e-01 5.936800849070095198e-01
3.540000000000000000e+03 6.022323397283279034e-01 5.206878242570689430e-01 5.305757235804410277e-01 5.641181999734858898e-01 9.963340356441928447e-02 1.978933003591580309e-01 5.818967757574299293e-01 6.389214039203435780e-01 5.725567069482210281e-01 6.113741019970803103e-01
3.625000000000000000e+03 2.540981953737126570e-02 0.000000000000000000e+00 3.234757328557740230e-01 5.294174019375316176e-01 9.142288178308344282e-01 2.929049676053884221e-01 8.988414795652195366e-01 6.200488487369193447e-01 6.983591084704813268e-01 8.502125645901836837e-01
3.628000000000000000e+03 2.598927123378907966e-01 6.149780535665279046e-01 2.909404151171828684e-02 5.019541404925116357e-01 6.303868665780285041e-02 3.341199308278854363e-01 6.456492302268210803e-01 5.988936233976891454e-01 8.959832793816555618e-01 9.614045910387195581e-01
3.630000000000000000e+03 0.000000000000000000e+00 3.161787539345489173e-01 0.000000000000000000e+00 2.543040340063051907e-01 3.334810304265624081e-01 2.310283742792374473e-01 8.714416952297293628e-01 9.836393437331317768e-01 1.000000000000000000e+00 1.000000000000000000e+00
3.831000000000000000e+03 3.248708946290895794e-01 3.698215885720753104e-01 5.001979609409239469e-01 6.172530827497890726e-01 2.941567853183102987e-01 3.392428866575618596e-01 5.479458033044114496e-01 5.870359873251693728e-01 6.645892358751506190e-01 7.426856770622608517e-01
3.835000000000000000e+03 3.056304475567429568e-01 2.589725930760364836e-01 3.667391502358006150e-01 3.493405264779020913e-01 4.474270020712610707e-01 6.671043586357575661e-01 5.985661913148946356e-01 7.308503777679172808e-01 6.993497940079625996e-01 6.617194098335770214e-01
3.840000000000000000e+03 4.761501025802116760e-01 3.520258419650740267e-01 4.010101236720625129e-01 5.259760713326397941e-01 4.287101989943840619e-01 4.728520917770227538e-01 6.018626064211030080e-01 3.969382806563865884e-01 7.105892884076890903e-01 6.393746706125581492e-01
3.841000000000000000e+03 3.614751353328597427e-01 3.702351413302243932e-01 4.707269378544816640e-01 4.957051008774442380e-01 3.813960189928304878e-01 4.970523377245549823e-01 2.173156067104466960e-01 8.122797084740199791e-01 6.539601738704652334e-01 7.107478949628928122e-01
3.842000000000000000e+03 3.605858131431351477e-01 4.161539489823862237e-01 4.176112154215743666e-01 4.357247789429445906e-01 3.807873883583693386e-01 7.665879927310213782e-02 6.956804973173208451e-01 7.233416821378352290e-01 6.995610628855124524e-01 7.502874850596351619e-01
4.006000000000000000e+03 6.424558266520927763e-01 3.389658099116975576e-01 2.497169165366600052e-01 4.811433375790669098e-01 4.835613141533410819e-01 3.079479120943522386e-01 4.888917656472530626e-01 6.454730888239206266e-01 6.552480485790544984e-01 6.406427012797291098e-01
4.060000000000000000e+03 3.347611229166441160e-01 2.291630553881405519e-01 4.138321492889989184e-01 4.385809749111101441e-01 2.101993250146847181e-01 5.593989492892119664e-01 6.432603337406962440e-01 6.235009524222787647e-01 7.955855260174123922e-01 7.644069287120306422e-01
4.103000000000000000e+03 2.185758217978584772e-01 1.991174014612347998e-01 9.056739212698527997e-02 1.952040582060653728e-01 4.188167023579817960e-01 8.142000003350327031e-01 8.656993702288910963e-01 9.058406455900431808e-01 6.834556376675472444e-01 7.750585932341466089e-01
4.117000000000000000e+03 2.759201396065901757e-01 5.832908862127611505e-01 4.315927275979437039e-01 3.867609085914165412e-01 2.628584304830685614e-01 2.957921269469925840e-01 5.472492080612987309e-01 8.107202720121960970e-01 6.538912784792488830e-01 7.391894173869127949e-01
4.134000000000000000e+03 9.344068468398853966e-01 7.118173915075638458e-01 4.816869544056750496e-01 0.000000000000000000e+00 1.831500143309193473e-01 1.946465018542782588e-01 4.604939722906652988e-01 6.763840179935719510e-01 5.037795304700956045e-01 7.170506496312131217e-01
4.136000000000000000e+03 5.338672972244011827e-01 1.063308091478839222e-02 3.237852026646944048e-01 3.455431804124251549e-01 3.957580467490010578e-01 5.875480896505566042e-01 5.484493479335627031e-01 9.376405171786518222e-01 7.124178153864899610e-01 6.195457204334529067e-01
4.379000000000000000e+03 6.449845306094393882e-01 7.215603315105034721e-01 4.786372022588195607e-01 1.094757905127818065e-01 1.364884916819185945e-01 5.544701095115377454e-01 6.247716832278609189e-01 6.234969532400924663e-01 4.170337575035836797e-01 7.192856783535660492e-01
4.380000000000000000e+03 6.716818941375775065e-01 4.360628802383550995e-01 1.646312746468019117e-02 2.368407880948439626e-01 4.463890178563196809e-01 5.118487035636019034e-01 4.830384674898865471e-01 4.479939593429196898e-01 7.176696767514881836e-01 9.581234430470949581e-01
4.427000000000000000e+03 3.423136620277312248e-01 3.506904204295016036e-01 3.416291452901157877e-01 4.531817799892762233e-01 1.013762685183294127e-01 2.622676787285300182e-01 5.689193787556836579e-01 9.083456295060159391e-01 7.977538774886446804e-01 7.917691707282942248e-01
4.428000000000000000e+03 3.516886631482858405e-01 3.045765976460022562e-01 3.817677622763521739e-01 2.033056527697374716e-01 1.818792739128113345e-01 4.500704891697968058e-01 8.234030095792281845e-01 9.077537483828956866e-01 7.778557269811368080e-01 6.494627500098236750e-01
4.429000000000000000e+03 3.211120918931404944e-01 3.524979183392346616e-01 1.245748068674392695e-01 2.829451819699171367e-01 3.613741907006758902e-01 7.255755563927501761e-01 8.358991205732789753e-01 8.944543241465598982e-01 6.629736763035030123e-01 5.694918589605825199e-01
4.430000000000000000e+03 3.480774093123371604e-01 9.563070017616734364e-02 1.927538704481000231e-01 4.215450380139941222e-01 5.881357654897092502e-01 7.169359002524751112e-01 7.989363727166404194e-01 7.375201762182733711e-01 5.794260873734775608e-01 6.783513355444360515e-01
4.434000000000000000e+03 4.033130036050954215e-01 4.105067985894259586e-01 4.301786744126113171e-01 3.551013178201213871e-01 1.722416879864289152e-01 4.015086234496350603e-01 8.409369736099144843e-01 8.024574993035720194e-01 7.562989805538326005e-01 4.540319271888850206e-01
4.435000000000000000e+03 4.084833431244558888e-01 3.940026334171967681e-01 2.835239831439006486e-01 2.708937967218022491e-01 3.136572105404289990e-01 7.386541178812556785e-01 7.036575556579837132e-01 8.642281932871784811e-01 4.896904550667128819e-01 6.601630377900867819e-01
4.501000000000000000e+03 2.648918127227564701e-01 2.544433368419025676e-01 2.542915250892910928e-01 3.275050248325639402e-01 3.129120756172811268e-01 2.768503485192031488e-01 4.474918341313265935e-01 8.911216812360154282e-01 9.312255311335939645e-01 9.400219175815469619e-01
4.626000000000000000e+03 4.597310562442143977e-01 4.418033164266501056e-01 5.829871968124940018e-01 5.378997730485270967e-01 2.725385601315850614e-01 2.168105496730937387e-01 4.417600572772152345e-01 6.796858423729527088e-01 5.851008277723668272e-01 7.213915787823781400e-01
4.669000000000000000e+03 3.071845779646683039e-01 3.098640802841806097e-01 3.808677184625491319e-01 3.449466231166006813e-01 4.470003978093445296e-01 4.326312452278124887e-01 7.240879726010875927e-01 7.423876168088909822e-01 6.424843232101846713e-01 7.360668377266290641e-01
4.670000000000000000e+03 3.063633952948399686e-01 3.290638420956797372e-01 2.526818650219549989e-01 4.891745924670571899e-01 3.197923490404182001e-01 5.938479354476182692e-01 6.073083098248026612e-01 7.061737683842513880e-01 7.189027098577868147e-01 7.167684746577276389e-01
4.672000000000000000e+03 2.548352787058898450e-01 3.944454843844893976e-01 3.329869160440359077e-01 5.440347461954044839e-01 4.033279472888443018e-01 4.812262425958775958e-01 7.271236284412833095e-01 8.211004737064891978e-01 5.806027473238100090e-01 5.585228448195194151e-01
4.883000000000000000e+03 2.680084479610261861e-01 3.124414919433189386e-01 3.123647652463571456e-01 5.503792651417905857e-01 3.572895390306015106e-01 3.862004155751415091e-01 6.073541082013882431e-01 6.795926124660573997e-01 7.630659881618825358e-01 7.612187027721386556e-01
4.885000000000000000e+03 2.940638571976682547e-01 4.458172008655401641e-01 3.570003632168750607e-01 3.741413605296178835e-01 3.917624768157783599e-01 4.351349307375623754e-01 7.794142589579303726e-01 8.576395278693315083e-01 5.269608168130053283e-01 6.392685182221631290e-01
5.076000000000000000e+03 6.049877025573270339e-01 6.309944472529542825e-01 2.697910333284904705e-01 4.467470660029931873e-01 2.851474664504527468e-01 3.720862806355894614e-01 2.711965513908156100e-01 6.367643249664411975e-01 5.992914798921751274e-01 7.767276403084868441e-01
5.077000000000000000e+03 6.133095799288567074e-01 2.623836258813287969e-01 4.017780656394945860e-01 3.867337411425309512e-01 3.087488422520980880e-01 1.756589528791586419e-01 5.264279357802149617e-01 6.924108764515007897e-01 7.865095311860202942e-01 7.233947128273426896e-01
5.078000000000000000e+03 2.980989940096307467e-01 3.866412127677278376e-01 3.378987763263500144e-01 4.077050537212090764e-01 1.338757116049097418e-01 4.395541137314497027e-01 5.945821899528336285e-01 9.211775815337892581e-01 7.405496721290583118e-01 7.276009593377240625e-01
5.133000000000000000e+03 5.477042684331207001e-01 4.940477233049433980e-01 4.082415414568020817e-01 4.704680761171265990e-01 2.905001459722481583e-01 4.506365431914978181e-01 5.189173754060849575e-01 5.762394087105301432e-01 5.579588120407883434e-01 6.736119705731103968e-01
5.134000000000000000e+03 4.819843282796703043e-01 3.758427604254110377e-01 4.098893365620901452e-01 3.752739954418988222e-01 3.602281929064153343e-01 4.101338478483841365e-01 4.328790544772223026e-01 6.252784428859454735e-01 6.827629727336297361e-01 8.006670737223013923e-01
5.135000000000000000e+03 3.750393048894479220e-01 3.705815486037324358e-01 3.004706362245280205e-01 4.286941094801755003e-01 3.162645530254153403e-01 3.128235796909956123e-01 4.837429589566740740e-01 7.701149245258920306e-01 7.874560066656359769e-01 7.864454614447071723e-01
5.136000000000000000e+03 3.698494714830239949e-01 2.674196219264581842e-01 3.569331147533216231e-01 3.899720261281416356e-01 2.285205537389173314e-01 3.641420876423610009e-01 6.579220732185142584e-01 8.966438414259403356e-01 7.743897023477558372e-01 6.742118807235423228e-01
5.137000000000000000e+03 2.876093900626682243e-01 3.272430561643146496e-01 3.228538465415139447e-01 3.212146512303091783e-01 2.823553491273987359e-01 5.525308259737706784e-01 8.198927372264015467e-01 8.881206936232151072e-01 6.827885512038798232e-01 6.072859858942806222e-01
5.138000000000000000e+03 3.214260906565920006e-01 2.751003232060812986e-01 2.275105300609774062e-01 3.475500848489093131e-01 4.269546969874821185e-01 6.926956472418075439e-01 7.837346596360812434e-01 7.554262729009871835e-01 6.072202374214046294e-01 6.927471994080112161e-01
6.222000000000000000e+03 1.883225327538949889e-01 2.272719343756785249e-01 1.836950489264291830e-01 2.027336411925148296e-01 4.971900870766505776e-01 5.679266180349095139e-01 6.079716233212931753e-01 9.007166993149849921e-01 8.245535191557262777e-01 8.524108735519859703e-01
6.223000000000000000e+03 2.078526698726265165e-01 1.122605106670940961e-01 6.560896607218269505e-02 4.993629117495131386e-01 4.021480082781878629e-01 4.317657598352971360e-01 7.566848994104922177e-01 8.926938151691751200e-01 7.913944930466058070e-01 8.720037564789318019e-01
6.257000000000000000e+03 5.110528402722914754e-01 5.268500663394667383e-01 3.455039860800008245e-01 5.404845952913235330e-01 3.268345771466354965e-01 2.797522945592215704e-01 4.086215348358255839e-01 7.375238755012087921e-01 5.783211277183494259e-01 6.800422554148515264e-01
6.259000000000000000e+03 3.407238244255203496e-01 4.596495943331671552e-01 3.539631087079810334e-01 3.154697750918047938e-01 2.362071870505653426e-01 5.378717877746524989e-01 5.370265203979631696e-01 7.963525246362158638e-01 6.841830239237657318e-01 7.517156388477286288e-01
6.459000000000000000e+03 5.835737296507634841e-01 4.567223778411823587e-01 4.329472361864562524e-01 3.995353887026182327e-01 2.494838452302055032e-01 3.676973813454916251e-01 4.855688137776807967e-01 6.048672158290279155e-01 5.765402699730309832e-01 7.899782769706603647e-01
6.460000000000000000e+03 4.717940769634699216e-01 4.242774847328481536e-01 3.606068424669525152e-01 3.647997214747373818e-01 3.151376337225431090e-01 4.082305131940659471e-01 4.989926303271684516e-01 6.739756881943043121e-01 8.058162260806652766e-01 6.213352944494685559e-01
6.474000000000000000e+03 3.507196125501618744e-01 4.323042716049355083e-01 4.298930744212615673e-01 4.097569835359870516e-01 3.654170150982404830e-01 3.678022410210372573e-01 6.178572506608143167e-01 6.981586730472629787e-01 7.258453570749101580e-01 6.082470088382896378e-01
