1.050000000000000000e+02 5.229406088138450759e-01 5.140768272866227395e-01 6.145671885490571196e-01 6.107296142175573372e-01 5.430807380706399456e-01 5.638824873749043176e-01 6.514731132073048325e-01 5.229657957047120220e-01 3.936013813818770579e-01 1.997232560861129658e-01
1.060000000000000000e+02 5.550042093970828372e-01 6.345213467985191258e-01 6.302866787874970012e-01 6.581997145645996916e-01 5.362095835497362462e-01 6.304658215686707035e-01 4.485234894151383656e-01 4.909723395176897043e-01 3.238490030138211351e-01 2.111588837311242084e-01
1.070000000000000000e+02 6.560365624595003720e-01 6.464171161681793176e-01 6.784033455399606227e-01 6.493913132133631860e-01 5.926117644571379239e-01 4.168785597120699959e-01 4.061186241810051945e-01 4.028102098585156221e-01 3.314949263147339842e-01 2.717671308679237008e-01
4.370000000000000000e+02 5.120253810503594405e-01 4.298693781124301450e-01 5.742458149496232345e-01 5.729032886645754052e-01 5.588560438073489900e-01 6.883731620210280511e-01 7.369127597220345161e-01 5.984594372689063801e-01 3.128816587501233593e-01 2.145190309492541192e-01
4.830000000000000000e+02 4.409597397306319611e-01 3.208323565016586998e-01 4.860721698852538131e-01 4.946395737125379721e-01 4.941075977654543205e-01 4.398975083726887614e-01 7.061351563540222420e-01 7.495803340390319036e-01 5.485661730636106626e-01 4.060970928617163578e-01
4.840000000000000000e+02 3.608432337659464029e-01 4.805847111540984540e-01 4.698091440143141728e-01 5.827514789290542119e-01 3.871339350095558962e-01 6.441766955584831145e-01 6.825626739453011238e-01 6.465203174040413669e-01 4.765957598960044450e-01 4.057536895644324182e-01
6.040000000000000000e+02 4.475067389299345888e-01 4.215416613035188886e-01 4.207597598006884154e-01 4.743804100656792699e-01 4.404990836618889460e-01 5.274873704169765753e-01 6.568646188691525944e-01 6.844370842323225235e-01 5.700000749455436111e-01 4.345866632640216776e-01
6.050000000000000000e+02 4.472083139543469033e-01 4.193399624040872187e-01 4.480312685201784939e-01 5.364041401082429994e-01 4.655152533297593487e-01 5.933489047322517695e-01 6.035754515116756869e-01 6.726881939283253509e-01 5.014583199289768256e-01 4.129101593772985801e-01
9.230000000000000000e+02 4.182253303754030482e-01 3.836938094258510179e-01 4.103199078852784454e-01 4.945463475537023590e-01 5.372022448370024073e-01 6.071466358088696280e-01 5.933562813668440405e-01 6.298409882473952059e-01 5.298995037010494347e-01 4.991433210622789884e-01
1.536000000000000000e+03 2.690512411084063915e-01 4.904576033683751279e-01 5.321225501798657609e-01 5.809181753032509610e-01 4.658597150247726359e-01 4.687863903664878373e-01 6.499453411672526659e-01 7.399750616924785085e-01 5.160105724723614840e-01 4.024864132333380029e-01
1.537000000000000000e+03 4.861757168021362263e-01 5.002770875248904181e-01 5.375352631302018347e-01 5.350227661759785480e-01 3.861285281852681051e-01 5.559792545008743758e-01 6.416142210026073434e-01 5.828645636217676396e-01 4.538928707553185893e-01 4.164707584071787316e-01
2.363000000000000000e+03 2.912481167252980452e-01 2.409626149832995168e-01 6.176403450996440503e-01 3.513062930614024859e-01 4.563686668093485665e-01 5.664850527687348425e-01 8.235362797765273246e-01 6.170301503552839684e-01 6.011190891483424448e-01 5.806531515927071396e-01
2.419000000000000000e+03 6.105941640184249231e-01 4.655212981461531174e-01 4.656574511316708409e-01 4.553821871324104653e-01 4.327718249815101781e-01 5.869056392276169598e-01 5.932375335910321512e-01 6.205440534335563418e-01 4.642327149738528225e-01 3.804185060184819278e-01
2.589000000000000000e+03 3.367254787798428795e-01 3.145326660286481002e-01 3.423278269330054524e-01 3.907718092746884087e-01 4.612808289869475553e-01 7.400918884767159200e-01 7.764370270781929539e-01 6.930683587404228296e-01 5.990187269506696000e-01 5.019133115948349877e-01
2.594000000000000000e+03 5.648887855082914689e-01 5.407428965304769131e-01 4.119514836056046292e-01 4.552616200685342673e-01 2.941104030677971770e-01 5.746936732946791304e-01 6.769383283704515364e-01 6.813386580964420070e-01 4.471336629055813749e-01 4.308897175272334290e-01
2.612000000000000000e+03 3.050079643616761538e-01 4.345858740989052560e-01 3.661245145153975700e-01 3.787925676248456996e-01 4.629987467253459665e-01 5.650921794880670035e-01 6.161180722901289375e-01 7.612055833716100395e-01 6.969766724242730804e-01 4.900512319409948137e-01
2.613000000000000000e+03 4.485550895970107921e-01 3.566712185692693660e-01 3.330240974877288762e-01 5.444227272328149292e-01 4.858997516015471918e-01 5.364861017747561966e-01 6.822745518782720175e-01 8.156587036604570073e-01 5.401649667265882027e-01 3.532242957579908582e-01
2.614000000000000000e+03 3.823846052995754641e-01 3.263239346146688535e-01 5.118235622821450947e-01 5.648941812294352438e-01 4.611144037293986031e-01 6.055941569656447809e-01 7.491255045528876222e-01 6.252075360882759503e-01 4.214970645898065693e-01 5.076970322095406551e-01
2.683000000000000000e+03 4.223436983507600773e-01 3.314950901182139309e-01 2.985142090402360671e-01 4.172318672811891616e-01 3.241763816550209953e-01 6.326163353139434564e-01 7.463101474363124099e-01 8.444724276510673366e-01 5.737861424815414724e-01 5.092166519771741395e-01
2.772000000000000000e+03 3.113842899220644056e-01 4.911385041747430291e-01 5.017132237556507501e-01 3.535067319611340797e-01 5.181950257959401229e-01 5.627410235580725395e-01 6.933595965387626681e-01 7.521639120631290476e-01 5.286081717066447583e-01 4.283204268375477297e-01
2.925000000000000000e+03 2.931401282063662017e-01 2.318088784591246232e-01 2.594760446391912723e-01 4.466510942263905992e-01 5.763032087529701419e-01 4.684107934197531131e-01 7.427364554213466974e-01 9.224031384522949351e-01 6.937245495755992586e-01 4.599189051682213147e-01
2.944000000000000000e+03 4.905443731074626279e-01 3.051841324240134323e-01 3.907320575196605583e-01 4.019416909168929686e-01 4.426653455420814232e-01 4.036111242171981917e-01 8.192585873639193217e-01 7.700003860772631770e-01 6.415106503438895436e-01 3.982716815716527137e-01
3.057000000000000000e+03 3.132689885489533532e-01 3.915703080096618605e-01 3.755858039375746249e-01 5.790913136808001349e-01 5.214324054859144075e-01 4.811780556709868706e-01 6.107310100649360196e-01 8.245608435445045403e-01 5.437317336502355269e-01 4.538128420790433770e-01
3.088000000000000000e+03 4.244804159346752814e-01 4.767763637954260947e-01 3.313602937690546812e-01 3.789439868181065929e-01 4.993119749474006497e-01 3.625072599682924723e-01 5.791095268571349042e-01 8.335537530184831123e-01 6.912208248995863613e-01 4.358854361702255709e-01
3.090000000000000000e+03 3.854300879344778052e-01 3.626203548069120708e-01 5.846646996178516131e-01 4.443274637263850968e-01 4.688936953466211754e-01 7.433904823396323414e-01 7.864785951341016768e-01 6.048913977125711661e-01 3.874844646529542191e-01 4.399941892388868903e-01
3.488000000000000000e+03 3.953622324332878302e-01 3.662303007804881827e-01 3.108388479939424576e-01 5.796099737892262960e-01 5.348786021957464554e-01 6.389694174381864711e-01 7.111557498217476736e-01 6.218313586531168946e-01 5.505472699573150663e-01 4.193343565363244485e-01
3.699000000000000000e+03 1.589624514746745265e-01 3.448295126251791354e-01 3.826194354922459739e-01 3.828247227985275836e-01 5.804512966242196814e-01 7.514914116349517004e-01 6.403764641603659769e-01 7.427790946465409050e-01 6.598124024999426629e-01 5.236494539106111290e-01
3.703000000000000000e+03 5.993534908733246791e-01 6.734335311754290343e-01 5.461259287029341936e-01 5.926136486798491143e-01 5.496046031788377473e-01 4.985310950204819846e-01 7.378876623849122129e-01 4.448975730500911996e-01 3.310780991178952082e-01 1.621814673758540937e-01
3.704000000000000000e+03 7.099256011233776587e-01 5.909415521866342447e-01 6.329304262627648558e-01 6.845247475673802429e-01 5.013505574069223591e-01 7.466525497240846798e-01 3.789674312095290265e-01 4.353296664552472328e-01 3.079924118723004756e-01 1.181838784114894875e-01
3.705000000000000000e+03 6.384936815904389551e-01 6.721570489773516233e-01 7.316451953451382773e-01 6.421281626604170567e-01 7.235640418016789921e-01 3.741813194247315955e-01 3.666979827103171163e-01 4.065514986527224428e-01 2.690626130302914976e-01 2.466598975407557348e-01
3.894000000000000000e+03 4.171171537942885976e-01 5.095788105228998832e-01 4.516187366985553453e-01 3.708401141217770314e-01 2.323253395990469150e-01 5.192323933620783816e-01 7.349268001261626271e-01 7.820288336358547365e-01 6.011896018830907851e-01 4.494395357346881448e-01
3.895000000000000000e+03 5.425868892189885662e-01 4.713908524591073901e-01 3.610726736200474130e-01 3.790513484784285292e-01 4.847362292301550801e-01 7.039060388438529436e-01 7.509776898870295092e-01 7.345624001944717207e-01 5.338012900614741429e-01 1.786498694103072493e-01
4.075000000000000000e+03 2.294622613313819226e-01 1.047269218732450463e-01 4.262351816938868554e-01 4.517245595736909536e-01 6.243454522193526701e-01 7.562238864951184025e-01 1.000000000000000000e+00 8.349940918921663346e-01 4.628203801574254928e-01 3.895296362394136680e-01
4.076000000000000000e+03 1.475350231642762466e-01 3.910345718322948416e-01 3.880090475379209258e-01 6.617166554944584611e-01 6.310802261674033353e-01 9.033853769484755381e-01 7.439388177151033954e-01 5.077871670872461385e-01 4.341742251834095900e-01 4.599521553442412758e-01
4.088000000000000000e+03 2.130215934430488289e-01 4.275595513224637600e-01 5.263449438650441570e-01 7.702370831224922831e-01 6.336886835671202700e-01 8.012283282416899910e-01 7.943448298568944743e-01 5.952097501081550224e-01 4.289599374874602522e-01 8.129446828905773081e-02
4.089000000000000000e+03 4.406111055766369078e-01 5.045809203549791455e-01 7.514213934521031257e-01 6.896728583175076865e-01 6.943551878558420487e-01 7.173607374154931104e-01 4.783133015108800290e-01 4.866664729464382222e-01 1.821233741109031246e-01 2.699700231420971708e-01
4.329000000000000000e+03 2.090784179184847213e-01 5.337713256182279320e-01 6.715430035151302990e-01 6.351435596801274786e-01 6.576783753612104322e-01 7.785405004370717919e-01 7.259098688975924585e-01 4.910680199710473759e-01 4.895306269204394711e-01 6.228889247953035835e-02
4.330000000000000000e+03 5.289204187813240088e-01 6.375074063714994965e-01 6.028675281796295193e-01 7.072809181866935857e-01 6.704622491358135372e-01 6.427795547457770819e-01 3.483077415591084303e-01 5.573262185129642665e-01 1.630382970128115838e-01 2.924539792242071279e-01
4.374000000000000000e+03 8.064854837183805802e-01 8.309280336091700025e-01 5.470814306724243181e-01 4.015005338384542433e-01 1.296930334849483724e-01 6.465301381299393135e-01 7.942588097432980998e-01 5.885560433856351636e-01 1.688406489352986262e-01 2.120010065857889647e-01
4.375000000000000000e+03 8.263122470547282772e-01 5.699445968573084720e-01 4.034569096536830268e-01 2.987415610779667885e-01 6.090170740718209297e-01 7.767135496356636359e-01 5.268680834890968612e-01 2.150278595694272432e-01 3.336562007306839717e-01 5.386270278474969420e-01
4.436000000000000000e+03 4.284028570103989852e-01 2.961769782663806194e-01 2.349995271375640848e-01 4.322537885497244048e-01 6.609861717080195431e-01 6.489354858028560935e-01 8.287513597925838527e-01 5.804632691874668238e-01 7.029855088628094162e-01 3.204921078881816654e-01
4.437000000000000000e+03 3.529690335535369261e-01 2.604922592210183185e-01 4.193018432593654810e-01 7.428503979061825691e-01 5.922762082537313955e-01 7.911308374979079128e-01 4.968288302703476877e-01 8.511642712735576488e-01 4.149369678846722143e-01 2.561789764281134363e-01
4.438000000000000000e+03 3.092819673548486969e-01 4.181596122648819636e-01 7.370984651069966143e-01 6.678651930084145150e-01 7.015950456248247757e-01 4.284155529253073635e-01 8.060324137680570100e-01 4.837083697210268207e-01 3.460181649770757151e-01 3.055748567401196936e-01
4.439000000000000000e+03 4.405833950859365244e-01 7.116340940434930928e-01 6.515100466491923203e-01 7.578271771201740004e-01 3.718947802069342834e-01 7.416324403452839720e-01 3.547539494090901080e-01 3.950449476462339349e-01 3.853271668687839879e-01 2.961289771036816343e-01
4.440000000000000000e+03 7.057300309456304710e-01 6.471498323366238203e-01 7.652030969160398266e-01 4.881817837414112460e-01 6.701660515112017880e-01 2.957922437874033750e-01 2.663073323425567129e-01 4.587562022318137367e-01 3.900136836172082844e-01 3.079544769420375916e-01
4.513000000000000000e+03 3.486361718579889524e-01 3.647585689702360634e-01 4.963575125144891742e-01 4.387573929126818983e-01 4.433754889632817719e-01 6.742431313374133151e-01 6.608803143650335832e-01 6.433293591352546859e-01 4.959793714539775245e-01 5.739893130733878523e-01
4.623000000000000000e+03 3.609547932935779913e-01 4.153464864276942281e-01 6.709724690205438602e-01 5.266531752843035541e-01 4.357326054573244511e-01 6.610027170969839938e-01 6.445602027748928986e-01 5.660568401272568773e-01 4.201413916182890063e-01 4.578663391277242312e-01
4.700000000000000000e+03 5.195325991717576475e-01 4.801643242349327156e-01 2.738338565802573288e-01 4.568385371295410891e-01 6.338398834896079581e-01 6.382614988080118623e-01 6.414864838891202181e-01 5.129921918762808675e-01 5.381197717327700358e-01 4.114150082548516107e-01
4.840000000000000000e+03 6.405085728455349736e-01 5.034545202808693443e-01 3.291590220367558994e-01 4.579015485235271576e-01 4.318588582230374340e-01 5.151895338595726681e-01 5.578557634270402410e-01 5.836848772929201790e-01 5.410233715945067523e-01 4.595308120076297964e-01
4.901000000000000000e+03 4.001635824017077403e-01 2.773303253316788397e-01 3.295931874789518323e-01 5.185979628200175773e-01 4.948680619368537315e-01 5.557071469174246214e-01 7.499426149634255134e-01 7.189722398284404958e-01 6.053538124951830524e-01 4.533354890646605906e-01
4.902000000000000000e+03 3.132186506471517640e-01 3.217152004711439361e-01 4.825567896798291789e-01 5.712435256541992246e-01 4.766769252850216465e-01 6.735581662018934601e-01 6.301875396128335804e-01 7.032269799201879001e-01 5.075631274935286097e-01 4.658013711031799287e-01
5.122000000000000000e+03 8.460901917242467929e-02 3.811877369018896733e-01 4.674890301388145430e-01 6.080662181204298244e-01 4.584132909113107779e-01 5.950008277406563240e-01 7.225221626144243681e-01 9.072969982218254126e-01 5.349640457303221908e-01 4.219659590719095354e-01
6.208000000000000000e+03 4.885479653777844988e-01 4.954087442830605870e-01 6.380487180589589080e-01 5.305382868604923141e-01 5.085530648966163358e-01 5.827306673957203254e-01 7.037098088780129324e-01 5.189413570754051186e-01 4.115206228307294878e-01 2.702406881089047253e-01
6.230000000000000000e+03 4.071599715720045642e-01 4.225717852772487015e-01 5.376931482706948096e-01 5.771848670995144426e-01 5.515085285818336347e-01 4.300267289970710616e-01 7.818485091261958564e-01 7.297190066903828098e-01 4.093695738857184296e-01 2.987750850455266338e-01
6.475000000000000000e+03 4.383106080093586154e-01 4.067735307953755375e-01 3.560444161205846836e-01 4.505051877655270043e-01 2.984867485266667342e-01 5.257980318438540968e-01 5.937723283550875308e-01 8.407660483318450950e-01 6.349491460279793609e-01 4.882485389194456959e-01
6.542000000000000000e+03 3.292677785061852158e-01 2.710811118506096240e-01 4.044826759250571002e-01 4.687594065624430817e-01 4.771440632790934777e-01 6.051443678465660003e-01 5.889222547930069718e-01 8.343646957344552639e-01 6.760193120908747355e-01 4.325517518555264673e-01
6.543000000000000000e+03 3.011852566718172253e-01 3.840389174632298785e-01 4.205739618635229715e-01 5.480617591902749997e-01 5.117413419806564612e-01 4.973541069989237950e-01 7.600784178901525134e-01 7.811788295167090279e-01 4.828409079340944543e-01 4.550254084564493984e-01
6.544000000000000000e+03 4.052644455625419306e-01 4.077210194824593126e-01 5.150234021458873768e-01 5.865632067493543600e-01 4.253673721353788961e-01 6.849708709292312570e-01 7.065010861665116382e-01 5.546480066017019928e-01 5.096560371456609895e-01 3.488100892452147272e-01
6.599000000000000000e+03 4.317215333586650883e-01 5.737199518435933676e-01 3.788633378465580126e-01 4.431376134276946432e-01 4.768742409761754231e-01 5.170410327160834818e-01 5.383140104607806453e-01 7.013871689001920373e-01 5.797826059007865629e-01 4.162396718822019004e-01
6.601000000000000000e+03 4.348322290973402060e-01 4.405185200939644163e-01 5.777940717851940411e-01 5.770407778780410890e-01 4.462089815473002097e-01 5.946496618568368753e-01 6.377528367061222614e-01 5.973251432088139135e-01 4.255060176239796599e-01 3.968765880462465923e-01
