3.850000000000000000e+02 7.256449516872887084e-01 3.334904438255708592e-01 3.009755589145922117e-01 3.257665475170265501e-01 4.700971337413504259e-01 5.444530628485823032e-01 4.363549748181716481e-01 2.996801464942527859e-01 2.883623424626786114e-01 2.647642157185511880e-01
1.398000000000000000e+03 6.045587046432470135e-01 4.328560312471336213e-01 3.894304506149761091e-01 3.021454383938771415e-01 4.598911184270804697e-01 4.096328458312431531e-01 3.912948777967901748e-01 3.980507608678323650e-01 3.524411205861051055e-01 2.771196606534145346e-01
1.483000000000000000e+03 4.648890265204595473e-01 3.830622938792325183e-01 3.960780003923484727e-01 1.835582273853842150e-01 5.397946102510114974e-01 4.193453536390936431e-01 4.668893676441936424e-01 4.410688026501239367e-01 3.448119193993180454e-01 3.218216288315566831e-01
1.912000000000000000e+03 6.700140486880106216e-01 5.325431350338091230e-01 4.312660854324792403e-01 2.737457587666871639e-01 2.839883303068086451e-01 2.518781586644940340e-01 3.876813945172712383e-01 3.428802234658189230e-01 3.940855508915673822e-01 4.686093210047905799e-01
2.010000000000000000e+03 5.875998988771088394e-01 2.493701886449645189e-01 1.952891303867826667e-01 2.533257515641893290e-02 1.840506426125435857e-01 2.507011122583115426e-01 1.000000000000000000e+00 4.514196872930256732e-01 3.324027166334871941e-01 5.406641307056797574e-01
2.014000000000000000e+03 1.603772327532880515e-01 4.833422325391754926e-02 1.000000000000000000e+00 3.737191118842796422e-01 3.061428435569007456e-01 4.879228497179919910e-01 7.453993244449956812e-01 4.215757104541852374e-01 2.938492944597780321e-01 1.050186048842426528e-01
2.426000000000000000e+03 6.806772999872420238e-01 4.433463554308640364e-01 3.700354152629602988e-01 2.779552107348270962e-01 3.267227721324735268e-01 2.540428549081213960e-01 6.483491326362634810e-01 2.242446501665489866e-01 3.096725789607990831e-01 4.427543166241136863e-01
2.427000000000000000e+03 5.665397536682358348e-01 3.722334991181895925e-01 3.437599479493431143e-01 2.214734708663322060e-01 2.214355270528343134e-01 6.706700216583028062e-01 3.557161032324681615e-01 2.743075925360483613e-01 4.025725337803600645e-01 5.166868597928961915e-01
2.527000000000000000e+03 6.370638640432466637e-01 4.349894287154350003e-01 3.931058168892841431e-01 2.476032169896950075e-01 3.898805423048012919e-01 3.632028384449955127e-01 3.177979523152541508e-01 2.590866521977028825e-01 3.544025696762211353e-01 6.038618323697572121e-01
2.528000000000000000e+03 5.548133873289307072e-01 3.922198702235760170e-01 3.120212199194788982e-01 2.928946387711284793e-01 3.371131786189009993e-01 3.182808807139933527e-01 3.818982175934950707e-01 3.165759672400609848e-01 5.682307724926571879e-01 5.102541766292815195e-01
2.861000000000000000e+03 4.577340053088947980e-01 4.666256269121813460e-01 4.073935716078563862e-01 3.706120114634755547e-01 3.486665633672035303e-01 3.929349779992453162e-01 3.249224136659673579e-01 2.079587748352075827e-01 5.033462649667912459e-01 5.292723145980281485e-01
2.862000000000000000e+03 5.611153439337802640e-01 3.823771645455276147e-01 4.009374685205747690e-01 2.178518013392508612e-01 3.481425080231834168e-01 3.063179945844961005e-01 3.204464820553560300e-01 4.470825195639119287e-01 4.679181176973586376e-01 5.402185227167292103e-01
2.863000000000000000e+03 5.109943997987070885e-01 4.062587299632268723e-01 2.903106565211608370e-01 2.489257214052473799e-01 2.800086007310571556e-01 3.256789784819472677e-01 5.443557966702987638e-01 4.385576701280533563e-01 5.065418532215650860e-01 4.042998602783062778e-01
2.864000000000000000e+03 5.334170202693501173e-01 2.905873863949427482e-01 3.188210973458108222e-01 1.672567334558415220e-01 3.011961479284975263e-01 5.622415539192540113e-01 5.372176400557658882e-01 4.783095753682717888e-01 3.636759530405654361e-01 3.620956475445296086e-01
2.865000000000000000e+03 4.261806290778384354e-01 3.216841189869953377e-01 2.451973825900254922e-01 1.939909288393772413e-01 5.608057418862326671e-01 5.557384512028696877e-01 5.716271381422149966e-01 3.325565049156460340e-01 3.204228513728451522e-01 3.715164160851225916e-01
4.193000000000000000e+03 6.558579471421545071e-01 5.328840959234792951e-01 4.973206398307408183e-01 1.481294774612956777e-01 2.759096923042242411e-01 2.126101025236052655e-01 4.552328564896264140e-01 4.044224732738853634e-01 3.467925314095279266e-01 4.845334721633963726e-01
4.194000000000000000e+03 6.516974538945263795e-01 5.066651227028241555e-01 2.260448081768170747e-01 1.618886488812894264e-01 1.772803486490131530e-01 4.677425331409688081e-01 5.081815037486284714e-01 3.136444448697985887e-01 4.476427117247432363e-01 4.864577415005294503e-01
4.195000000000000000e+03 6.463554038094198040e-01 2.429436000285327690e-01 2.578048827393589759e-01 6.430191116898319181e-02 4.737897759132921882e-01 5.400255163596188179e-01 4.471997752853846264e-01 4.357789708544185237e-01 4.675971795921607943e-01 3.355366497381558899e-01
4.196000000000000000e+03 4.028997768506331068e-01 2.806984677757824453e-01 1.724625273745163390e-01 4.252743896881450159e-01 5.569002543768876157e-01 4.791141039949863845e-01 5.535360586878741440e-01 4.604549759016669519e-01 3.125802833773471123e-01 2.981672068177437240e-01
4.345000000000000000e+03 4.121121759732771506e-01 1.296871307370473514e-01 3.331462502094160727e-01 1.823019192750978124e-01 2.610374322206911457e-01 6.686951579815783031e-01 6.418094860526568635e-01 4.354482727805515374e-01 2.784635997487915349e-01 5.036694990529196891e-01
5.265000000000000000e+03 5.689361571892684877e-01 4.089815427618130328e-01 4.173405194212029268e-01 3.037190032776952431e-01 3.657899452375348859e-01 4.272045146649028347e-01 4.546174185140418045e-01 3.809598935511014917e-01 3.533921923424591660e-01 3.170782148421989466e-01
5.521000000000000000e+03 4.739204433411541295e-01 4.681103706276826815e-01 2.837920452921454673e-01 2.671909867069831024e-01 5.181099360105488882e-01 5.162803978951420181e-01 4.596296434952090171e-01 2.498802808807004394e-01 2.893030980682734232e-01 4.327790383274134345e-01
5.525000000000000000e+03 6.117592101481936773e-01 4.799054539430271382e-01 4.191515430905731754e-01 2.464807957819724615e-01 3.509531797655687790e-01 4.662754702442483690e-01 4.460219318947365452e-01 3.588751210525826796e-01 3.480629218458666241e-01 2.758020882701413545e-01
5.526000000000000000e+03 6.393423098664703375e-01 4.645123681437060004e-01 3.536685634357725205e-01 2.928312694385870607e-01 4.889430265585102964e-01 4.895706494805951992e-01 4.998452141870581289e-01 3.504290310804195618e-01 2.622812552329329416e-01 1.628235789350830354e-01
5.736000000000000000e+03 6.153753112477038378e-01 3.858291991064929372e-01 3.048827324844605724e-01 2.165381789846235472e-01 5.923919094394788365e-01 5.121870314287023662e-01 4.676671071444998828e-01 3.094743518405023708e-01 2.936773935564641058e-01 2.683574026272546598e-01
6.135000000000000000e+03 6.425002455944612834e-01 4.923276288527766997e-01 3.258119041821818107e-01 2.100689848897140666e-01 3.572070211044336419e-01 3.269885733315998633e-01 3.704377486662829289e-01 3.128314656749501821e-01 3.918042780499911837e-01 5.644739865608353613e-01
6.136000000000000000e+03 6.119606777451142010e-01 3.254734423837025159e-01 2.810764650208713022e-01 2.574917923920204132e-01 3.006829766551674665e-01 3.767293226349802682e-01 4.298001184404406372e-01 3.582860656929414134e-01 5.300665522935659180e-01 4.884945373952545022e-01
6.137000000000000000e+03 4.543968955013826250e-01 2.774304361528703300e-01 3.233113379480473948e-01 1.884050456206952384e-01 3.539179192888131653e-01 4.384094748320891410e-01 4.670444277457819204e-01 4.992667744950943232e-01 4.490755231625042088e-01 4.722060139322523109e-01
6.826000000000000000e+03 7.253162334380476306e-01 4.058964820505091553e-01 3.566109642748629405e-01 2.729394585389875449e-01 5.535066375516710657e-01 4.595272272936441471e-01 4.624521238310922988e-01 2.750113571861516615e-01 2.348598009656457097e-01 2.559433719748288039e-01
