2.170000000000000000e+02 7.364659689549376553e-01 5.377154479642496376e-01 4.873047910371405833e-01 4.026692836233657924e-01 4.541541777697133409e-01 4.140169720062221725e-01 3.554252536197571311e-01 2.103384548959212896e-01 2.296970912222828509e-01 2.515889807941328882e-01
2.180000000000000000e+02 7.008447874057546212e-01 5.436166719151317439e-01 5.045055165692661214e-01 4.248863343835540540e-01 4.381649348368560903e-01 3.994669398540495742e-01 3.801307346339346527e-01 2.349512144302575711e-01 2.431948634267331044e-01 2.130835891452542707e-01
2.190000000000000000e+02 7.025150321448907498e-01 5.575488289041435896e-01 5.210048716541019198e-01 4.013538964576838786e-01 4.186544705994435511e-01 4.224306739926940724e-01 3.978465650046622004e-01 2.452538947614482934e-01 1.990391178956736062e-01 2.128295891202814372e-01
2.200000000000000000e+02 7.177753658228167577e-01 5.771610845543537760e-01 5.015367617451148563e-01 3.802296022753316462e-01 4.458068699293430415e-01 4.430129957900289517e-01 4.082384131109014769e-01 2.016785732114870500e-01 2.007098146929303661e-01 1.978240756590672889e-01
2.210000000000000000e+02 7.395173199339061254e-01 5.602013921004739272e-01 4.854148468415893647e-01 4.165309703124410734e-01 4.713900229607225212e-01 4.567770138299985239e-01 3.740294734429424617e-01 2.064541911814123110e-01 1.878211806506496495e-01 1.856335713203855764e-01
2.220000000000000000e+02 7.277940182458950691e-01 5.477665637757372918e-01 5.231181482177048592e-01 4.520243247276831133e-01 4.903865476703810899e-01 4.240186898180378083e-01 3.813944729981762483e-01 1.970854263778244464e-01 1.787611142071050541e-01 1.715572160299785043e-01
2.230000000000000000e+02 7.018396749453413852e-01 5.722099479212701123e-01 5.413078814467883193e-01 4.591469500419930183e-01 4.413893488836043710e-01 4.199483931408171666e-01 3.622906857293536897e-01 1.744914360669785613e-01 1.511023263654178994e-01 2.704111324157653651e-01
2.240000000000000000e+02 7.234288631371678102e-01 5.898075733720591352e-01 5.464342554667279694e-01 3.986519488560025248e-01 4.356486238366435448e-01 3.985365692421004580e-01 3.421346917569465518e-01 1.446601567087606177e-01 2.541128598969595864e-01 2.592974152984414693e-01
2.250000000000000000e+02 7.403623723294883163e-01 5.955959189512368690e-01 4.912110935725148009e-01 3.921671277124246235e-01 4.125280747288131988e-01 3.774942282809820582e-01 3.172713322719479812e-01 2.512848506205958565e-01 2.427381719206397614e-01 2.744887555083805331e-01
2.260000000000000000e+02 7.436084400248629267e-01 5.353228274939494380e-01 4.830352534006565612e-01 3.619468962120306332e-01 3.874693220905322533e-01 3.493314878060177486e-01 4.054845442529570465e-01 2.375035927151097903e-01 2.567745081512876060e-01 3.053978244470224035e-01
3.820000000000000000e+02 8.112347847902222631e-01 6.193243476369485467e-01 5.506831357541029925e-01 4.225006543463748487e-01 2.537448686075158832e-01 2.572446301347560138e-01 3.244631442061203241e-01 2.445487937139045609e-01 3.487343538595151782e-01 2.908894084047640716e-01
3.830000000000000000e+02 7.734044637518109333e-01 6.056630704365284501e-01 5.184617361080510189e-01 1.789842508921308251e-01 2.623635118469198058e-01 3.631180937861950841e-01 4.056752639299513463e-01 3.538641430632710194e-01 2.808370954735046610e-01 3.081349259711052002e-01
3.840000000000000000e+02 7.576747649331538881e-01 5.687876635077984133e-01 2.916442500155726480e-01 1.862648096215021032e-01 3.758751258936942619e-01 4.468344611903309338e-01 4.956486095992793661e-01 2.810978688264181846e-01 2.964284522658174881e-01 2.982008966690850582e-01
3.860000000000000000e+02 5.116685863734247164e-01 3.511691963527321936e-01 4.368782588216866825e-01 4.475229558837966470e-01 5.841595524853894217e-01 4.879269511736991083e-01 4.580305126401528759e-01 2.984508087774381813e-01 2.599276721484001795e-01 1.802388778048437390e-01
3.870000000000000000e+02 5.031248924767264263e-01 4.668521069975083981e-01 5.228841972350701806e-01 5.562788119913173457e-01 4.984974356459724310e-01 4.893423304928239403e-01 4.366531885591169448e-01 2.450686010035808549e-01 1.476305013418988399e-01 1.965086002954489208e-01
3.890000000000000000e+02 7.173264003641652842e-01 6.840758698047446629e-01 5.494385466953998209e-01 4.783091970215117006e-01 4.944528154200197312e-01 4.365331582792558174e-01 3.104647558551631437e-01 1.663695277318763821e-01 1.182050321322357656e-01 1.757187353546510178e-01
3.980000000000000000e+02 8.193580629862691200e-01 6.374502761789246907e-01 6.274715559168196899e-01 5.155329572829346896e-01 4.873151005286202042e-01 4.443667816755814681e-01 3.931327301329492485e-01 1.990225790420184770e-01 6.070249825193944210e-03 1.858355511569791813e-02
5.690000000000000000e+02 7.614841534001853818e-01 6.389409878468269577e-01 5.619274103073638171e-01 4.675693468411892262e-01 4.469768718273606778e-01 3.832950535058624042e-01 3.398135535408561281e-01 1.492008591185331190e-01 1.824724139851976457e-01 1.935844443442827634e-01
5.710000000000000000e+02 8.163259723774610732e-01 6.628191219008914281e-01 5.534179931005771547e-01 4.044568311925040849e-01 4.367617478723810898e-01 4.007115238321290462e-01 3.879316261900814244e-01 2.190460711565873353e-01 1.424549788397611039e-01 9.776384832583745466e-02
5.720000000000000000e+02 8.411042001872292007e-01 6.368578633284880386e-01 5.287171680094762127e-01 4.284675581712908965e-01 4.439059541103392847e-01 4.525548172058610485e-01 4.050230113913977359e-01 1.654914763876954020e-01 1.006441190083922355e-01 1.102818883357712526e-01
7.300000000000000000e+02 7.600334788494251814e-01 5.745743333699155908e-01 5.151977465053102501e-01 3.371958522473860742e-01 4.112045077624230660e-01 3.762896311383380210e-01 3.713783024413857548e-01 3.184572506832536454e-01 1.928159246195303711e-01 2.265509158197084594e-01
7.310000000000000000e+02 7.366055483908777735e-01 5.740449435548439228e-01 4.453343777865315656e-01 3.743348102827195323e-01 3.977414364652228085e-01 4.172760416027625485e-01 4.722594220004999732e-01 1.978597697945932987e-01 2.177232392868957145e-01 2.247589727688806827e-01
7.320000000000000000e+02 7.261880475110955580e-01 4.901926302686199777e-01 4.695109796599056251e-01 3.472700485825894190e-01 4.336624904480576026e-01 5.159476759567390713e-01 3.626561494748266612e-01 2.143483636332635112e-01 2.068929405660172027e-01 2.806014258553842233e-01
7.330000000000000000e+02 6.468196339767654512e-01 5.150248025503870730e-01 4.441163816716292012e-01 3.899311770330473603e-01 5.413605527028012565e-01 3.993592332703864711e-01 3.761656561100952811e-01 2.027010467205983268e-01 2.653360786403232141e-01 2.757386361602585656e-01
7.340000000000000000e+02 6.629324976425406968e-01 4.806957243640259669e-01 4.759890904041535475e-01 5.114297462720577281e-01 4.069291752296991804e-01 4.076206860809814536e-01 3.606328968734320295e-01 2.561869364720937292e-01 2.536120572483362423e-01 2.645990404713794431e-01
7.350000000000000000e+02 6.412341671098413798e-01 5.253933242343472587e-01 5.984705654855042578e-01 3.614606926227402206e-01 4.256884225089177520e-01 4.000168495403231272e-01 4.141181056627873946e-01 2.540502422853200826e-01 2.515098802695708291e-01 1.969527569059561778e-01
8.900000000000000000e+02 7.885453795362067364e-01 6.678953581052630151e-01 5.837566167056092992e-01 4.604295082399222361e-01 4.652855251803734715e-01 4.150085709546491586e-01 3.499522026877356362e-01 1.598987502099801505e-01 1.440559320741291727e-01 1.014652050063033217e-01
8.960000000000000000e+02 8.312867752103479946e-01 6.592913494411383191e-01 5.827043040560214715e-01 4.142754572798525992e-01 4.398628406794498069e-01 4.047129159969792278e-01 3.479487881436767460e-01 1.666511091063879457e-01 1.455490724223593435e-01 1.373077700816002500e-01
8.970000000000000000e+02 8.355497400682329046e-01 6.653174532413709263e-01 5.355343131826848513e-01 4.297810384325250754e-01 4.462908339293491511e-01 4.082221961840110103e-01 3.589679737345322641e-01 1.666508024354385886e-01 1.405046127964455216e-01 1.396875829730660490e-01
8.980000000000000000e+02 8.400960275370109587e-01 6.144836158427051664e-01 5.486859566874411342e-01 4.362965524085815061e-01 4.491203932726412495e-01 4.189962383187819661e-01 3.580866835484423083e-01 1.603913811934032374e-01 1.420150954805246279e-01 1.518504508899292393e-01
9.000000000000000000e+02 8.005335097755492679e-01 6.296762234084473109e-01 5.531191063239725425e-01 4.488691415253583950e-01 4.556842735675574185e-01 4.085712998279861785e-01 3.504781502212727107e-01 1.709542813456942090e-01 1.471849125479433584e-01 1.579345098247615098e-01
9.050000000000000000e+02 7.763432360186973691e-01 5.995041770006513948e-01 5.358522658276012596e-01 4.115202336219286328e-01 4.401355167298301452e-01 3.909304862264033620e-01 3.393763367671928655e-01 2.098601214404805515e-01 1.961491417523584802e-01 2.077951425420205556e-01
9.060000000000000000e+02 7.553751870378968558e-01 5.907505893254544338e-01 5.089875106072569988e-01 4.040264434045062192e-01 4.095409236617350568e-01 3.794429909584718374e-01 3.768849188673223383e-01 1.969483610564647658e-01 1.937040193363434026e-01 2.741368667952314153e-01
9.100000000000000000e+02 7.202177325070319158e-01 5.474389964357880833e-01 5.430811232918538733e-01 4.332729697660553936e-01 4.619442330351407056e-01 5.036283463071318245e-01 3.985941340158912771e-01 1.734136680629924654e-01 1.420987890861113712e-01 1.589646143952573309e-01
9.110000000000000000e+02 7.130079224596979071e-01 6.054108890353335770e-01 5.357214739945712623e-01 4.375899305781570381e-01 5.392618452645301375e-01 4.477756604244283456e-01 3.513155187366666654e-01 1.472883872378666081e-01 1.481101139279932533e-01 1.764570125179698024e-01
1.099000000000000000e+03 7.572689024068030017e-01 5.629247730689866946e-01 4.896563955521219813e-01 4.427832989755687843e-01 4.366866438724031352e-01 4.226405587402015662e-01 4.018865721251286272e-01 2.084294090519992482e-01 1.797575771474745343e-01 1.874402413208646756e-01
1.100000000000000000e+03 7.337614946968720187e-01 5.558333994219607499e-01 5.507394813385024790e-01 4.139528400443000522e-01 4.560236587786292706e-01 4.564265230957041952e-01 3.857356127886749642e-01 1.919125080297890418e-01 1.837261945672805652e-01 1.605481899916077482e-01
1.101000000000000000e+03 7.254172371964288102e-01 6.182661595337597404e-01 5.225042091048136550e-01 4.354246189198600070e-01 4.915962041446069741e-01 4.378917695886673789e-01 3.704734400068607214e-01 1.944683404245147740e-01 1.538206417055461572e-01 1.534747159934284899e-01
1.102000000000000000e+03 7.836723399607326002e-01 5.880062472362359571e-01 5.417173855522547932e-01 4.776837621073772855e-01 4.707438092555408238e-01 4.212340438902064110e-01 3.722019624399785509e-01 1.630594368523321236e-01 1.458562721738997370e-01 1.506480296369262228e-01
1.103000000000000000e+03 7.652043241268683404e-01 6.188694259650887597e-01 5.908156032561816540e-01 4.636010797564093511e-01 4.616043461705208739e-01 4.314033491138660192e-01 3.534944539798456908e-01 1.640881598933223717e-01 1.518274162465134414e-01 1.233488454047110827e-01
1.104000000000000000e+03 7.922047257896355221e-01 6.682840868738711970e-01 5.757170183103996752e-01 4.502791579852212789e-01 4.708710004663305138e-01 4.097955924564751218e-01 3.527333593490954433e-01 1.683334232504727634e-01 1.211012753572178469e-01 1.237042227277732609e-01
1.114000000000000000e+03 7.657720357254979016e-01 6.120469624930592323e-01 5.504645760872522997e-01 4.090985628796582896e-01 4.443389269036508438e-01 4.272406866087700705e-01 3.909056098008687474e-01 1.954721928814012744e-01 1.572998758913042583e-01 1.497067973819316000e-01
1.115000000000000000e+03 7.859138725828946903e-01 6.259943373754626172e-01 5.256399971830837403e-01 4.296125289637967026e-01 4.664249262246624728e-01 4.496502307779294272e-01 3.793761492236339961e-01 1.741207126516111370e-01 1.490907242175395497e-01 1.231211200859513993e-01
1.266000000000000000e+03 8.472914914715112822e-01 6.582176791861341636e-01 6.223807366491967974e-01 4.166551827227968352e-01 3.724611754333241875e-01 4.049193270093497388e-01 3.264915069290194038e-01 1.406876123179995053e-01 1.627426110051555797e-01 1.827331159250890069e-01
1.267000000000000000e+03 8.395859992189793619e-01 7.124428205925270596e-01 5.427982821451038387e-01 3.539329669435074543e-01 4.510848710844406195e-01 3.895650111980824559e-01 3.409127056926968824e-01 1.890754160876128298e-01 1.930459016052836763e-01 1.150392092750619905e-01
1.268000000000000000e+03 8.896602903218838732e-01 6.275226753959693982e-01 4.838731781696111178e-01 4.476531055658829472e-01 4.332242758624734180e-01 4.040093830806147368e-01 3.810211521010028468e-01 2.194426708458252218e-01 1.204593013035817894e-01 1.167071057578539239e-01
1.270000000000000000e+03 7.533712090528191796e-01 6.589653718394414827e-01 5.527869014188033780e-01 4.478362126254921693e-01 4.981331508917850592e-01 4.759180919037989121e-01 3.449777651064781514e-01 1.483059328142938837e-01 1.288281738959778100e-01 1.115577347912062728e-01
1.271000000000000000e+03 8.288017310194025766e-01 6.270225049304349874e-01 5.599870245671364488e-01 4.930156710118065999e-01 5.186870660689207879e-01 3.997646281636103582e-01 3.384641096456569853e-01 1.434576073175273803e-01 1.075791616382792415e-01 1.227912521919920924e-01
1.273000000000000000e+03 8.198139305027472012e-01 6.932567298519852761e-01 6.386317217800635548e-01 4.322011874749351890e-01 4.400857636228430181e-01 4.000089270519018858e-01 3.266125413671798761e-01 1.465787332523642017e-01 1.161055200636388618e-01 1.334803388232978227e-01
1.383000000000000000e+03 8.548147946467509195e-01 6.985200798364317176e-01 5.490432408271200826e-01 4.151770269645130296e-01 4.178739501935049283e-01 4.101363472014544764e-01 3.373655563135669611e-01 1.310964429560069200e-01 1.224228877564395163e-01 1.944923240898546735e-01
1.397000000000000000e+03 6.332002687369129301e-01 4.562207339968377129e-01 4.016450707161876577e-01 2.991364582980423070e-01 3.701462045133440126e-01 4.503327718607064711e-01 3.805348101620643630e-01 2.420083777861633811e-01 4.058312160415764591e-01 3.722256705047728431e-01
1.399000000000000000e+03 5.723631796424157869e-01 4.091606158912121649e-01 3.818032107978977518e-01 3.985999832368810059e-01 4.058633402083123842e-01 4.123799020860601239e-01 5.145040156982586543e-01 3.332372324324799351e-01 2.428219120076398063e-01 3.321794580297676713e-01
1.400000000000000000e+03 5.589990021298932854e-01 4.106231634425150934e-01 4.794017536356635634e-01 3.435830549761085817e-01 4.170833069115383318e-01 5.503245045330121821e-01 4.670920676885467193e-01 2.287713883145010563e-01 3.089975558271023104e-01 2.365228375610465006e-01
1.401000000000000000e+03 5.662762557940315133e-01 5.192679951655069237e-01 4.349005306146441208e-01 3.636319571613825796e-01 5.736775261185604879e-01 5.051684208714534163e-01 3.837756514637715166e-01 3.025932206110114597e-01 2.136135664136903645e-01 1.796401566318413801e-01
1.402000000000000000e+03 6.663834674741728747e-01 4.704627182384090722e-01 4.512849569037478137e-01 5.496849946828404887e-01 5.223408077569466901e-01 4.152311860682790789e-01 4.444123213503014536e-01 2.023615372479904972e-01 1.518328262670105289e-01 2.011691514499172884e-01
1.403000000000000000e+03 6.513495931695569841e-01 5.205009150912773830e-01 6.540309119061780141e-01 5.224333492216618469e-01 4.522090428506518878e-01 5.055472586782715494e-01 3.843229162883317063e-01 1.674329769151027547e-01 2.024898410953658301e-01 4.805724818931983444e-02
1.404000000000000000e+03 6.910613275998690463e-01 7.256638493040532545e-01 6.212855733767866928e-01 4.296394038553213446e-01 5.445308649198662421e-01 4.354923516966275332e-01 3.489471323028001670e-01 2.128523208117679977e-01 3.402482741736445604e-02 9.244126933318233541e-02
1.405000000000000000e+03 8.931937497335057374e-01 7.006770586910641141e-01 5.447527091748011197e-01 5.506365320195324431e-01 4.756591519540733226e-01 4.052336243637243984e-01 3.942148411270742780e-01 4.682332060573976551e-02 8.871385609173879083e-02 5.888169260294442292e-02
1.484000000000000000e+03 5.161045110724836738e-01 4.059499562089522451e-01 2.633928432398068287e-01 4.838049013286803701e-01 4.076523073149269649e-01 4.841984725706135473e-01 5.429476569973824551e-01 3.162523730632291197e-01 2.810652861340134367e-01 2.891214201873151812e-01
1.485000000000000000e+03 5.750319314917481384e-01 3.065668300466242724e-01 5.773150821809197586e-01 3.669036747506967400e-01 5.134975971411068763e-01 5.968413833687061798e-01 4.681139011058311761e-01 2.862931509348292658e-01 2.811732543075619040e-01 4.183517756042815644e-02
1.486000000000000000e+03 4.748527910883785785e-01 6.289421116794371436e-01 4.629126665824122022e-01 4.868055664844414543e-01 6.307256001357398612e-01 5.117489785180390216e-01 4.374406542767333428e-01 2.800269915205578775e-01 1.414168740317704037e-02 1.432388419381733502e-01
1.487000000000000000e+03 7.730624681065256798e-01 5.036353788015983657e-01 5.680948848619014058e-01 6.222975149742641099e-01 5.328629922963246113e-01 4.750770904208486134e-01 4.282305400720927135e-01 0.000000000000000000e+00 1.166744456883719444e-01 9.707035519190342077e-02
1.488000000000000000e+03 6.893814536838165363e-01 6.506101241380307654e-01 7.279369405608012711e-01 5.426720163325456925e-01 5.242070443319807316e-01 4.940611371963993803e-01 2.184838091278744343e-01 1.373545979366148362e-01 9.849993364849427002e-02 8.595066317554082846e-02
1.489000000000000000e+03 8.133379669264290124e-01 8.030474368313623712e-01 6.396501350452941104e-01 5.161003010778881794e-01 5.316797316265422513e-01 2.592602678686600215e-01 3.233327897223841618e-01 1.051719274067906829e-01 7.382025731523265966e-02 1.264034836684781726e-01
1.490000000000000000e+03 9.678988561583746764e-01 7.218495960646584830e-01 6.261826308979537847e-01 5.370563980468940901e-01 2.835832498374654675e-01 3.794545644660616834e-01 3.045164137591882536e-01 8.955737723546471074e-02 1.261600480363960219e-01 1.485751930424201728e-01
1.491000000000000000e+03 9.083031778331694950e-01 7.256439391405905548e-01 6.625994783005223487e-01 2.559244727910470751e-01 4.308703125383928079e-01 3.732731791479024230e-01 3.042902343266873366e-01 1.591169639526973101e-01 1.645613097331395103e-01 1.514633666185628280e-01
1.504000000000000000e+03 8.702373894272842358e-01 6.831236801693717497e-01 6.556590553195299487e-01 4.811194716488408352e-01 3.599471483777440528e-01 2.691214783939936406e-01 2.374005475102194118e-01 1.143738780772568520e-01 2.453772194543625274e-01 2.585602017894920723e-01
1.505000000000000000e+03 8.543044553411637265e-01 7.381182783139631498e-01 5.934053501004730169e-01 3.293516669069690428e-01 2.939427813140862988e-01 2.877244143791644060e-01 3.118847905868363246e-01 2.664816478613714068e-01 2.654187162348489171e-01 2.004790336553162189e-01
1.506000000000000000e+03 9.111424093667704893e-01 6.779031558062746932e-01 4.584931556573434430e-01 2.550771419425948983e-01 3.188120833235623119e-01 3.709193835441596532e-01 4.443882226061263152e-01 2.918122044926049208e-01 2.084333817405674971e-01 1.496337788621846798e-01
1.507000000000000000e+03 8.691095855584567431e-01 5.513832140080729971e-01 4.046105800946440678e-01 3.009543404506723752e-01 4.235469270958472920e-01 5.240181061302739973e-01 4.773885595840672846e-01 2.464545339431557514e-01 1.677205861475986604e-01 8.631225580269044628e-02
1.508000000000000000e+03 7.397865763471448419e-01 4.842395775747122544e-01 4.370908572468957254e-01 4.166874418657108281e-01 5.829789771435196499e-01 5.508406919475323793e-01 4.312032292541451706e-01 1.951505768350244863e-01 9.190073479758682773e-02 1.258263690998402407e-01
1.509000000000000000e+03 6.624644895785732901e-01 5.035865481145148648e-01 5.295935379488677652e-01 5.934478085406649228e-01 5.994396096625949077e-01 4.899394815289360716e-01 3.767502956416486359e-01 1.037389713352632192e-01 1.211669547548173270e-01 1.241350879604859875e-01
1.510000000000000000e+03 6.678227742777496090e-01 5.870707230474053739e-01 6.791159995420293916e-01 5.988305726108810179e-01 5.206321228439896309e-01 4.213357265519380168e-01 2.894296682547291555e-01 1.220562664855961432e-01 1.078354303358358690e-01 1.578110000168974070e-01
1.511000000000000000e+03 7.538967834584446859e-01 7.521743397078901605e-01 6.917632319897480953e-01 5.122363315670261930e-01 4.522090428506496673e-01 3.348883677419950411e-01 3.107207070722685649e-01 1.151851936494380363e-01 1.500857052307538742e-01 1.052358621518183629e-01
1.512000000000000000e+03 9.192139063298838675e-01 7.758988336226767535e-01 6.218943992354106776e-01 4.404225945660757424e-01 3.660440836943439358e-01 3.654664615311115639e-01 3.124292934578572489e-01 1.677700707837915528e-01 1.031436184844611720e-01 1.040010338651537747e-01
1.654000000000000000e+03 7.612292609828540391e-01 5.019332172516742796e-01 5.670086707416820415e-01 4.530767472386392769e-01 3.784598890034517882e-01 3.126203192066301928e-01 3.163257022420444264e-01 2.709537298600007138e-01 2.501954763296482254e-01 2.947946828548645981e-01
1.655000000000000000e+03 6.652911370412192271e-01 6.253156770248126106e-01 5.489733972413303187e-01 3.316774890724053515e-01 3.252182232157546649e-01 3.564351325675763626e-01 4.298187435067396533e-01 2.543566618289138104e-01 2.870961889492624763e-01 2.482294964105929147e-01
1.656000000000000000e+03 7.655191740902044240e-01 5.895229657590341787e-01 4.214057914100743929e-01 2.504008426926397357e-01 3.589459230339043794e-01 4.635559341410417922e-01 4.033405905721029749e-01 2.776256259054748488e-01 2.236562565290975413e-01 2.881769718614002884e-01
1.689000000000000000e+03 6.502097344612047802e-01 5.299896592605252144e-01 5.777380504178255549e-01 4.282791795297363202e-01 4.323999120110876282e-01 4.108583212347007851e-01 3.451043472536781120e-01 2.834409179501494180e-01 2.326621360462420851e-01 2.000403934380954596e-01
1.765000000000000000e+03 7.532451420929741071e-01 6.767381815488564545e-01 5.559315231172274885e-01 4.451923335230155709e-01 4.736479046274227889e-01 4.331202557690805310e-01 3.482409155048001304e-01 1.457098842311712328e-01 1.442036549480878449e-01 1.475577552286542471e-01
1.772000000000000000e+03 6.766463737589132332e-01 5.131112918556811620e-01 4.460720679994553683e-01 3.587032816133675639e-01 3.915735904225441377e-01 4.542630771733239814e-01 4.149647355227977785e-01 2.746506515378632773e-01 2.903848287999942768e-01 2.259728408049136161e-01
1.903000000000000000e+03 8.022414814528447957e-01 5.519098036318340617e-01 5.476988575082616384e-01 3.763559918164152696e-01 4.186844288657752822e-01 4.251816670167316015e-01 3.738197129598995749e-01 2.310761858015696335e-01 1.852010113714629980e-01 1.795840108369387567e-01
1.904000000000000000e+03 7.220577434125527994e-01 6.154293910660524336e-01 4.882263410755486865e-01 3.907986527361374529e-01 4.575997974983868066e-01 4.255235057658068309e-01 4.038266146470633755e-01 1.963047317320691654e-01 1.742331110822826490e-01 2.084681267663732740e-01
1.905000000000000000e+03 7.776676213086329836e-01 5.484628662671527932e-01 4.972776919752789349e-01 4.330638008309845022e-01 4.541321301196640792e-01 4.538637118490735922e-01 3.711507649916196416e-01 1.810730583678041850e-01 2.009639047569188319e-01 1.731120909295303101e-01
1.906000000000000000e+03 7.242898930653260958e-01 5.682585010622579480e-01 5.460049643331625902e-01 4.395576565469208052e-01 4.941225160855253207e-01 4.272570286636305226e-01 3.658762813072731768e-01 2.176946330015487874e-01 1.723161494863994780e-01 1.460219290100863432e-01
1.907000000000000000e+03 7.412622436481345334e-01 6.177042814208986155e-01 5.502799358097172355e-01 4.859127557709267409e-01 4.633559780918762305e-01 4.202551563677233704e-01 3.955103831624003363e-01 1.865171563438071112e-01 1.421762649362013076e-01 1.139619668637657096e-01
1.908000000000000000e+03 7.910270557321399387e-01 6.255673096164928726e-01 5.961941738045120065e-01 4.523042407076779403e-01 4.585506453529036852e-01 4.543593144434050490e-01 3.716339664382222185e-01 1.582812539383545158e-01 1.111072701181509415e-01 1.041698692050738728e-01
1.909000000000000000e+03 7.796401168819404592e-01 6.538285694202508047e-01 5.462389410088235309e-01 4.259104206592918551e-01 4.788716969942323765e-01 4.134338664140483899e-01 3.331510804400882875e-01 1.089303987564076009e-01 8.411294230839821973e-02 2.884293382611866075e-01
1.910000000000000000e+03 7.919403668742229785e-01 5.862611725241393401e-01 5.075932439833626963e-01 4.347176070755330302e-01 4.210411878567197896e-01 3.608784330902887749e-01 2.804741209349561615e-01 6.803979219973045611e-02 2.656898623229825840e-01 3.868799547967988750e-01
1.911000000000000000e+03 7.248023207694344050e-01 5.418747653787998608e-01 5.119933944918898527e-01 3.612015730531863422e-01 3.601746656974071370e-01 3.020994660731550208e-01 2.431913148269021219e-01 2.518061368752309015e-01 3.661113365059485147e-01 4.249057582063799354e-01
2.099000000000000000e+03 3.941335784850082957e-01 2.219993678817752392e-01 4.924884468712955599e-01 5.443693394141594366e-01 6.675659994205571657e-01 5.525668114030966027e-01 4.036044824172872469e-01 2.021846215510764710e-01 2.826355432841375359e-01 2.430418933624050593e-01
2.100000000000000000e+03 3.470530009504201874e-01 4.871361985370846193e-01 5.751527557884407171e-01 6.162119794949761920e-01 5.360641287583399750e-01 4.018067350154196360e-01 3.274378220121559879e-01 2.348808610166737143e-01 1.814278256705584291e-01 3.718747382815885127e-01
2.101000000000000000e+03 6.052401295585934093e-01 5.842223476462921061e-01 6.512380144791265479e-01 4.698679435829191120e-01 3.807122211532947276e-01 3.297678951353740784e-01 3.628013507128385884e-01 1.402662113614457084e-01 3.259035214080640008e-01 2.557078833869911305e-01
2.102000000000000000e+03 7.304324848930852099e-01 7.005450814426658068e-01 5.519312083844658545e-01 3.209678511665916556e-01 3.329227021328287073e-01 3.955144095223154799e-01 3.099228966659927087e-01 3.209489863037966462e-01 2.347267450722709536e-01 2.109373994797066609e-01
2.103000000000000000e+03 8.667564297479199986e-01 6.248229855966762614e-01 4.418814938623181754e-01 2.924908592750009029e-01 4.292501921273514376e-01 3.615264341529906278e-01 4.834413573900199212e-01 2.518055990096007557e-01 2.115319587681426527e-01 1.127847177223388203e-01
2.104000000000000000e+03 8.095598373923615920e-01 5.239824176146495871e-01 4.297620814083775165e-01 4.240954263131114788e-01 4.047021811659337054e-01 5.576786503014532492e-01 4.361078783607592047e-01 2.409413601737959709e-01 1.203403735327138457e-01 1.202184510303891535e-01
2.105000000000000000e+03 7.080443138446457230e-01 5.044863629341627131e-01 5.446826571234265613e-01 3.874653326207825321e-01 6.145177558879164614e-01 5.019902822656522323e-01 4.218815359651463814e-01 1.406603275888795579e-01 1.225140065898539937e-01 1.206835723142965916e-01
2.106000000000000000e+03 6.812474482508089624e-01 6.163964333866176482e-01 5.023752803706362791e-01 6.311362443542026801e-01 5.455093431541392368e-01 4.797913598477612229e-01 3.304617023106751206e-01 1.351095783721937005e-01 1.154662412421180034e-01 9.971303512701491789e-02
2.107000000000000000e+03 7.934943739150505104e-01 5.790965083923403922e-01 7.337970571218580540e-01 5.554630729860237093e-01 5.273478394289750071e-01 3.883154013744127275e-01 3.310432812900473420e-01 1.340587446350310630e-01 9.932051186712548274e-02 2.561074113717587072e-02
2.108000000000000000e+03 7.660490926962219005e-01 8.309367418103832392e-01 6.719518414907335035e-01 5.421134529584825668e-01 4.338356012389372740e-01 3.953237142857428665e-01 3.361680001469070089e-01 1.244572115312013172e-01 2.776214185565442638e-02 6.129883346778369074e-02
2.109000000000000000e+03 9.923195118208693044e-01 7.538556918199488255e-01 6.482835208565065344e-01 4.170367450635648066e-01 4.314330496866855547e-01 3.915745387831500168e-01 3.193996123231664375e-01 4.025446728960833248e-02 5.569955736231495258e-02 1.227303485487646617e-01
2.110000000000000000e+03 9.167968949782238086e-01 7.259277315172942835e-01 5.301817666778350091e-01 4.110413561466667587e-01 4.247457599466564204e-01 3.714298442498688568e-01 2.460315496754171549e-01 6.655870978940769955e-02 1.181295114434422339e-01 3.344751607234078827e-01
2.112000000000000000e+03 7.804386860621552735e-01 6.033438066336821448e-01 5.242692235355156383e-01 3.839253058796461282e-01 3.233055071682237602e-01 3.228479309934377817e-01 3.282356215520866316e-01 3.690040740369095462e-01 2.256019196451284348e-01 2.484110355916138435e-01
2.113000000000000000e+03 7.723254123384245551e-01 5.927330369371206498e-01 4.970265964536028092e-01 2.778294040507640617e-01 3.468811602221639201e-01 3.786365679780195892e-01 5.218080400804641084e-01 2.397412923993860190e-01 2.485869175845921986e-01 1.763337545879141433e-01
2.114000000000000000e+03 7.664734618120974119e-01 5.684834061288751572e-01 4.034556239594870863e-01 3.107477204241120283e-01 4.119039827103184170e-01 5.876538177010013353e-01 4.158330263069492383e-01 2.673592032611853408e-01 1.761347850539976556e-01 1.380204272113369213e-01
2.126000000000000000e+03 8.735749069121456767e-01 7.204944778623814106e-01 5.831399949679731964e-01 3.925984656266791606e-01 3.989041240256946397e-01 3.969070509433477167e-01 4.094773537221712556e-01 1.984232516657763179e-01 6.017824542218998263e-02 1.005393463653869585e-01
2.127000000000000000e+03 9.014139354903675239e-01 6.743754437449770434e-01 5.236740498280599843e-01 3.891683660866988581e-01 4.450353094572724877e-01 4.803307883716848581e-01 3.921491931224607153e-01 8.570283895832452037e-02 1.087669342135230421e-01 1.141046118758750200e-01
2.236000000000000000e+03 8.636183769690268797e-01 6.002287941712525221e-01 5.573993089805325818e-01 3.485120000931108408e-01 3.962974658305478126e-01 4.007217477646232151e-01 3.239735834134775949e-01 1.291739172796186330e-01 2.340436891366272087e-01 2.495414340194661296e-01
2.237000000000000000e+03 7.708259171437885637e-01 6.290869440156571235e-01 4.658533393769763720e-01 3.673714551584429389e-01 4.337010654449712788e-01 3.752957491001598922e-01 3.202569744307345867e-01 2.498006379783530573e-01 2.510751772672292770e-01 2.353712714343936252e-01
2.238000000000000000e+03 7.898375104855793749e-01 5.242310741798874574e-01 4.750230039768881252e-01 4.035213432028363911e-01 3.983826812838082709e-01 3.646203042876217659e-01 4.157906469755920376e-01 2.598020298938660266e-01 2.287560907510597652e-01 2.193121974699765164e-01
2.239000000000000000e+03 6.917202605574802599e-01 5.345101119399749967e-01 5.089106993677645630e-01 3.616467146681004441e-01 3.872204101966632006e-01 4.664948286572883074e-01 4.247181561788295756e-01 2.373186025791753639e-01 2.123471285586313873e-01 2.306417621693130082e-01
2.240000000000000000e+03 6.886018665577092746e-01 5.564799332055594405e-01 4.574379857797296611e-01 3.341681626693662199e-01 4.872463897980200409e-01 4.652209596371706946e-01 3.956241298187896938e-01 2.084248188082686304e-01 2.127329135719271125e-01 2.460203482927716956e-01
2.241000000000000000e+03 7.233113540299364042e-01 5.173325516997481222e-01 4.463104316294217999e-01 4.700476146521026521e-01 4.987572605421325966e-01 4.461204995822213859e-01 3.822906165699266334e-01 2.219107750063597784e-01 2.416617933376737359e-01 1.362307137381028599e-01
2.242000000000000000e+03 6.915671889350832879e-01 5.110723246153742183e-01 5.766200707077206999e-01 4.896026656911705577e-01 4.825028475367613701e-01 4.362559041473857424e-01 3.977250078661271337e-01 2.565958988615054115e-01 1.302963547965070301e-01 1.262110543195615331e-01
2.320000000000000000e+03 7.754384717390810922e-01 5.381982770628420676e-01 4.262479496416860525e-01 3.550155043143054523e-01 4.346344707563805088e-01 3.976135740830263332e-01 4.465011775291130025e-01 1.821768799882549361e-01 1.736023039841257665e-01 3.210539553503612420e-01
2.321000000000000000e+03 6.975534074834146558e-01 4.755312453169319165e-01 4.568770639715266091e-01 3.972546209377877391e-01 4.167466471206773271e-01 4.929221235916434463e-01 3.534136782332009119e-01 1.735491551343456007e-01 3.131082938137091931e-01 2.744147482625117762e-01
2.326000000000000000e+03 8.045955353028060308e-01 5.260803796526918319e-01 4.650155991427281088e-01 5.340436450602387142e-01 4.983889694407712678e-01 4.165011272069185089e-01 3.846740793765759947e-01 1.270818359497387640e-01 1.770160923807517495e-01 1.719482217760001375e-01
2.329000000000000000e+03 8.575828360230512981e-01 6.501503685372890251e-01 5.249448290875959877e-01 4.433931046168496648e-01 3.823129526275870771e-01 4.110639053147869815e-01 3.507335549771813943e-01 1.608228531540024375e-01 1.546516494485285220e-01 1.888097021818491150e-01
2.513000000000000000e+03 6.296047999696492425e-01 4.656781205175918870e-01 3.894667366644674611e-01 2.729942142730968913e-01 4.633446960714320828e-01 5.314245223922795525e-01 4.910793595477241369e-01 2.492368065256297671e-01 2.019153562619942222e-01 2.957187193244939505e-01
2.517000000000000000e+03 7.520481623753374478e-01 7.126937313970423959e-01 6.627967648991881511e-01 4.652581402722115733e-01 4.454641604332807425e-01 5.019100370143346757e-01 3.475806322229083034e-01 1.255509580655639612e-01 7.569078653974901927e-02 5.553408039890667114e-02
2.525000000000000000e+03 8.518869278102536580e-01 6.504550076157750160e-01 4.736702629109872942e-01 3.327852726263685335e-01 3.860436617272831605e-01 3.406458248804035693e-01 3.716188549981471190e-01 1.926182865126200849e-01 1.847322049606599514e-01 3.092488690121092398e-01
2.526000000000000000e+03 7.955945756153458559e-01 5.173460219746640609e-01 4.288607776284800166e-01 3.305287016056103755e-01 3.474492392075880787e-01 4.072522164610932749e-01 3.563225809267937527e-01 1.780478451286483521e-01 2.937972602207092887e-01 3.959056477930685269e-01
2.692000000000000000e+03 7.110722960648224733e-01 5.982229271284056349e-01 4.327077523331838149e-01 3.295690747711236823e-01 3.882821576126019303e-01 4.127692966939922048e-01 4.318924330437773351e-01 2.209964325091768045e-01 2.124246622802676843e-01 3.128716890903956438e-01
2.693000000000000000e+03 7.582104474890437595e-01 4.867082403527006051e-01 4.376578455571427106e-01 3.460125316026440023e-01 4.371709490313724911e-01 4.809231031896225583e-01 3.894519924174328351e-01 2.174989333225954835e-01 3.082656542552156265e-01 1.886250185157840042e-01
2.696000000000000000e+03 6.863801025488593943e-01 5.788825402102217854e-01 6.034291286841416690e-01 4.501683397120306296e-01 4.713315410153202101e-01 5.326494622157901260e-01 3.661523280261210211e-01 1.077548374103852596e-01 9.237394487865478732e-02 2.031100035751337851e-01
2.697000000000000000e+03 7.487816796848354439e-01 6.754136940845039128e-01 5.575269945393173110e-01 4.556932958103078191e-01 5.768102485954479386e-01 4.184784382281178661e-01 3.006552969640293727e-01 1.015954517800479184e-01 2.002712242969354184e-01 1.010580023854401460e-01
2.857000000000000000e+03 6.679111811200818538e-01 4.593736637795505229e-01 4.307272277448732090e-01 3.755176096909207950e-01 3.347087331930450604e-01 4.685019180477686396e-01 4.153088315276690645e-01 3.150304258992964734e-01 2.468215461780071396e-01 3.179045174644735128e-01
2.860000000000000000e+03 5.983747087449805546e-01 3.384143548109020405e-01 4.710977007010299644e-01 3.591439710150630682e-01 4.609077101699872170e-01 3.793875181171952327e-01 3.938252426195005818e-01 1.975711431429398590e-01 2.548431702469395876e-01 5.480950725547426572e-01
2.867000000000000000e+03 4.187777054661107612e-01 3.084073058481364704e-01 5.924541515326833263e-01 5.376278782647351262e-01 6.275698217704558379e-01 4.934076133397420350e-01 4.406868289468681699e-01 3.328173284672414911e-01 1.500857052307560113e-01 1.386904588232480140e-01
2.868000000000000000e+03 4.517808679825389695e-01 6.176642506957084056e-01 5.939221066211116673e-01 5.956313283124277103e-01 4.939666883332254899e-01 4.613886772809487336e-01 4.565162394503533005e-01 1.213123456510338677e-01 9.364377167171307470e-02 2.060644457365384541e-01
2.869000000000000000e+03 7.622808437748188615e-01 6.408661098881767160e-01 6.679169234814573697e-01 4.576227007833205129e-01 4.775161239625799747e-01 4.951355959901873049e-01 2.942608357061469726e-01 8.182198222249770225e-02 1.827556633041653167e-01 7.908225511266774033e-02
2.870000000000000000e+03 8.139181084660573884e-01 7.504230477698371482e-01 5.711976302310262099e-01 4.705410963194335272e-01 5.417880759928761503e-01 3.476799071238485528e-01 2.839363309559468362e-01 2.012160794166227562e-01 7.516784956844101140e-02 1.138296333853260206e-01
2.871000000000000000e+03 9.253970093783719930e-01 6.573188743761809727e-01 5.913126755766130449e-01 5.570204274914635212e-01 3.870849531399973009e-01 3.433620881888141407e-01 3.912225824842341937e-01 9.737218706226537235e-02 1.190982168628608590e-01 9.579493210989736829e-02
2.873000000000000000e+03 8.721388836445490567e-01 7.780231478633024000e-01 5.134638837535571154e-01 3.803833425491903175e-01 5.210120147799077728e-01 3.759394622156998489e-01 3.530989765676993963e-01 1.363879518487519649e-01 1.208938787886582218e-02 1.950268268106528091e-01
3.149000000000000000e+03 6.545545629013783673e-01 3.434823966002982787e-01 3.628232934441217306e-01 4.556687516943101479e-01 4.427274102346354101e-01 4.276879389462152625e-01 3.588878164140482663e-01 3.537647625634189885e-01 3.437250863169595827e-01 2.914675902740317404e-01
3.150000000000000000e+03 5.255524806460096787e-01 4.209297719239679658e-01 5.610740787880268421e-01 4.195750015559295831e-01 4.601875064611033461e-01 4.095239536407679903e-01 5.073428258138117375e-01 3.599389425314626356e-01 2.922731507934721584e-01 8.570322443773467636e-02
3.151000000000000000e+03 5.810353144727924413e-01 6.104088847692091813e-01 5.099246578516246631e-01 4.211238987452445293e-01 4.241027454572335320e-01 5.521475944200417985e-01 4.984564223454574505e-01 2.901695761850563438e-01 5.917751695737394346e-02 1.123672977478877150e-01
3.152000000000000000e+03 7.624140277671563881e-01 5.601185188248480884e-01 5.145706110787607868e-01 3.812033603855032315e-01 5.833850923910128827e-01 5.454178249356621544e-01 4.421250057068679129e-01 5.262547459110069464e-02 9.013483980063659307e-02 1.346447810533434597e-01
3.153000000000000000e+03 7.306035570924108713e-01 5.814755436203611350e-01 4.935113055575049423e-01 5.901838634820071317e-01 5.903665736256075158e-01 4.987137463005780202e-01 2.536834504063618656e-01 9.882068203078873958e-02 1.274824341669299754e-01 1.687923313072300369e-01
3.154000000000000000e+03 7.485537591541173708e-01 5.570420107372632268e-01 6.837272880875694403e-01 5.961801993740311056e-01 5.370884702326796933e-01 2.968876765295853093e-01 2.910345679097835481e-01 1.354166149785582252e-01 1.616203560512992354e-01 1.585551356966440895e-01
3.178000000000000000e+03 7.697669669203158760e-01 5.205860665049867331e-01 4.815229980927508424e-01 3.330266515833862351e-01 4.388883984442588093e-01 4.197844673002161242e-01 3.987417402883906559e-01 1.794022328717471693e-01 1.764370097770863177e-01 3.355905873095019754e-01
3.179000000000000000e+03 6.738621521019674265e-01 5.259901557270820760e-01 4.294670497304116097e-01 3.945179652991249730e-01 4.345340871770823066e-01 4.363117015307664825e-01 3.454756453550908435e-01 1.698462849149586229e-01 3.219263574227544944e-01 3.240925414299856144e-01
3.180000000000000000e+03 6.776482608988376732e-01 4.700015357515128223e-01 4.846751064214200877e-01 3.878513666325986708e-01 4.514588760865780870e-01 3.787888322522193763e-01 3.363990651113941688e-01 3.186953209937983256e-01 3.086151074722609522e-01 2.535344754295864589e-01
3.181000000000000000e+03 6.341406980895164525e-01 5.376827961639945030e-01 4.878494792929246038e-01 4.183470114985624044e-01 3.967938650989025207e-01 3.768051493352354009e-01 4.692387524664346499e-01 3.136249492968268271e-01 2.425420102801016109e-01 1.864945464389097529e-01
3.182000000000000000e+03 6.988135945307658581e-01 5.420622501146933336e-01 5.169002993584738137e-01 3.536179619448014955e-01 3.955151639298555288e-01 5.185052852402290968e-01 4.657421768695214070e-01 2.463416469208354331e-01 1.726730655958244320e-01 1.424358568489849652e-01
3.183000000000000000e+03 6.999785004578299441e-01 5.694178163453845753e-01 4.543699488852507296e-01 3.488358125020736833e-01 5.482157382413553881e-01 5.123037750171087756e-01 4.066115445606512946e-01 1.714652889328659446e-01 1.235207130939506986e-01 2.193269079003480060e-01
3.184000000000000000e+03 7.174808953768684328e-01 4.950719455336446417e-01 4.416856761980864077e-01 5.234824289269882636e-01 5.338178743843179364e-01 4.427308235226600774e-01 3.369837988183077560e-01 1.131435891745458527e-01 1.972389918588485502e-01 2.830499111266708279e-01
3.349000000000000000e+03 8.359050215391944372e-01 5.993437118559019616e-01 5.294186901908836118e-01 4.345852696853064190e-01 4.477013898988201346e-01 4.200251405309259334e-01 3.623629317902099523e-01 2.237644193758511202e-01 1.524640463080638997e-01 1.125572882468726943e-01
3.350000000000000000e+03 7.803673447957788500e-01 6.106810781505076502e-01 5.556210883146055490e-01 4.407186853305679053e-01 4.643513067125880078e-01 4.246592896306887743e-01 4.083360878913542824e-01 1.750492701194638345e-01 1.155252715422683402e-01 1.333299380224953479e-01
3.351000000000000000e+03 7.806331541880833225e-01 6.271734919309055467e-01 5.507396805123816463e-01 4.493610155970391151e-01 4.599535052356392706e-01 4.648404461903486440e-01 3.589963672796692151e-01 1.272603230337636115e-01 1.282260776735935082e-01 1.656898028982806692e-01
3.352000000000000000e+03 7.985923238245962175e-01 6.246080252859810278e-01 5.611427995325627416e-01 4.467109711828974872e-01 5.062926201711113183e-01 4.144498481002672485e-01 3.204820368732708147e-01 1.426087719300394574e-01 1.645800472060846009e-01 1.475858121230090303e-01
3.353000000000000000e+03 8.005014602551633329e-01 6.401433704022669868e-01 5.630705533546677133e-01 5.073471888763025905e-01 4.548674647327622389e-01 3.771060397755275351e-01 3.368147600441638856e-01 1.841805559288692273e-01 1.492929062480133628e-01 1.299102200730364309e-01
3.423000000000000000e+03 8.947575291779185092e-01 6.234899275152944176e-01 5.407868085610934017e-01 4.526223664800131385e-01 4.266675579259411322e-01 4.495335673978542723e-01 4.100336365141224459e-01 1.744911880113217406e-01 5.680189188422244545e-02 9.399073805165000794e-02
3.424000000000000000e+03 8.146946086869778503e-01 6.348940211690621283e-01 5.839238530271360084e-01 4.279613847168481922e-01 5.073264701345255867e-01 4.849374861468847553e-01 3.756493292925217053e-01 8.660631506460562956e-02 1.061045251484173529e-01 9.541091031598508687e-02
3.425000000000000000e+03 8.185508930589102672e-01 6.729897386297136741e-01 5.542024944651351426e-01 5.177837494719493838e-01 5.399682498725816293e-01 4.426331475360216761e-01 2.958942728355053453e-01 1.313449862374990174e-01 1.015009610014460523e-01 8.025735742795710170e-02
3.426000000000000000e+03 8.458730679555798160e-01 6.325844873483025266e-01 6.283269566612247337e-01 5.476981097821925770e-01 4.856185465762906106e-01 3.507825407084927960e-01 3.271011005149473960e-01 1.187184925029215604e-01 7.788177880648586293e-02 1.485395472910024106e-01
3.427000000000000000e+03 8.031618833387861311e-01 7.056318124751439491e-01 6.511978990500475462e-01 4.770734371153397269e-01 3.805203450147601196e-01 3.801386536242804537e-01 3.128512501758027864e-01 9.007702228737045347e-02 1.459804377634299766e-01 2.064598581336367367e-01
3.428000000000000000e+03 8.703259495748532082e-01 7.278995856611262250e-01 5.844525751748129716e-01 3.485529936164982190e-01 4.112615062094854279e-01 3.636368689102990048e-01 2.873561617764269216e-01 1.589463024421195469e-01 2.057112037123468851e-01 1.831483187241338129e-01
3.429000000000000000e+03 8.957022686234842324e-01 6.623607741459278664e-01 4.704366296534874814e-01 3.903602738659252003e-01 3.970707658886326596e-01 3.401350269810434201e-01 3.489477335885067810e-01 2.247166752551179036e-01 1.849648038160095209e-01 2.066500898822125343e-01
3.432000000000000000e+03 7.460740405097402439e-01 5.525995976129078890e-01 4.514370092801736623e-01 4.145219569884560640e-01 4.961240082114861116e-01 4.345438704022531184e-01 3.979273860938697394e-01 1.554258017211716247e-01 1.840096217584419602e-01 2.401715811064996098e-01
3.433000000000000000e+03 7.088914244589623603e-01 4.996361716083565496e-01 5.093682931212397680e-01 4.688248891315141553e-01 4.552235275744070941e-01 4.395664141573026318e-01 3.291057993269375093e-01 1.822353114614013447e-01 2.257485987598996657e-01 2.666373758888825884e-01
3.434000000000000000e+03 6.525740861468914966e-01 5.535080222626973523e-01 5.526654878521809477e-01 4.124093410980979590e-01 4.547530465431218194e-01 3.611977003677059872e-01 3.466137352426670870e-01 2.192219448994321140e-01 2.477579793290164700e-01 2.851923661431201573e-01
3.766000000000000000e+03 4.887134926977647620e-01 3.834502540600300824e-01 3.562242987372762903e-01 4.454040900374754974e-01 5.443455831717360915e-01 5.612973062139423597e-01 4.284307471037489545e-01 2.817885279369796714e-01 1.200958569863306985e-01 3.845476569130937827e-01
3.767000000000000000e+03 5.218306725285796199e-01 3.699558088020705182e-01 5.089597097574793949e-01 4.953196926879047113e-01 5.678743655314764105e-01 4.481203889776979588e-01 4.132781420059531974e-01 9.010428696064179399e-02 3.520403163756168907e-01 2.674335153513479058e-01
3.768000000000000000e+03 5.217689040141711976e-01 5.434772725369174662e-01 5.678050475370953754e-01 5.378399912837081853e-01 4.558456266155732628e-01 4.428202012328723569e-01 2.619067099672024446e-01 3.409388368361175869e-01 2.404097321354649874e-01 1.972737803262857581e-01
3.769000000000000000e+03 6.974490553007735016e-01 6.187249252170673453e-01 6.198405386530069228e-01 4.171922956579788289e-01 4.616740356902215847e-01 2.930092957930286457e-01 4.833634216309326548e-01 2.377631436103066209e-01 1.779091258757686811e-01 1.002334663347880239e-01
3.770000000000000000e+03 7.852393760952615098e-01 6.915146476904850958e-01 5.260744582821558213e-01 4.428729661795737793e-01 3.127010374577590124e-01 5.420113337613453597e-01 4.096682811974867167e-01 1.889959955480201848e-01 9.061739950950860323e-02 1.185313538399551253e-01
3.771000000000000000e+03 8.702240284510353030e-01 6.102417450954695788e-01 5.661986394415722268e-01 2.809685191550186922e-01 6.011344797563236142e-01 4.773577934041786097e-01 3.811917444337448169e-01 1.137228601059674798e-01 1.244246829489723261e-01 6.864865909386366760e-02
3.772000000000000000e+03 7.954699779381874114e-01 6.545195125453661111e-01 4.188039615989268549e-01 6.312209482881808720e-01 5.317966371762073985e-01 4.486756009209222906e-01 3.189829183302862470e-01 1.504723993516531577e-01 7.333798304788917422e-02 1.256476587371153641e-01
3.773000000000000000e+03 8.274859718942089160e-01 4.891298112032096412e-01 7.318764807647740733e-01 5.367700046322132490e-01 4.913737063789218040e-01 3.745146743191124505e-01 3.425222545732324875e-01 8.870524269654532501e-02 1.250172997574559297e-01 1.364768408547046841e-01
3.775000000000000000e+03 9.516868766335615515e-01 6.949637371668938579e-01 5.696813465416608047e-01 3.572031423462246336e-01 4.103120521698603862e-01 3.195709711322494706e-01 3.123314365544471727e-01 1.265764834979088704e-01 1.769403504359748636e-01 2.220548111394293200e-01
3.781000000000000000e+03 6.039461822102278887e-01 4.308355330062164645e-01 4.383296507043386026e-01 3.733999914252409402e-01 4.132827081566926575e-01 4.764726515953543462e-01 4.567706268257035185e-01 2.657634561680382035e-01 1.934055638065355076e-01 3.594176017355456554e-01
3.782000000000000000e+03 5.760427786227306779e-01 4.663305416777261958e-01 4.528735897721575254e-01 3.488183052227342706e-01 4.841778670220497904e-01 4.863818719283291570e-01 4.075854101409299157e-01 1.747272075458812801e-01 3.346245074582996915e-01 2.886151869577029960e-01
3.783000000000000000e+03 6.105276901805343215e-01 4.827977234434673859e-01 4.314754500461083775e-01 4.352778434215112680e-01 4.960930861538719316e-01 4.352979032713605312e-01 3.318085491760812133e-01 3.213051246218293078e-01 2.611015943425270547e-01 2.563742345298390957e-01
3.784000000000000000e+03 6.369715392461898773e-01 4.720371527231489450e-01 5.220676896996400140e-01 4.618218231064217805e-01 4.502859555816408066e-01 3.642519815835088548e-01 4.640740517978426127e-01 2.558986480511922235e-01 2.371439577533021870e-01 2.009160953653914283e-01
3.974000000000000000e+03 6.659274176324667671e-01 5.621904253801714990e-01 5.038500296921226695e-01 3.719659577083588298e-01 4.493800045302766000e-01 3.947721276492679454e-01 4.470213297490818749e-01 2.626324444657438528e-01 1.691985574585167795e-01 2.356380944078804995e-01
3.975000000000000000e+03 7.197338116983736933e-01 5.565868038380387128e-01 4.720696922238259430e-01 4.145704141374376706e-01 4.132705628236018613e-01 4.931420969499770712e-01 4.210052424663731641e-01 1.686377010789312791e-01 2.226087490528096402e-01 1.854791203760938201e-01
3.976000000000000000e+03 7.089904370343469431e-01 5.174241260077444560e-01 5.057133965390360197e-01 3.651007437830572910e-01 5.161128019315026627e-01 4.609728556149507162e-01 3.373955770861558068e-01 2.186628695426270641e-01 1.647594001923771700e-01 2.723785002518950837e-01
3.977000000000000000e+03 6.744749793560625983e-01 5.551959701163333705e-01 4.625789206847631951e-01 4.914074360420575549e-01 4.829826026827401808e-01 3.742902844214861524e-01 3.814198264300628916e-01 1.611367028478535024e-01 2.585245738156390916e-01 2.456512645507092085e-01
3.978000000000000000e+03 6.934720498482455087e-01 4.924176617546010548e-01 5.618584132954734800e-01 4.332662675086781934e-01 3.729053578259425850e-01 4.071690003451946538e-01 3.199520160280514558e-01 2.424111303955245600e-01 2.153714713050496055e-01 3.428408966966933202e-01
3.979000000000000000e+03 6.408719411040890712e-01 6.032912272207613391e-01 5.149700619451930139e-01 3.079948756791720532e-01 4.147370563403539601e-01 3.474069706112374867e-01 3.934619925076582869e-01 2.039127855878659634e-01 3.235949265239856376e-01 3.099672071008924834e-01
3.980000000000000000e+03 7.211431949536709629e-01 5.287793755769040205e-01 3.759762947476648631e-01 3.321398411814013851e-01 3.276724456414403241e-01 4.053605117763190990e-01 3.422969667140298156e-01 2.930282178697981021e-01 2.672457910460014907e-01 4.477037947965166742e-01
4.191000000000000000e+03 6.314963043498031947e-01 4.550524896299473765e-01 5.244549600333759942e-01 4.691712888075014187e-01 5.093410422798916315e-01 2.906163754339687322e-01 2.974920777387804471e-01 5.221072463026187049e-02 3.718605464982290276e-01 4.706948392807075443e-01
4.192000000000000000e+03 5.879852734696464633e-01 5.449763587462930214e-01 5.297037026407332982e-01 4.521533713230033724e-01 2.709122145742050569e-01 3.088160005015150311e-01 2.192670796609710038e-01 3.482526856971280838e-01 4.417362407114877043e-01 3.948856827161675298e-01
4.197000000000000000e+03 4.263849513769173982e-01 1.785882567341770255e-01 4.914973337127187536e-01 5.114880104712146158e-01 4.789029381293476439e-01 5.812404523242079568e-01 5.644358689654884742e-01 2.891480592139850092e-01 2.620358600595770193e-01 1.880413376439465933e-01
4.198000000000000000e+03 3.442423343941703462e-01 5.276343349985180842e-01 5.850191793566196230e-01 4.334755626633268744e-01 6.037624878608331969e-01 6.048132822468859082e-01 4.314553683439431020e-01 2.503611493092989249e-01 1.588457048405734207e-01 9.953861195842672593e-02
4.199000000000000000e+03 6.580757375776947748e-01 6.105189028823146957e-01 4.989980823185253822e-01 5.677204240457361939e-01 6.163655365155035204e-01 4.521278127425470417e-01 3.875907303660596770e-01 1.308816175099737911e-01 5.297228371020949039e-02 1.390925173240142865e-01
4.200000000000000000e+03 7.505847915417962479e-01 5.360329380595492132e-01 6.371835754992554168e-01 5.992762724463723822e-01 4.628220093239572841e-01 4.179814278842938768e-01 2.984653365218478127e-01 3.533938318969085529e-02 1.077122758607810954e-01 2.899467019021049752e-01
4.202000000000000000e+03 7.889542915740582751e-01 6.816644266334941360e-01 4.687990107313574906e-01 3.395556776665419885e-01 2.972126799323922541e-01 2.158706382093048270e-01 2.441542585213099525e-01 2.298929329931377608e-01 3.904627730828611476e-01 4.548949706658099723e-01
4.648000000000000000e+03 8.240490736098773361e-01 5.974972393925125358e-01 5.513176899847845869e-01 2.367619599349702342e-01 3.261351977809174296e-01 4.284373358194621950e-01 3.911060628405865214e-01 1.531789109955750960e-01 2.213632577424955727e-01 3.301600753237902697e-01
4.649000000000000000e+03 7.610188435384583894e-01 6.149994204012372290e-01 3.557329557778264317e-01 2.749561386905246541e-01 4.575452163529222238e-01 4.405621699480719022e-01 3.349118507918757981e-01 2.299730080241869368e-01 3.296936984625065681e-01 2.570130235669438323e-01
4.650000000000000000e+03 7.603561208594653564e-01 3.916275923726492691e-01 3.738146379735229341e-01 4.144565565759892323e-01 4.552247251877387657e-01 3.667885320170102825e-01 3.863384026348292699e-01 3.257882429736940200e-01 2.369968864384515983e-01 3.340779799103201775e-01
4.651000000000000000e+03 5.509706609885632878e-01 4.112448947796845111e-01 5.026405360892403085e-01 4.123476386177063469e-01 3.749458121586699555e-01 4.217883668593701008e-01 4.676262974978431242e-01 2.307693573046434299e-01 3.188207816146717000e-01 3.288042834706185191e-01
4.652000000000000000e+03 5.371007829047215187e-01 5.116078157256840342e-01 4.675528991252589917e-01 2.800131152062723117e-01 4.052909247624923439e-01 4.803415251640732464e-01 3.617182718086873194e-01 2.843314696684118292e-01 2.833870576629650140e-01 4.031962942453374832e-01
4.653000000000000000e+03 6.358031286852318109e-01 4.798368412030546426e-01 3.509596680015870662e-01 3.214992683316836297e-01 4.735413424476782041e-01 3.723419751744095341e-01 4.104313079801586439e-01 2.522621181961032244e-01 3.658709057452773639e-01 3.560663457807097254e-01
4.654000000000000000e+03 6.103442574458108894e-01 3.624160429971798325e-01 3.933719345693796332e-01 4.081925018914739356e-01 3.594646771664909424e-01 4.274690691619988936e-01 3.869014581350092019e-01 3.412375749787895374e-01 3.202965621106330651e-01 4.053538537822667376e-01
5.233000000000000000e+03 8.430707534773854706e-01 6.701299741682010813e-01 7.328452017397688589e-01 6.141815018504588330e-01 5.286113284633751075e-01 3.630596699851518228e-01 3.360716930848481332e-01 1.486418621539846441e-02 5.597963813852916554e-02 3.652233692720271985e-02
5.234000000000000000e+03 8.473854331784380634e-01 8.250356946592874996e-01 7.214607794978479260e-01 5.386264618425594675e-01 4.019580677953534242e-01 3.969261549309802128e-01 2.318100718800480686e-01 7.545859280788799750e-02 3.531885782793657558e-02 1.374260878365908545e-01
5.235000000000000000e+03 9.925954744684950537e-01 8.121103255959074563e-01 6.509095789806973453e-01 3.848482138547916209e-01 4.383949663985343137e-01 2.853948723300893664e-01 2.823962402273946792e-01 5.328539762571794097e-02 1.412800179434647585e-01 1.476935634271987208e-01
5.236000000000000000e+03 1.000000000000000000e+00 7.585136150322271398e-01 5.285088072380194069e-01 4.498957987794866553e-01 3.330501838911833490e-01 3.549527146156052360e-01 2.784681989052928963e-01 1.806318908390190936e-01 1.692925059677125865e-01 1.241296466121199760e-01
5.242000000000000000e+03 7.262891611105209977e-01 6.695900144730630998e-01 5.983875805457684605e-01 4.297901932895042965e-01 3.967383567876985873e-01 4.030024211240919030e-01 3.611947558557576099e-01 1.260892166364817879e-01 1.323939701973585459e-01 2.693802488525295913e-01
5.243000000000000000e+03 8.105947653112888229e-01 6.450196491246085184e-01 5.150174724762316414e-01 3.401480058171072463e-01 4.130883140010435661e-01 3.937417664399925910e-01 2.979030515568761306e-01 1.213251920278171914e-01 2.490647453669605493e-01 3.131211237327910513e-01
5.244000000000000000e+03 7.941883438465771050e-01 5.646373119124542539e-01 4.393287388804770210e-01 3.670955728317878974e-01 4.089929190248697277e-01 3.321760256058341465e-01 2.990581806151628719e-01 2.478424463944950695e-01 3.012304901582779637e-01 3.332504556164330722e-01
5.245000000000000000e+03 7.198997261953109517e-01 4.865924838758069471e-01 4.654361358422703931e-01 3.636134022490961626e-01 3.426874821145929340e-01 3.344890870294205398e-01 4.068388013926344526e-01 3.029075293208954855e-01 3.236700463943946726e-01 3.094337474836715840e-01
5.250000000000000000e+03 6.295965557498999221e-01 6.145980103713407638e-01 6.212212390548489394e-01 5.639176710248756663e-01 5.499212671787216955e-01 4.601665561967984708e-01 3.216899424702115429e-01 6.161003610757551791e-02 1.308237806117330815e-01 1.752119182018724297e-01
5.258000000000000000e+03 7.582118986579285957e-01 6.364895293154045897e-01 5.672031496324257960e-01 4.564569988515861376e-01 4.918722086874545152e-01 4.676720289327619406e-01 3.544376664678325906e-01 1.001210297165333191e-01 1.088255480524966817e-01 1.736177812598282688e-01
5.259000000000000000e+03 8.010688810176913588e-01 6.352293974691343159e-01 5.613166568762408826e-01 4.782715723963795740e-01 5.036503056311620874e-01 4.044050168212384166e-01 2.926741735428024516e-01 1.167823372800172871e-01 1.673423951772828322e-01 1.764511215465545957e-01
5.261000000000000000e+03 7.878787785949217248e-01 6.435829157670375222e-01 5.882116432472870304e-01 4.020161382742495904e-01 3.566551965873802077e-01 3.487147140341766982e-01 3.530233685869449967e-01 1.746442094025034419e-01 1.834492431914896693e-01 2.765967051101724250e-01
5.262000000000000000e+03 7.885996469760856442e-01 6.369527787496410687e-01 4.919586887662044661e-01 2.945988774631395635e-01 3.558127561354167967e-01 3.871080795920301965e-01 3.407488517279757545e-01 1.762329612558181380e-01 2.588818465750469255e-01 3.462346377409960541e-01
5.263000000000000000e+03 7.746510634736015755e-01 5.278388210099932421e-01 3.855492757426856043e-01 2.852282217554545918e-01 3.909118511994164047e-01 3.677446444758084576e-01 3.360876054202722174e-01 2.468641085476831754e-01 3.253135113963887548e-01 4.052247052304734920e-01
5.264000000000000000e+03 6.747245441284233092e-01 4.190150540312111982e-01 3.795475017886494329e-01 3.302642025481501986e-01 3.720684981402688773e-01 3.649654205196480872e-01 3.976629750342419167e-01 3.177840231432603191e-01 3.898694734937233619e-01 3.737152060506891416e-01
5.266000000000000000e+03 5.513938245665134241e-01 4.399299261651808957e-01 3.847110436188933558e-01 2.871937691274755733e-01 4.264228133756131078e-01 4.805877996021346021e-01 5.012811896192628236e-01 3.355953991406838699e-01 2.862183784626405325e-01 2.912001993977295089e-01
5.520000000000000000e+03 5.306076126345876665e-01 3.502291853495440588e-01 4.672282391413906111e-01 2.184205284453838991e-01 3.698105521848371602e-01 5.302198669333371139e-01 5.065375836550435329e-01 3.530144006396989664e-01 2.908864759557818758e-01 3.397341612170388103e-01
5.522000000000000000e+03 5.805182883326738263e-01 2.723533394319346823e-01 3.245906432686006537e-01 4.406390692352921135e-01 4.993228503347307279e-01 4.635124198181589938e-01 3.699255912580933225e-01 2.446287450098439675e-01 3.835001440294698027e-01 4.149063536557818233e-01
5.523000000000000000e+03 4.054547246702416841e-01 3.238266363913899770e-01 4.919522542513906638e-01 4.274974027370320173e-01 4.494980560146312754e-01 3.758938815043638693e-01 3.721875165057528245e-01 3.494133499907374207e-01 3.725220465634884737e-01 4.393615548629011269e-01
5.524000000000000000e+03 4.417555908585113489e-01 4.858994253929215246e-01 4.675541327910955336e-01 3.543367473035852200e-01 3.426996008005955274e-01 3.681312457630224189e-01 4.505580626513415177e-01 3.265862215959131065e-01 3.869721400773072362e-01 3.862086089017693902e-01
5.527000000000000000e+03 6.311447870322699494e-01 4.024208074335811625e-01 4.026373057942506106e-01 4.658913279365868854e-01 5.203187021698648662e-01 5.519803241315637266e-01 4.977665783161120405e-01 2.678442576578108358e-01 1.487646263617183884e-01 1.376365960075481565e-01
5.528000000000000000e+03 5.579323678691691102e-01 4.380810145776166120e-01 5.466256042268506921e-01 4.870599122528788127e-01 5.748953393058784389e-01 5.371169366343520046e-01 4.162095062411229063e-01 1.367826450347039147e-01 1.087905019658596539e-01 2.450572359277442269e-01
5.529000000000000000e+03 6.028614478005440702e-01 6.013907111069192180e-01 5.778281998925763885e-01 5.655480445449869720e-01 5.692922963403688197e-01 4.603890987432261439e-01 3.147171169445816541e-01 1.061969224811986773e-01 2.324599820391894944e-01 9.555903407489926837e-02
5.547000000000000000e+03 6.194713383720220623e-01 9.024343996014808633e-01 8.160477879170808801e-01 3.722849177381699626e-01 3.684377107358671743e-01 3.490550816989542726e-01 3.553740810360546676e-01 9.496547878176971047e-02 1.724331059531808708e-01 1.153295182083525633e-01
5.551000000000000000e+03 8.222350658880338559e-01 6.648526858522844085e-01 6.649423285508958559e-01 4.735776626097901731e-01 5.753190797771862153e-01 4.703498171691464780e-01 1.542943886396827557e-01 1.422155921520134314e-01 1.253339409499034107e-01 8.493288324357568808e-02
5.631000000000000000e+03 7.182695765826135892e-01 5.544875576938390616e-01 5.688425598458171084e-01 4.566806421969222263e-01 3.908531549257299176e-01 3.255310257227780335e-01 4.400433705813172058e-01 2.991490076904552153e-01 1.802811109598521921e-01 1.668299573136744762e-01
5.632000000000000000e+03 7.097640359869136217e-01 6.219094755885439252e-01 5.472188675670386360e-01 3.411387936260776299e-01 3.348695682358523440e-01 4.834570148460081707e-01 4.496645267267841972e-01 1.775484941307679254e-01 1.475535665520542605e-01 2.501891942371349820e-01
5.633000000000000000e+03 7.950974220939813764e-01 6.224611334695366871e-01 4.629091558741835200e-01 2.974834520608886645e-01 5.280854161011093728e-01 5.119711298911817643e-01 3.641345977160415082e-01 1.639394110679997241e-01 2.552179531762207021e-01 7.686879165170164285e-02
5.635000000000000000e+03 7.175656565976969992e-01 4.973280270739809383e-01 6.430280462010723452e-01 5.744213507679678532e-01 4.646616629993348124e-01 4.135011871233726932e-01 4.511283556683576834e-01 9.089082045741465887e-02 7.360210501364194968e-02 1.817982373668629026e-01
5.636000000000000000e+03 6.677224064830377115e-01 7.124628011048729226e-01 6.675865734676775798e-01 4.429650538796410797e-01 4.420922496668797108e-01 5.051185139353481235e-01 2.831034755080971133e-01 7.829213027708634143e-02 1.739341848857643424e-01 1.596965305708198113e-01
5.637000000000000000e+03 8.635684142783962569e-01 7.310880684588431100e-01 5.398185896967656605e-01 4.084499341595975164e-01 5.365137180922112670e-01 3.213208112430352426e-01 2.672995260233082537e-01 1.757616376448290774e-01 1.446266394172102676e-01 1.685984773457729069e-01
5.640000000000000000e+03 7.648854408893884793e-01 7.178534504676729044e-01 4.308006312367727575e-01 3.022400099001963936e-01 4.499704023254729179e-01 3.990330630467340267e-01 3.645978086540264673e-01 1.755545137014655754e-01 2.177645294017173938e-01 2.614713837651691519e-01
5.641000000000000000e+03 8.534764810371225918e-01 4.666517849857840794e-01 3.953515612430388848e-01 4.014639547844490175e-01 4.065024314717998744e-01 3.953057859285379338e-01 3.376893899444789460e-01 2.070718624893932436e-01 2.385042378821271847e-01 3.641899987008780371e-01
5.642000000000000000e+03 6.291812457020325988e-01 4.419780405847080762e-01 4.985277993622460602e-01 3.622279468776025135e-01 4.132495675149721603e-01 3.766622465114976559e-01 3.735920963009389806e-01 2.395504492947429787e-01 3.576608544720111804e-01 3.480061220612809536e-01
5.643000000000000000e+03 5.768680669202611577e-01 5.190681226685458505e-01 4.327977359760541431e-01 3.380940823416535013e-01 3.660624200210092494e-01 3.902398657258880355e-01 3.778290609227575869e-01 3.347363809985013372e-01 3.136996718507491511e-01 3.840884897256407471e-01
5.644000000000000000e+03 6.344006955473121545e-01 4.345758711938787489e-01 3.957186115796822445e-01 2.652373580483123883e-01 3.673829989955095798e-01 3.823435624648809927e-01 4.461212765694919646e-01 2.755115413871466190e-01 3.380388347250868342e-01 4.536949327053684811e-01
5.645000000000000000e+03 5.600314094035018231e-01 4.009133126688886328e-01 3.338387249369039189e-01 2.721171749248617600e-01 3.631739984306437963e-01 4.585286170647907000e-01 4.001837462338410090e-01 3.051049031007252998e-01 4.156737632657517278e-01 4.647774550629882317e-01
5.648000000000000000e+03 5.006133636607498216e-01 3.663397024766883447e-01 4.543719095196538382e-01 3.330273147512742837e-01 4.469662245484462559e-01 5.301198496018396655e-01 5.239913452431712582e-01 3.228682745583572045e-01 2.007627415135543603e-01 2.973649927300317519e-01
5.650000000000000000e+03 6.061516590418114525e-01 4.225604264659186260e-01 4.481156566117719953e-01 4.832754627795614044e-01 5.551380431334133059e-01 4.691389919055742874e-01 3.222857379391175781e-01 2.349447340900226167e-01 2.185999273124626385e-01 2.973617645146122701e-01
5.651000000000000000e+03 5.675103786001746142e-01 4.757709009674437328e-01 5.529568293314189864e-01 5.183945021639592143e-01 4.754422411793636227e-01 3.434150920599512435e-01 3.810181970988024691e-01 1.999645831684958575e-01 2.685600358494114048e-01 2.963431659338731650e-01
5.652000000000000000e+03 6.279457693255966477e-01 5.968791561237045684e-01 5.959674615100024608e-01 4.342918850311343060e-01 3.473837758237388051e-01 4.143595403060701954e-01 3.598323272828146124e-01 2.613080944537021777e-01 2.770755367167208050e-01 1.834376320294598406e-01
5.653000000000000000e+03 7.493080703453665059e-01 6.500248753071373731e-01 5.262958041279173216e-01 2.884654762463956801e-01 4.319625265162842509e-01 3.981527496887280471e-01 4.174749734873060003e-01 2.771191188219178647e-01 1.647777439158963353e-01 1.769025518835990463e-01
5.735000000000000000e+03 6.163482527840532521e-01 4.684756753853533962e-01 3.574897890181323867e-01 2.078406543076818103e-01 2.995589816501814662e-01 5.719203056517250250e-01 4.779541696203289391e-01 3.332967918697081200e-01 3.205315932308236970e-01 3.170685415489784553e-01
5.737000000000000000e+03 5.414357120603254803e-01 3.346068217134679501e-01 3.166165947863955887e-01 5.726994370563532888e-01 5.304542573464728905e-01 5.044642916727212212e-01 4.505781910321949857e-01 2.853321527380359712e-01 2.457608043595380931e-01 2.388261220905943116e-01
5.738000000000000000e+03 4.809995033983452961e-01 3.338124236140225243e-01 6.309430521400074543e-01 4.843039292453277245e-01 5.104218093499137687e-01 4.758222966341610904e-01 4.202958870394281621e-01 2.242092102125326503e-01 2.032974722479720109e-01 2.726384831887511684e-01
5.739000000000000000e+03 4.798622544845153048e-01 6.626142553887215403e-01 5.494233641436204740e-01 4.598038978610320959e-01 4.787154634524620755e-01 4.434533892974903413e-01 3.685169548213844126e-01 1.801112100100751012e-01 2.385342780148285713e-01 2.250688953410317494e-01
5.740000000000000000e+03 7.927694520047715576e-01 5.817467207061609580e-01 5.312440712925839970e-01 4.264010918629208002e-01 4.471770581004860245e-01 3.922026742924973330e-01 3.347033279927943972e-01 2.203461266074766556e-01 1.922705552284692254e-01 1.917764780124446289e-01
5.746000000000000000e+03 7.470828186637491486e-01 6.602454145481277958e-01 5.720211041850395972e-01 4.610265766086528161e-01 4.219010836461261627e-01 3.836567467679274923e-01 3.289555424779372905e-01 1.334089272199068532e-01 1.848534398532613587e-01 2.322256661079620532e-01
5.747000000000000000e+03 8.148224582306095032e-01 6.311548850027641766e-01 5.568343167300687790e-01 3.845714184461260232e-01 4.036319740371794307e-01 3.702758946177402977e-01 3.141326273081941900e-01 1.873996685599096934e-01 2.215391532703387401e-01 2.322455514777496399e-01
5.766000000000000000e+03 8.844275719952964243e-01 6.962562703232776373e-01 5.709200004695044184e-01 4.260496974346424937e-01 3.412228448706222661e-01 3.839499171822703949e-01 2.926765782747929312e-01 8.877871003057415111e-02 2.130279395770981188e-01 2.438370851642177872e-01
5.871000000000000000e+03 6.855697009953695131e-01 5.223690512491920845e-01 4.599545377879438735e-01 5.318112614602725774e-01 4.192454642895577233e-01 5.078863987588805307e-01 3.480657545609944226e-01 1.432846198185743769e-01 1.569101198395256858e-01 3.050333059843766681e-01
5.872000000000000000e+03 6.610541196494921223e-01 4.879820458120684989e-01 5.973232130032219978e-01 3.549358187346854931e-01 5.176850542899218421e-01 3.705448276897372883e-01 3.036700944105939493e-01 1.362467368121086375e-01 2.764733473219229132e-01 3.642863618024938521e-01
5.873000000000000000e+03 6.344676897945502603e-01 6.380673316005905926e-01 4.407468101086055023e-01 4.795611712271562466e-01 3.725751011167919291e-01 3.283055140758844859e-01 3.022197744773298389e-01 2.647917655830254735e-01 3.441375520424843626e-01 2.999493179203590598e-01
5.874000000000000000e+03 7.821095375925675164e-01 4.808762131499870196e-01 5.619115795575273520e-01 3.123334801059120536e-01 3.322737756870374204e-01 3.322080367898875286e-01 4.157517013317444943e-01 3.407467154748333171e-01 2.823301779825609370e-01 2.274103567317939389e-01
5.875000000000000000e+03 6.411866178139842276e-01 6.153514135704737376e-01 4.151616469233072593e-01 2.713726042262055160e-01 3.427977501593382770e-01 4.582679318590789364e-01 4.852963236201807695e-01 2.834813351460970798e-01 2.120736780895888796e-01 2.986617694215532026e-01
5.876000000000000000e+03 7.424922888790674858e-01 4.348857160007382761e-01 3.524059474930307245e-01 2.567259215524323457e-01 4.580076723225812718e-01 5.108318106658072955e-01 4.171267352203447132e-01 1.876248574040234596e-01 2.644441434923144318e-01 3.717200491673680052e-01
5.877000000000000000e+03 5.904828930916973251e-01 3.875597562776845750e-01 3.565102119912849088e-01 4.144049555167602650e-01 5.317171667971601901e-01 4.534287504917626221e-01 3.501960633366647535e-01 2.579808873527061341e-01 3.574405840912686649e-01 3.227406786425913721e-01
5.878000000000000000e+03 5.351910717057236644e-01 3.803695567537210276e-01 4.903007507230671691e-01 4.908754835880463352e-01 4.587570391428819616e-01 3.734137107396333644e-01 4.008611315621379290e-01 3.435143668284614260e-01 2.957976810335510298e-01 2.789629671160003821e-01
5.879000000000000000e+03 5.034345086532588942e-01 4.936063946753029841e-01 5.346087365304585948e-01 3.752212033396887247e-01 3.480743990504705510e-01 4.058065984606160082e-01 4.526822615340578282e-01 2.561481396545505218e-01 2.266323856855226027e-01 4.266810882355331347e-01
5.905000000000000000e+03 8.456869947066386617e-01 7.097388724331893384e-01 6.991785806466248587e-01 6.092260585773832116e-01 4.195963180071751175e-01 4.057765933811784409e-01 3.089954301456216967e-01 6.864285047821525043e-02 4.922596751177230751e-02 7.882502409546843225e-02
5.906000000000000000e+03 8.863412592648467481e-01 7.913113188841703893e-01 7.185157283599625799e-01 4.088175543027895431e-01 4.503585554378629063e-01 3.694510816295390465e-01 2.785278447846831762e-01 6.991545305582050340e-02 8.146891448993223706e-02 1.276167029589023172e-01
6.040000000000000000e+03 6.351210875606115858e-01 4.646855866282550984e-01 3.559258538617957046e-01 3.765094607098254942e-01 5.024771988849554560e-01 5.202464636030640355e-01 4.167715015735684592e-01 1.689216708111006271e-01 1.918867337864962885e-01 3.787336800071801624e-01
6.041000000000000000e+03 6.115752163125138807e-01 3.839367623057014511e-01 4.595382568598991857e-01 4.601601845331039775e-01 5.355829343175594337e-01 4.472093924183767610e-01 3.289634922425287433e-01 1.766704101298569030e-01 3.584327275465622464e-01 2.859369086632718715e-01
6.042000000000000000e+03 5.499578316993765092e-01 5.078554692595921294e-01 5.510639941024332300e-01 5.160163063987425192e-01 4.688652690522684963e-01 3.662314054252555628e-01 3.468216867079974564e-01 3.619817404886138124e-01 2.737925839418468010e-01 1.557863481451475240e-01
6.043000000000000000e+03 6.667931409076255367e-01 6.042078076393945230e-01 6.026971847882911515e-01 4.360121315087713834e-01 3.803114636787718328e-01 3.853820397908904738e-01 5.033957620147037071e-01 2.748841376146090032e-01 1.367066851327502219e-01 1.020519317708134255e-01
6.044000000000000000e+03 7.837717816860314546e-01 6.865332712520872960e-01 5.557408914096466646e-01 3.581175491045619497e-01 4.251941257387629736e-01 5.735600420728098614e-01 4.506493797943127433e-01 1.576575075708417650e-01 1.033634229320566089e-01 0.000000000000000000e+00
6.045000000000000000e+03 8.734788765381608089e-01 6.498686900168392233e-01 4.959669077598616305e-01 4.253799013270053719e-01 6.431394271333077395e-01 5.275386252234470774e-01 3.608229153893380281e-01 1.341583416797106632e-01 5.931259558325911035e-03 7.470212966470006835e-03
6.046000000000000000e+03 8.230283289474604747e-01 5.702195269727100557e-01 5.421143157821497471e-01 6.709736728410528039e-01 5.779638494765324541e-01 4.189039593497544955e-01 3.286707586791448032e-01 1.893109904453875447e-02 0.000000000000000000e+00 2.026506812032426164e-01
6.047000000000000000e+03 7.450545691554902872e-01 6.156850055847092884e-01 7.654495709494923972e-01 5.891508535206554376e-01 4.559568070700819042e-01 3.823564267270289641e-01 2.290138742089227186e-01 1.016916044243403733e-02 2.037732381182468799e-01 1.821859674984533661e-01
6.048000000000000000e+03 7.694778804266165784e-01 8.305936895612209270e-01 6.712246634006078239e-01 4.218410493739467859e-01 3.991203215201369892e-01 2.615017493800495529e-01 2.074861524398102230e-01 2.037783491394824786e-01 1.656738785848885787e-01 2.563823297068097973e-01
6.052000000000000000e+03 7.048808126689252163e-01 3.924158750522606098e-01 3.202467612171214228e-01 4.370708545233057962e-01 4.298784623857149767e-01 4.829817427629529147e-01 4.126649998655550489e-01 1.774804986651754013e-01 3.049137021526432956e-01 3.555146917849605348e-01
6.053000000000000000e+03 5.423876035374076698e-01 3.451650140657664956e-01 5.138225666996547591e-01 3.714627008633384908e-01 4.935687757192990244e-01 4.417635592009955259e-01 3.351475997232546966e-01 2.919176634183532348e-01 3.327662597947515510e-01 3.544246658838439701e-01
6.054000000000000000e+03 4.680454828371016784e-01 5.155875574931128025e-01 4.227724298863132502e-01 4.142338111820568214e-01 4.204681258662398835e-01 3.343927558530208066e-01 4.073801611984201876e-01 2.918298296722099394e-01 3.036833302649420419e-01 4.514300348524339368e-01
6.055000000000000000e+03 6.322463277007898119e-01 4.252663804832929051e-01 4.665814980399287104e-01 3.316737203707887938e-01 3.073958642939790264e-01 4.144758305718104219e-01 4.109415881067119414e-01 2.662609530876778874e-01 4.098350604324096924e-01 3.542177479185280031e-01
6.059000000000000000e+03 5.330781966093848245e-01 5.115266282433923450e-01 5.098422923996189793e-01 4.313498726604854117e-01 6.108032839663535274e-01 5.177169571635524825e-01 4.117654348629201655e-01 1.782336884714342262e-01 2.126721881593610086e-01 1.363330008758857348e-01
6.060000000000000000e+03 6.679695458347166825e-01 5.585066547553853011e-01 5.225184880111131136e-01 6.042795088369761203e-01 5.443079648030234585e-01 4.523189591735697901e-01 3.465558000018030826e-01 2.096793411119872164e-01 1.141374926166542347e-01 1.053522308423850695e-01
6.119000000000000000e+03 6.443604913557540170e-01 5.042388523608085649e-01 5.799680206994408671e-01 6.409337310046127056e-01 5.632198496638962659e-01 4.486930553259270149e-01 3.544826015319981205e-01 1.957044834961597368e-01 5.080589976778351197e-02 1.424319195984978526e-01
6.125000000000000000e+03 7.735918326265133205e-01 6.331152144214524657e-01 4.131769963405083068e-01 3.982477654090795793e-01 4.115405367625966648e-01 3.688963615835838539e-01 4.059065004182118575e-01 2.330971712226548864e-01 1.856322713598790031e-01 2.616316642069543286e-01
6.126000000000000000e+03 7.747327863578076235e-01 4.491067671232084058e-01 4.844507350289057879e-01 3.562328019986152339e-01 3.742965572740596381e-01 4.397982391171381122e-01 3.868956695754243724e-01 1.747701831108732506e-01 2.394777886300239744e-01 3.647226514804077779e-01
6.127000000000000000e+03 6.019069732621112889e-01 5.239831903898730658e-01 4.459721207573686397e-01 3.115830028173880994e-01 4.520837888481985534e-01 4.197641967560456489e-01 3.378193610899250521e-01 2.304007430982154825e-01 3.482640867342326474e-01 3.647487242892136217e-01
6.128000000000000000e+03 6.682599975144122295e-01 4.793639684450926031e-01 4.008976893479737624e-01 4.006729512254105785e-01 4.264473578554254796e-01 3.644357956152194933e-01 3.815410497454344574e-01 3.387529087112881032e-01 3.445950050386465957e-01 2.506105472090980890e-01
6.129000000000000000e+03 6.346766006959162487e-01 4.409481666559683100e-01 4.912145015148569049e-01 3.790827893090812917e-01 3.734824114861977629e-01 4.177288769388985412e-01 4.795362684291460953e-01 3.428989479325710299e-01 2.319166648806595954e-01 2.421789153579804177e-01
6.130000000000000000e+03 5.873671247586631505e-01 5.237073381505742420e-01 4.599549110817885977e-01 3.030173205502331713e-01 4.215612050025659419e-01 5.120326171499494095e-01 4.740314130962788863e-01 2.161246050332396307e-01 2.128050212480866454e-01 3.002760692925943165e-01
6.131000000000000000e+03 6.643548752180299388e-01 4.901523449496251184e-01 3.893615845911055917e-01 3.599692457394502720e-01 5.241165940346508290e-01 5.055741403953603053e-01 3.666343311850436826e-01 1.957344595199655146e-01 2.733282098410469430e-01 2.663453174573975901e-01
6.132000000000000000e+03 6.319887125144000306e-01 4.152715215554310113e-01 4.407872523674911669e-01 4.822485655171910857e-01 5.162565211293763667e-01 3.911890108683752643e-01 3.487852580100351263e-01 2.572898121818822381e-01 2.368093683309453745e-01 3.373955144239543236e-01
6.133000000000000000e+03 5.486671360876478332e-01 4.552551588897151280e-01 5.396369879221949439e-01 4.582117748940707780e-01 3.790498761284143425e-01 3.613664849671027191e-01 3.902453582789811026e-01 2.073759351264039819e-01 2.996264211221948970e-01 4.107306340388428012e-01
6.382000000000000000e+03 7.146733905130642217e-01 5.618189013519170327e-01 5.323219344026891564e-01 5.391586963449910286e-01 4.536128631571941794e-01 4.058980525649392712e-01 3.717199618496777047e-01 2.490739459614622342e-01 1.836910301335639706e-01 1.075973223845836796e-01
6.384000000000000000e+03 7.954808168631728460e-01 7.413651153323118637e-01 5.694075805259255496e-01 4.437562211392933054e-01 4.817811567972897224e-01 4.975631725458873333e-01 3.956594043261553728e-01 1.328156215537741047e-01 2.749252214416855050e-02 4.837834178996824885e-02
6.385000000000000000e+03 9.155481809418400951e-01 6.540626779996856488e-01 5.653096638963701626e-01 4.831814545424926721e-01 5.507112910640479253e-01 4.610631780756848652e-01 3.323441589984961753e-01 4.686285699547849265e-02 4.871097353381620421e-02 9.005365110066466949e-02
6.386000000000000000e+03 8.299156140244560165e-01 6.462688277735852971e-01 5.983434493833976742e-01 5.627379156330472032e-01 5.075902283363821210e-01 3.910606194072707154e-01 2.571050347309296047e-01 6.583515204266707221e-02 8.990455062036652178e-02 2.158993100149260991e-01
6.387000000000000000e+03 8.160160272152573446e-01 6.740584409053513859e-01 6.650101391868522560e-01 5.035173871579899929e-01 4.247264237408117649e-01 3.057674509219890369e-01 2.681169529103676896e-01 1.024677452932526989e-01 2.171408572501460355e-01 1.933583249645820235e-01
6.388000000000000000e+03 8.351517152700522750e-01 7.366308549750343326e-01 6.033299208193307894e-01 3.959433287460772388e-01 3.247343197443240959e-01 3.117184816806643499e-01 2.936537357575691454e-01 2.274957446085411339e-01 1.870364258890151177e-01 2.348620693874580445e-01
6.389000000000000000e+03 8.938822933305594631e-01 6.716038859108699466e-01 5.040969068593151858e-01 2.752535112276832119e-01 3.310899381685291076e-01 3.386594452196922123e-01 3.991159657475981115e-01 1.962121244620644855e-01 2.306992948523048370e-01 2.524368805624003231e-01
6.390000000000000000e+03 8.255047294094891575e-01 5.598167132224938225e-01 3.859157961704690054e-01 2.752220297373120794e-01 3.542626197891159401e-01 4.446822194109464887e-01 3.671434533574650105e-01 2.347247005257450669e-01 2.428667413260520158e-01 3.555858359518210832e-01
6.391000000000000000e+03 7.166340445129442127e-01 4.318609584366843168e-01 3.822216460566500440e-01 2.991296347471281147e-01 4.672141110054890967e-01 4.077240091584218296e-01 3.967699513213989171e-01 2.438650168925810546e-01 3.483973534704181141e-01 3.260549777714312758e-01
6.392000000000000000e+03 5.815215361213423861e-01 4.123340129094250073e-01 3.892718521006652832e-01 4.186523155023895160e-01 4.130903376464929444e-01 4.266956405640173200e-01 3.927397601208915678e-01 3.387128979752128122e-01 3.036491498849101522e-01 3.482253808991936372e-01
6.393000000000000000e+03 5.611518107035167180e-01 4.175696346916066282e-01 4.969657989700257406e-01 3.513481277194850927e-01 4.319913944241400294e-01 4.207171749209830947e-01 4.710381051575177058e-01 2.906663034377766630e-01 3.251368622512522677e-01 2.506071928110773506e-01
6.394000000000000000e+03 5.660617938773547797e-01 5.304380906292535114e-01 4.351565003354926908e-01 3.740533129544514335e-01 4.254380584541283539e-01 5.035950361770613615e-01 4.305496395561023149e-01 3.128004363694495416e-01 2.222831756214342369e-01 2.335960282425231238e-01
6.395000000000000000e+03 6.832002534452594755e-01 4.774204520310151301e-01 4.672529535402271672e-01 3.784190834670744241e-01 5.264618316953303401e-01 4.700797665574886763e-01 4.580459783999670242e-01 2.172060381515336924e-01 2.144257016166469243e-01 1.526060719769098684e-01
6.396000000000000000e+03 6.459070563248865415e-01 5.244937805380239793e-01 4.840394219973233603e-01 5.139890176032132496e-01 5.013550603146988971e-01 5.098597164167504303e-01 3.873672844529491566e-01 2.208867698034095162e-01 1.403349227592080306e-01 1.543936170801864793e-01
6.397000000000000000e+03 6.836629712230343214e-01 5.351479757623252009e-01 6.020799995238210744e-01 4.764663173519163020e-01 5.389323436180954996e-01 4.293853239189976967e-01 3.852988697342343283e-01 1.382879267963792458e-01 1.363305540195021981e-01 1.732771664222556018e-01
6.398000000000000000e+03 6.938656706945842689e-01 6.592599766225725189e-01 5.677524168126206749e-01 5.218958178024609706e-01 4.508430820456806321e-01 4.273415870460985366e-01 3.157328177338336039e-01 1.343205099630635224e-01 1.564179781739477859e-01 2.036086752875441441e-01
6.399000000000000000e+03 8.163761507656511762e-01 6.293009906777055074e-01 6.153475105330413752e-01 4.221277601873135721e-01 4.538044703957702652e-01 3.582864298571726835e-01 3.168203708076435254e-01 1.603200279398501737e-01 1.935458190092950170e-01 1.687946774883536671e-01
6.525000000000000000e+03 6.630490676938246564e-01 4.734248409884530551e-01 4.290860451146359944e-01 4.572897947976591326e-01 5.367345944083058429e-01 5.089327651091742899e-01 3.983339025808415035e-01 1.357417053427081022e-01 2.088699873433404186e-01 2.392198047119598048e-01
6.526000000000000000e+03 6.345841137675348742e-01 4.763617358000214463e-01 5.488779679650804821e-01 5.178980130353144640e-01 5.369573660348831989e-01 4.401455363388848685e-01 3.126344596852692614e-01 2.080557583545157851e-01 2.249046257596773180e-01 1.955901399942416019e-01
6.621000000000000000e+03 6.356361082788479777e-01 4.542520646305933107e-01 4.125359306382954672e-01 3.055354611368210072e-01 3.954449077831350134e-01 4.254056824844800744e-01 3.949938223847750951e-01 2.718376132600769379e-01 3.096665495141622815e-01 4.077049158351170877e-01
6.622000000000000000e+03 5.958279765935114991e-01 4.369559597083743641e-01 3.883385876102087853e-01 3.249488476986477914e-01 4.262413968083363924e-01 4.191426550345314639e-01 4.109417230290394185e-01 2.924049015914879091e-01 3.834372344986009540e-01 3.321613017938754298e-01
6.623000000000000000e+03 5.713104516610219008e-01 4.028089527209072762e-01 3.977468014074820868e-01 3.527501862126832255e-01 4.117402942178176040e-01 4.290171244943233875e-01 4.216339603288604687e-01 3.604570454823047276e-01 2.962451498243521275e-01 3.626891102105515019e-01
6.624000000000000000e+03 5.440563048775688415e-01 4.177599877586901655e-01 4.281290434994884930e-01 3.406637929105978957e-01 4.269749942784484831e-01 4.443836698861844403e-01 4.827693865523154937e-01 2.752757656309787193e-01 3.328094039383990843e-01 3.051351389351190102e-01
6.625000000000000000e+03 5.598766976030608022e-01 4.514892013088392386e-01 4.188605067414250538e-01 3.609457169870767812e-01 4.454452121830304590e-01 5.105769561331666706e-01 4.124856714178673500e-01 3.146303284556528079e-01 2.738665546601153356e-01 2.684874083899880803e-01
6.626000000000000000e+03 6.038583178398871931e-01 4.548895980098441871e-01 4.500091967384768910e-01 3.968153356519052988e-01 5.293567726882464353e-01 4.466257938762380197e-01 4.554975530671889206e-01 2.655846627578820618e-01 2.465520908360481211e-01 1.867733802829738554e-01
6.627000000000000000e+03 6.117599989223522217e-01 4.925768831624033339e-01 4.877668656126666891e-01 5.029834329657407732e-01 4.636507486317971716e-01 4.961765696977936124e-01 4.179034336133112815e-01 2.418619768801510972e-01 1.646811204253435801e-01 1.874044028152608010e-01
6.628000000000000000e+03 6.456546372621312369e-01 5.305455113926447197e-01 5.837687861439557757e-01 4.222322774526873213e-01 5.165285645420653049e-01 4.550417048272074050e-01 3.966728796138399571e-01 1.559766203904183191e-01 1.639526384364646538e-01 2.058751295378256907e-01
6.629000000000000000e+03 6.744599717293268126e-01 6.238596548880237513e-01 5.025558374562597574e-01 4.781732663868128452e-01 4.651125918965612338e-01 4.267785068927717473e-01 3.188483808560199084e-01 1.488230045492599518e-01 1.772088470085082801e-01 2.870238496059357991e-01
6.822000000000000000e+03 6.990102611243559361e-01 6.547319948038637927e-01 5.256565825537168335e-01 4.316287460803015508e-01 4.698406953401293995e-01 3.188717888972825154e-01 2.797830624198302529e-01 1.177736199633986902e-01 3.392464158098763005e-01 2.813000716437892290e-01
6.823000000000000000e+03 7.926272159944707241e-01 5.645092067289987359e-01 5.126828866757590086e-01 4.236833563644548106e-01 3.173216692163109420e-01 3.042313513461247232e-01 2.878025949716778720e-01 3.308841030030073571e-01 2.580301106400905709e-01 3.204983026369293553e-01
6.824000000000000000e+03 7.225163565495377194e-01 5.664987355452700823e-01 5.202458469078468095e-01 2.562595732397896509e-01 3.145142684465603855e-01 3.248124694560367010e-01 4.790841276901373624e-01 2.608872779490850613e-01 3.127095666803605956e-01 2.872781023944266932e-01
6.825000000000000000e+03 7.215659805324232678e-01 5.714376656085619066e-01 3.634293619845427870e-01 2.498166851884687789e-01 3.345366588926317331e-01 5.252669912490370852e-01 4.177789088614894952e-01 3.146735526431591046e-01 2.750878549314595967e-01 2.499177580721560210e-01
6.827000000000000000e+03 5.717312430855354677e-01 4.010014729364973496e-01 3.800309752513363337e-01 5.388455998660059976e-01 4.834097718409940958e-01 5.086978108478384941e-01 4.306950525762512916e-01 2.355160108541584363e-01 2.431699890207536796e-01 2.426422618711201740e-01
6.828000000000000000e+03 5.581152165016354250e-01 4.159888242656529789e-01 6.152274676203667303e-01 4.443789863200341972e-01 5.288975612792199410e-01 4.673656205538143094e-01 3.901672484509152161e-01 2.355550850556872022e-01 2.208741192183049373e-01 1.834828009155041739e-01
6.829000000000000000e+03 5.667445123640683091e-01 6.567478326897895347e-01 5.228094228078496997e-01 4.929460682220611067e-01 4.785306057788624723e-01 4.198191610802245455e-01 3.858447494654248522e-01 2.074101954098785949e-01 1.535356564390195633e-01 2.142852477902966180e-01
6.830000000000000000e+03 7.938342522622474640e-01 5.607987031797947441e-01 5.683115929522857268e-01 4.333775085418674067e-01 4.272653547132764795e-01 4.159765429294588479e-01 3.628175588176282829e-01 1.388223078501234498e-01 1.867874520983474618e-01 2.147996358995359623e-01
6.834000000000000000e+03 7.565620603297767977e-01 6.121549185906962620e-01 5.419833431521028366e-01 3.828083453745277920e-01 4.703311594512262217e-01 4.596449582029148440e-01 3.853760402047750611e-01 2.134079457862013696e-01 1.599892899664779600e-01 1.145905892901013801e-01
6.837000000000000000e+03 7.475652361202829166e-01 6.470729807187439730e-01 6.057138318283076250e-01 4.749852045481852691e-01 4.926570656209454668e-01 4.183403094238348219e-01 3.194593374651278905e-01 5.573074473844925186e-02 1.865796196613700719e-01 1.822318676516947733e-01
6.838000000000000000e+03 8.115993879314088444e-01 6.763013114737903564e-01 5.789438064479458523e-01 4.798341207974190503e-01 4.499996441758797872e-01 3.677387702877920606e-01 2.556027479078716302e-01 1.976390737510667905e-01 1.769433385538469183e-01 1.632518772478389613e-01
6.850000000000000000e+03 8.788593621750614426e-01 5.764715570600383865e-01 4.213560632681654372e-01 3.145451763349454977e-01 4.148168265874788152e-01 3.985203239684466103e-01 3.989460029116718154e-01 2.400823259893831996e-01 1.989146371382363998e-01 2.308786385846851863e-01
6.851000000000000000e+03 7.500555697564831314e-01 4.877571387586572271e-01 4.361868114171011390e-01 3.914644924139835114e-01 4.327532973522795201e-01 4.562510247942124786e-01 4.152620460309493500e-01 2.149902930024720771e-01 2.328079777095053704e-01 2.359124534687012109e-01
6.852000000000000000e+03 6.575953316919262992e-01 4.939398558866907041e-01 4.980353293147760096e-01 4.032909581439258484e-01 4.879875703125465258e-01 4.661177580454204383e-01 3.870445819241472019e-01 2.417087484669062647e-01 2.300764281181406912e-01 1.955437110228738229e-01
6.853000000000000000e+03 6.559161131575298453e-01 5.509089580680508469e-01 5.012877694163884179e-01 4.614879728261196412e-01 4.918861107271798039e-01 4.298821192490975274e-01 4.036634217127874069e-01 2.318479072814744746e-01 1.806584565455565672e-01 1.754172473587229664e-01
