3.770000000000000000e+02 4.600785932922467625e-01 6.487036316115286638e-01 5.430380848704682295e-01 4.585769354694240185e-01 4.120256674199996305e-01 3.015209834441875403e-01 3.375580479159773217e-01 3.879797945041030260e-01 4.343027780357658352e-01 3.997022226797289357e-01
3.780000000000000000e+02 6.286935773038713204e-01 5.832639784368337521e-01 5.720439440540627807e-01 4.504537348240524319e-01 4.283764017701259808e-01 3.013901485990599372e-01 3.636627952003748110e-01 3.940708320905406681e-01 2.220495675244864575e-01 4.413555343754195226e-01
3.790000000000000000e+02 5.594458716933855547e-01 6.085184793196038999e-01 5.544508420383985614e-01 4.637893517429896306e-01 4.244832022176044939e-01 3.237239662586237077e-01 3.650852202767380095e-01 1.925803350226765742e-01 2.704868897344940848e-01 5.858925300667259251e-01
3.800000000000000000e+02 5.575641096182900602e-01 5.621865271119048657e-01 5.487849253464688326e-01 4.424180887609797108e-01 4.258630175617969527e-01 3.046111013591345507e-01 1.457224288338419549e-01 2.177966832420310805e-01 4.341204567649559753e-01 6.926247763690225323e-01
1.272000000000000000e+03 4.692199714665212240e-01 5.218699009262983690e-01 5.671052617490982550e-01 4.938329453282714332e-01 3.906049390296160717e-01 2.660271466271685870e-01 3.186077532521754963e-01 3.380547553965642105e-01 4.115956606492715553e-01 5.492891330853428844e-01
1.380000000000000000e+03 5.786665933036235776e-01 6.004799982532544878e-01 5.157012764478482447e-01 4.417785682837123140e-01 4.304622644651902585e-01 2.483903032906774888e-01 2.872752997673397313e-01 3.134686259357014615e-01 4.056477924633482557e-01 5.405335038267335968e-01
1.381000000000000000e+03 5.783569980414654532e-01 5.495438876031121245e-01 5.440774143734858903e-01 4.675210129047737140e-01 3.840089997332864491e-01 2.461481396890600748e-01 2.868530663167987993e-01 3.645927807401854182e-01 3.994565164378975353e-01 5.401719809495383329e-01
1.382000000000000000e+03 5.259878252534667675e-01 5.770876310885972860e-01 5.782783793122571181e-01 4.160889552768737842e-01 3.802332609129354668e-01 2.431760274432807623e-01 3.351315167446702326e-01 3.563840154100156310e-01 3.963340733166250685e-01 5.587441069964874663e-01
1.777000000000000000e+03 6.093048418264987998e-01 6.917011232364241868e-01 7.204695642286248480e-01 6.148949337884699329e-01 5.240378162962235908e-01 2.206057775354837436e-01 1.478663697367296748e-01 2.007083823524515587e-01 2.154583413203150222e-01 4.435018324727032502e-01
2.243000000000000000e+03 3.159720245512231407e-01 5.432704661909995014e-01 5.609028928020314275e-01 4.560366728434447348e-01 4.272507949371963099e-01 3.473410466391705365e-01 4.460943527433807732e-01 3.634521007611040688e-01 4.144479151601702660e-01 4.393250139035784763e-01
2.244000000000000000e+03 5.115197907847478520e-01 5.866515010386335049e-01 5.535993628365990515e-01 4.564200128826937375e-01 4.549688659100211696e-01 4.019545612183249572e-01 3.276325208652108856e-01 3.638629055230101494e-01 2.602794029154391064e-01 4.378178668371103810e-01
2.518000000000000000e+03 5.926879673406181270e-01 6.804748810868477271e-01 5.448834579306711667e-01 4.280102165518268609e-01 5.043721614427949529e-01 2.880526796726821104e-01 3.070511776485843058e-01 3.090002576166049342e-01 3.297548889949944995e-01 4.122810668521798005e-01
3.155000000000000000e+03 3.804160673451857377e-01 7.004617602407094967e-01 6.937834418749848631e-01 5.139188138634871450e-01 2.849347807860581616e-01 2.014444286647578408e-01 3.112463290994701426e-01 4.042790092831999860e-01 4.622196516976876945e-01 4.635814981409954738e-01
3.708000000000000000e+03 7.904495577976984322e-01 1.000000000000000000e+00 6.066139609603292682e-01 4.577112866397101132e-01 3.836382539652875012e-01 1.852409456282833877e-01 3.126568482641476354e-01 9.442439189460827276e-02 1.406487839994716715e-01 5.482646600319533992e-01
3.970000000000000000e+03 6.965302447007338804e-01 6.646496790612215211e-01 6.367242834004628316e-01 4.954350791476647697e-01 2.612112264766985881e-01 1.891387847266848277e-01 2.632428786173798274e-01 2.930629090911172074e-01 4.126509418671063245e-01 5.464337701164067029e-01
4.268000000000000000e+03 5.930742626111873417e-01 2.784929889507407191e-02 5.227870255315208992e-02 3.751691254480896132e-01 6.715198474526858918e-01 9.013092739058286007e-01 1.000000000000000000e+00 1.944897146008781608e-01 0.000000000000000000e+00 2.915774089903235278e-01
4.269000000000000000e+03 4.128443183893053259e-02 6.062662459897678185e-02 4.625318035357165458e-01 7.340728636465292389e-01 9.105462090201064118e-01 1.000000000000000000e+00 1.805644602729605808e-01 0.000000000000000000e+00 9.304670095920512807e-02 4.579422627132562207e-01
4.270000000000000000e+03 8.962662243347031821e-02 5.257456359982857208e-01 1.000000000000000000e+00 1.000000000000000000e+00 1.000000000000000000e+00 1.608431056809475623e-01 0.000000000000000000e+00 9.919159095795324066e-02 3.205045641789347477e-01 0.000000000000000000e+00
4.643000000000000000e+03 3.874463027508927015e-01 5.159817580266496950e-01 7.489235557211332273e-01 5.374496711887896128e-01 5.612740109302268854e-01 2.772839669591673495e-01 2.793135951873206291e-01 3.515747312551352199e-01 2.007750060771445466e-01 4.401318169196485885e-01
4.644000000000000000e+03 4.695078773319173449e-01 7.746968957399672506e-01 6.563030387928338039e-01 5.880263225970183694e-01 3.898569522800388043e-01 2.164483650875622112e-01 3.039647784781454032e-01 1.540373526106041391e-01 2.485171378990590763e-01 5.754660127458980368e-01
4.645000000000000000e+03 7.238945025577436798e-01 6.794615981908042057e-01 7.344987220288186069e-01 4.098443356120344827e-01 3.450656407731819142e-01 2.461100942711140216e-01 1.121930082417859631e-01 2.021635615717565504e-01 4.259380543138552855e-01 5.982202855130600572e-01
4.646000000000000000e+03 6.665277469658036358e-01 8.003731418270393361e-01 5.091113089566119410e-01 3.846553685656798893e-01 3.895604021289750252e-01 7.334735745768095061e-02 1.852753316358223545e-01 3.924869662059761177e-01 4.832062916599454971e-01 5.653489316734396919e-01
5.548000000000000000e+03 8.435837196566193796e-01 9.022942487165402925e-01 4.359281598507150357e-01 3.527684631946476634e-01 3.471363783602616770e-01 3.016424690010655607e-01 2.746533150079749630e-01 4.269369959628934175e-01 4.139166480850274832e-01 2.740104043706292347e-01
5.549000000000000000e+03 9.043061980563087410e-01 4.977689728188294249e-01 4.473056454347853483e-01 4.013566121298070000e-01 4.472802474577176057e-01 2.596483663375657724e-01 4.253343953972082980e-01 3.982356171696486702e-01 8.509585697344049238e-02 5.146216286216439562e-01
5.552000000000000000e+03 5.081411583213104599e-01 6.603630166548726255e-01 5.337734010376550264e-01 5.438224970548513060e-01 4.576401762510451388e-01 0.000000000000000000e+00 3.093537018036754960e-01 3.512987044093485167e-01 3.516136802867980693e-01 6.036058011552659641e-01
5.763000000000000000e+03 5.764739385327345422e-01 5.865459318331118777e-01 4.388206168810852570e-01 4.928393586375096058e-01 4.513695357179435264e-01 3.006296014694335161e-01 3.252313314040384817e-01 2.517958633174351424e-01 3.994601261023806860e-01 5.126359968372665721e-01
5.903000000000000000e+03 6.931526794842792771e-01 6.693526170881671788e-01 4.683090013438649946e-01 4.329560311343491619e-01 4.698932558828061712e-01 3.857910390070099504e-01 2.384749507701874605e-01 3.080552879617092232e-01 3.030402568564164456e-01 4.369785899828114717e-01
5.904000000000000000e+03 6.713873966068112376e-01 5.251987532703126238e-01 5.564463016802168038e-01 5.268668248894531336e-01 5.091648807927096065e-01 2.159935228965822740e-01 3.013425499681505193e-01 2.893737967065588834e-01 2.881916339667165983e-01 4.613989991146785208e-01
6.066000000000000000e+03 5.725941605241235965e-01 7.004217725874151146e-01 5.591147039271785468e-01 4.541023913196690631e-01 4.221276019148589853e-01 3.045845993519901707e-01 3.846717032313157203e-01 3.274424454167751408e-01 2.608660857737827854e-01 4.217066644508158380e-01
6.121000000000000000e+03 4.663727704905705207e-01 7.327676943658761877e-01 6.230921928586671266e-01 4.372933408645851006e-01 3.762293232907662488e-01 2.905541985839490970e-01 1.964559361472124621e-01 3.463008301901463470e-01 3.951494454023410929e-01 5.419791950856347462e-01
6.383000000000000000e+03 3.826747881991782174e-01 4.808585909552365867e-01 6.211968612500231579e-01 4.274036976749655548e-01 3.960044431669074161e-01 3.113719407467075984e-01 4.379599194791574668e-01 4.275072853870227618e-01 3.896243820189007057e-01 4.565415237959761785e-01
