4.380000000000000000e+02 4.564366099795135745e-01 5.620055766090860105e-01 5.611272688213908566e-01 6.065681673479751401e-01 6.900870873866341570e-01 6.835333444558169269e-01 4.705251521852187868e-01 2.142353019058853281e-01 2.129688384500332543e-01 2.807457980198727610e-01
9.730000000000000000e+02 6.198214113476809839e-01 6.828928839691421615e-01 6.530172240280516238e-01 5.878602961838250707e-01 4.641544123829019486e-01 4.806368678665912664e-01 3.229143747284412558e-01 1.731569587069202998e-01 2.682001611829784582e-01 3.334619918247924697e-01
1.550000000000000000e+03 6.928384096308398687e-01 7.077484093028914014e-01 6.714699071740463099e-01 5.195437729599827748e-01 4.415324769144009509e-01 5.512745851571397848e-01 3.590200168677423753e-01 1.482091981399924485e-01 2.476682174461624086e-01 2.643486614196392526e-01
2.017000000000000000e+03 3.443998666315456481e-01 2.184088390497841425e-01 5.130257640181000722e-01 1.000000000000000000e+00 7.751643866289160689e-01 5.970720720648998725e-01 2.596150556664750808e-01 3.065374673524982607e-01 2.530310798816122753e-01 4.445062605409645928e-01
2.455000000000000000e+03 7.289071343833295469e-01 5.770574447798896278e-01 5.864836226833610722e-01 6.189741527504968310e-01 4.760551711415812459e-01 4.694640016342389588e-01 2.196578625086898773e-01 2.703170636106561053e-01 2.402063105837999035e-01 3.785693030039760099e-01
2.552000000000000000e+03 5.865784422790644159e-01 6.048765785956129459e-01 6.763651986741573419e-01 5.961593852871202026e-01 4.629136107406549017e-01 4.062488124312272908e-01 2.300991541414843244e-01 2.315733666179735084e-01 2.823908768217158194e-01 4.709284765921450955e-01
2.791000000000000000e+03 3.794861528795566707e-01 4.937819202453587186e-01 4.411422187900534975e-01 5.295906190911539024e-01 1.000000000000000000e+00 5.611366723302998460e-01 5.083658420675889467e-01 4.527641331254739776e-01 1.757031628929783817e-01 2.652092334682080166e-01
2.878000000000000000e+03 6.264415281231380250e-01 6.584601167882886408e-01 6.420222603440721709e-01 4.680157501059086234e-01 7.861553371976617299e-01 5.768315070592119342e-01 4.772475134104877115e-01 8.069551708266430035e-02 1.858822097178834676e-01 2.004838251260308291e-01
2.879000000000000000e+03 7.044664803316594837e-01 6.522897772120797022e-01 5.193785046078153167e-01 7.628508063183849774e-01 6.228209600918751532e-01 4.989026680102790490e-01 5.674936901206052015e-02 2.187913126536607245e-01 1.600924821385021624e-01 3.472608435839828478e-01
3.200000000000000000e+03 5.565571275516272287e-01 5.430040671824926113e-01 4.330297989130781344e-01 5.336310909877732822e-01 6.663154159697527446e-01 6.097096513170560117e-01 5.242516732334376872e-01 2.895922292757441285e-01 3.311040908400121885e-01 2.548163792854072907e-01
3.201000000000000000e+03 5.806585072860847019e-01 4.526250987464132125e-01 5.784407383879298647e-01 6.563382213234296714e-01 6.451668876984552048e-01 5.360800544445077920e-01 3.011285953450413833e-01 3.665932904088414768e-01 2.154548517302218857e-01 3.320242939418798778e-01
3.502000000000000000e+03 4.892249421115313357e-01 4.325991573995810469e-01 6.456419149152740067e-01 5.701142386841042686e-01 7.030626852131529603e-01 6.893783686245257281e-01 3.899648606148399255e-01 2.017681218699757251e-01 3.107306982574831733e-01 2.987317637797551884e-01
3.571000000000000000e+03 3.943060121019708042e-01 5.940146258930457668e-01 6.048651345687701131e-01 5.889724411927398373e-01 7.094770139996438019e-01 5.607042260922499022e-01 6.533844124702644640e-01 4.442947551305630183e-02 1.038660507792564247e-01 4.680912356357012083e-01
3.653000000000000000e+03 9.782778645181612331e-01 3.860123122839471677e-01 5.700559196416122854e-01 5.743229587651053070e-01 5.592069347131305435e-01 6.105542420185731123e-01 3.763843865702092839e-01 4.870741327538415100e-02 2.463274061709851692e-01 2.881749060893782910e-01
3.787000000000000000e+03 5.406119571347174357e-01 5.004451769119293569e-01 4.367995856337075766e-01 6.630186500434287478e-01 6.398940221925286664e-01 6.383813082787711535e-01 5.992550499651757567e-01 2.692596503522293183e-01 2.868697189365534972e-01 1.948088087985147265e-01
3.788000000000000000e+03 5.369162058532618298e-01 4.557540128465179530e-01 7.072177083328722302e-01 6.339086835457249380e-01 6.709991093109997085e-01 6.084241104911530806e-01 2.759825735788262735e-01 3.189686901646131556e-01 1.465586643443565762e-01 3.195997409233738429e-01
3.807000000000000000e+03 3.999181816566970693e-01 4.751653681204965896e-01 5.328495485210292815e-01 6.783884738518021207e-01 7.686528147445392811e-01 8.810635842976416443e-01 5.381922734559637655e-01 3.743288169563827594e-01 3.162595967589645896e-02 1.649945851493701821e-01
3.808000000000000000e+03 5.033119440022996161e-01 5.370032727660428717e-01 7.140908304410957808e-01 7.327351906209386145e-01 8.834129742359394522e-01 5.380822269005549607e-01 3.919265323481961327e-01 3.760429007574705301e-02 1.039526532929776342e-01 2.504916134940182726e-01
4.366000000000000000e+03 1.762313369427328524e-01 5.299525322796658777e-01 7.474262974353479416e-01 5.852252640319342003e-01 9.200917965291579570e-01 9.405396351078774142e-01 4.231937665634133428e-01 1.994680024877381330e-01 1.292693370980815826e-01 1.963307519786056110e-01
4.540000000000000000e+03 5.349794066829625105e-01 6.437840674970412014e-01 5.553973664663992560e-01 5.839324555537913630e-01 6.190691444263480836e-01 5.379813641546259406e-01 2.732349346628606401e-01 3.020526210375036325e-01 1.405520273613945492e-01 4.304471731330263284e-01
4.684000000000000000e+03 3.789688032109163052e-01 6.724680613970820398e-01 7.619883855853549770e-01 6.767565350753541598e-01 7.184650858626911996e-01 5.718202351464654054e-01 6.290566559889164688e-01 1.896778329620321113e-01 6.820966273598985663e-02 9.174289378991454247e-02
4.685000000000000000e+03 7.014932198765562177e-01 7.464472286735002182e-01 7.095366091001256148e-01 6.879821324412693784e-01 5.962905593808396354e-01 6.224764011026505672e-01 1.646727464277756570e-01 7.345271141599331310e-02 1.745614702723859851e-02 2.538835117284202192e-01
4.793000000000000000e+03 4.222947641717152423e-01 4.775122355551046360e-01 4.473948876243817319e-01 6.436054128083721348e-01 7.879577735291238838e-01 6.278290178709823310e-01 6.553503481832192445e-01 2.006860045416788696e-01 3.412129768450561373e-01 2.065675661059648005e-01
4.794000000000000000e+03 5.086326462118915259e-01 4.607527106544824225e-01 6.825433896370505238e-01 7.520086477219096732e-01 6.549520012415439574e-01 6.559733383942083496e-01 1.859911733598254291e-01 3.711093703532258870e-01 1.545866467757289475e-01 2.465582567451400087e-01
4.812000000000000000e+03 6.082948720431025080e-01 6.054073594793499824e-01 7.819434146327111090e-01 5.538593524125555723e-01 7.563280838910444448e-01 7.941524032009047440e-01 3.366082133822316802e-01 2.488194917251544958e-01 6.441891902572403905e-04 5.274145112608991798e-02
4.813000000000000000e+03 6.584070389187024475e-01 7.899779097056572885e-01 6.136295285120103582e-01 7.466009975934801979e-01 8.327508904406299983e-01 3.732460819859026446e-01 2.717079403102812818e-01 3.029650240704096636e-02 0.000000000000000000e+00 2.590494851665360865e-01
4.929000000000000000e+03 3.442068480135524466e-01 5.296474545163297742e-01 6.181009126716372482e-01 8.205215229850434389e-01 7.342330215538596105e-01 6.441342438296049355e-01 4.142562399825380215e-01 0.000000000000000000e+00 1.855257378938654500e-01 4.063283308936334048e-01
5.668000000000000000e+03 4.078614789563619336e-01 3.987995417860217828e-01 4.781935505602414871e-01 6.396924105164657481e-01 8.724416770406537847e-01 6.927492310122052022e-01 5.584811934393892896e-01 2.296668234582317225e-01 2.094702950931459084e-01 3.219363058884783246e-01
5.669000000000000000e+03 4.401795491771231528e-01 5.008725657592961733e-01 6.913462609338041354e-01 8.353225115463787098e-01 7.298440215937580522e-01 5.784977708013824271e-01 2.378389430423121509e-01 2.444973741482847907e-01 2.992789798898300990e-01 1.277547982262734749e-01
6.170000000000000000e+03 4.282713250583189968e-01 7.153296149055918818e-01 6.730770298296350207e-01 6.313848550770301271e-01 5.172831453809886293e-01 5.556236478723597383e-01 1.784268410337611355e-01 1.685922690175263861e-01 2.109646449696930826e-01 4.897398486972460163e-01
