2.790000000000000000e+02 6.139609637774857687e-01 6.751693115236342413e-01 5.993065888194611945e-01 5.385073495089433004e-01 4.377708452468997979e-01 3.623948774103031845e-01 2.371214167321583632e-01 2.263966302782128848e-01 4.063282101709655425e-01 4.389828846132673434e-01
5.750000000000000000e+02 5.523849477003800468e-01 5.389887297747600892e-01 6.204199127546276005e-01 6.191783244841710943e-01 5.533248269836213984e-01 4.532587672107667442e-01 4.856021486127966580e-01 3.069573414429360714e-01 2.481770796947423974e-01 2.922069104888390112e-01
7.650000000000000000e+02 4.919563002348958936e-01 5.543526752791813061e-01 6.562381924695482871e-01 5.735691052593238082e-01 4.901525293130270522e-01 3.883713387271559014e-01 4.184008413872196686e-01 4.034404554496738848e-01 2.509450594071429563e-01 4.031946932680749440e-01
7.660000000000000000e+02 5.843403417233627994e-01 6.516304053851819100e-01 6.099181229459830211e-01 5.010908691024413830e-01 4.320244690501598428e-01 4.223097834982432186e-01 4.276977175401876496e-01 2.718551827395144782e-01 3.760690537199893324e-01 3.377491949716799891e-01
7.670000000000000000e+02 6.873818991652036470e-01 6.126262261684926047e-01 5.417761575287773912e-01 4.568243504757020790e-01 4.681644559739785438e-01 4.368038850066035539e-01 2.740679830105896553e-01 4.099002475676375989e-01 3.057628440495861466e-01 3.940783769091095734e-01
9.720000000000000000e+02 4.177315108660428211e-01 5.968890179587311717e-01 6.983762305531218129e-01 6.251361758630974430e-01 6.043122366859878802e-01 4.342459523597612669e-01 4.896790849083366703e-01 3.260205961996782698e-01 1.668930833500598954e-01 3.161626301273207651e-01
1.548000000000000000e+03 4.300930898129538549e-01 5.298453385437680296e-01 6.490566778050025354e-01 6.634546928789029074e-01 6.305010287494157151e-01 4.535473024101332462e-01 3.712076979822099831e-01 4.864329523069323424e-01 3.034015973124024601e-01 1.764752037658532113e-01
1.549000000000000000e+03 5.595514297473982435e-01 6.451493772793650550e-01 6.997852239341977310e-01 6.182180868785096539e-01 4.920201156486452287e-01 3.767247506503779153e-01 5.283596857627815835e-01 3.279776921516330823e-01 1.176505006684741977e-01 2.753251843275078548e-01
2.018000000000000000e+03 2.108451610777045404e-01 4.874732403446003226e-01 1.000000000000000000e+00 7.037624782041488336e-01 5.820448156567203934e-01 2.238376232425385026e-01 2.646912079169656540e-01 2.363425255429978111e-01 3.873625837447711162e-01 4.764141096325340552e-01
2.551000000000000000e+03 6.394168775112045733e-01 5.552053714387674699e-01 6.042868912505590107e-01 6.386963790962524312e-01 6.024896731622064738e-01 4.201502150837860827e-01 3.999043869593765232e-01 2.385292394140039463e-01 2.116594736219884754e-01 3.197449095237970829e-01
2.553000000000000000e+03 6.323919623181594174e-01 6.669074598096312867e-01 6.288414048709659587e-01 4.748009694313102269e-01 4.441129278348972531e-01 2.348301216534306179e-01 2.149570592637232991e-01 3.014002162338354496e-01 4.495513729846357109e-01 4.607438837310660618e-01
2.619000000000000000e+03 6.452034957155634576e-01 6.884421714302748629e-01 5.510453650182401963e-01 4.108176647900039224e-01 5.991704288136662226e-01 5.170044957019019893e-01 2.566774085754257584e-01 3.800409672029790298e-01 2.828600631951969091e-01 2.931653690803995849e-01
2.620000000000000000e+03 7.346797557170092752e-01 5.676132308175366736e-01 4.618763888511456250e-01 6.065004672112958017e-01 5.674392907092884464e-01 2.840284503152232798e-01 4.188389332166941315e-01 3.218772754037133033e-01 2.655384533814427739e-01 3.688444317412631901e-01
2.876000000000000000e+03 5.263823952692356922e-01 6.625279787880145044e-01 5.318633256316154245e-01 5.629595218494141129e-01 5.385540724743034247e-01 3.251514564587450473e-01 6.935253719950458251e-01 4.556919191533420066e-01 3.459950627202753037e-01 7.914365102524278939e-02
2.877000000000000000e+03 7.144510317678530731e-01 5.558514110996208846e-01 6.203722864309444418e-01 5.624750068843525908e-01 3.990524400993375465e-01 7.172700216012176666e-01 5.192744005093351545e-01 3.964915575942853376e-01 2.778137294490793871e-02 1.976953889074734572e-01
2.965000000000000000e+03 7.907300460709549839e-01 7.451933800588546042e-01 7.104908113871707398e-01 2.198981382986656130e-01 3.155076497621031595e-01 4.486601352572823775e-01 3.985915743312363202e-01 1.918480950432866483e-01 3.239754710032612950e-01 4.098200964032215343e-01
2.981000000000000000e+03 5.535914177217255983e-01 5.028736700603544385e-01 6.461067034141612098e-01 6.009309598505034877e-01 4.153318872449763277e-01 5.612316218322542793e-01 4.375016336581201148e-01 4.604032616731458250e-01 1.742289875299700419e-01 3.214428360826671049e-01
2.982000000000000000e+03 5.320238641711829697e-01 6.423599034368486782e-01 6.373381498109237375e-01 4.388652747295486711e-01 5.907126516533398597e-01 4.410105909787968570e-01 4.967805419433065084e-01 1.902011711401833671e-01 2.829432872273228705e-01 3.974624010953866637e-01
2.983000000000000000e+03 6.752737590094132214e-01 6.354095242031285729e-01 4.768813223856601113e-01 5.862652963731438405e-01 4.819532285872104582e-01 5.002140516916550039e-01 1.715128659501316821e-01 3.074869667229329639e-01 3.709648044319862614e-01 3.658153028448548061e-01
3.042000000000000000e+03 4.512336333186064974e-01 4.623612832959541064e-01 6.489104111544785614e-01 5.587948532062326779e-01 5.324217622170126507e-01 4.552868054843369205e-01 2.807176561669610382e-01 5.401654197828563708e-01 5.190528327956325239e-01 2.220868182583385364e-01
3.043000000000000000e+03 4.885081575620316419e-01 6.427081396468222740e-01 5.928779671698009013e-01 5.340111338766820870e-01 4.906441727148434517e-01 2.856554485478350336e-01 5.900117849073454046e-01 5.550968856478125657e-01 1.671314901165659450e-01 3.166719819208764775e-01
3.450000000000000000e+03 3.879010960737233615e-01 6.157022660251537660e-01 6.391973584520267426e-01 5.083374488927278056e-01 6.537751556736476344e-01 4.096794540645433691e-01 4.015039456356056524e-01 2.825634066061829541e-01 3.415240450932999772e-01 4.111645985682649274e-01
3.451000000000000000e+03 6.320756018377106100e-01 6.213500579212526409e-01 5.292797633296691950e-01 6.216922931934030228e-01 4.329151082277908902e-01 3.855714811172887280e-01 2.606388351098127276e-01 3.511258758299469207e-01 3.688887964579007916e-01 3.645405441870483432e-01
3.494000000000000000e+03 6.671179832696665368e-01 5.253534668700291510e-01 5.641126348053744355e-01 4.770331694026784253e-01 6.287956826056246840e-01 5.479322311499298381e-01 3.020672093349340281e-01 1.959655135697936368e-01 3.653298349587487115e-01 3.655297668017890578e-01
3.504000000000000000e+03 6.882345615855066656e-01 6.200545605165198593e-01 7.304017730949919907e-01 6.985280755168364886e-01 4.565169309110499452e-01 2.145612874300334705e-01 3.665363283185638088e-01 2.954546352520324159e-01 1.641370445694106672e-01 3.091193402251134481e-01
3.572000000000000000e+03 6.295424062948130617e-01 6.087876527180712261e-01 6.303983481499728647e-01 6.890002996839154070e-01 5.962314314963137463e-01 6.571954877961565522e-01 0.000000000000000000e+00 1.206135859806219401e-01 4.554324782685901796e-01 1.993553329518913675e-01
3.655000000000000000e+03 6.845100683385523244e-01 6.905584675103696446e-01 6.825210149905540646e-01 7.105732644139296506e-01 5.301321703641017624e-01 1.260624687453301696e-01 3.790265008724013063e-01 3.616547759151620967e-01 1.919542825667408803e-01 1.936628444948057526e-01
3.789000000000000000e+03 4.896224022907997298e-01 7.045390825428883286e-01 6.762667095821296437e-01 6.579462535302833537e-01 6.412365695865053228e-01 2.919363637127254107e-01 3.336537424861388268e-01 1.672474916903370912e-01 2.870395701651697329e-01 3.314945972235245342e-01
3.790000000000000000e+03 7.380623289823857736e-01 6.709268454124646119e-01 6.949186440113412910e-01 6.277931202378970177e-01 3.445330404849672457e-01 3.410733236595368534e-01 1.429820375513734254e-01 3.112241658978478487e-01 2.951206128382150018e-01 3.287789713594432839e-01
4.030000000000000000e+03 3.966477965457755328e-01 3.689654033810181866e-01 6.591955917261090869e-01 7.715212024701423310e-01 8.218267366528834161e-01 8.363733805832718193e-01 2.354030210491441510e-01 2.059467879821320901e-01 4.005948837369159299e-01 8.371416120683862483e-02
4.208000000000000000e+03 1.130170353207239492e-01 3.448950444910989788e-01 5.872199338502687160e-01 6.794190220514476630e-01 8.062530965120633386e-01 4.931672739599057831e-01 4.647185514099462234e-01 4.150907026276498546e-01 5.647871387533970333e-01 3.187700307612003625e-01
4.209000000000000000e+03 3.670769340383320256e-01 5.837737500828557025e-01 7.112250058500215744e-01 7.601375014536144725e-01 5.230176559940680203e-01 4.617022428132435685e-01 4.360556216662279105e-01 6.016285681589160772e-01 2.753558690153417587e-01 0.000000000000000000e+00
4.386000000000000000e+03 3.451079445458240524e-01 2.222661083626945311e-01 5.782131166538055922e-01 8.279501702652503070e-01 7.668935856472164359e-01 5.143144386069965490e-01 3.092820680720431703e-01 4.442143732760751029e-01 4.274241854251438766e-01 3.024330452024588389e-01
4.387000000000000000e+03 2.401548625572031137e-01 5.733425404500298583e-01 8.570677358984747363e-01 7.250534337080922764e-01 5.396857617099459770e-01 3.078984784645901751e-01 4.682325573934382201e-01 4.527131662992920358e-01 2.543877715992475252e-01 2.472464224516269515e-01
4.388000000000000000e+03 5.849522166354379493e-01 8.188104567411105261e-01 7.409256931862479023e-01 5.224493232440433621e-01 3.345817917676924824e-01 4.446855592881741037e-01 4.605014978128197378e-01 2.536240863290620262e-01 1.777274882797175715e-01 2.547245144468265887e-01
4.541000000000000000e+03 6.713656912896874829e-01 5.543034191605539229e-01 6.159673382749726311e-01 6.042016084968024892e-01 5.640895828121624822e-01 2.758255871887780319e-01 2.993081674465269959e-01 1.494922097586702525e-01 4.026830569183884045e-01 4.155376586702561048e-01
4.660000000000000000e+03 3.315442058391672719e-01 4.892799089750023978e-01 4.993283086205279053e-01 6.158028852252542817e-01 5.708625693310867000e-01 4.742395903841249427e-01 5.643014398301098300e-01 5.835381508386547900e-01 2.884281117909394121e-01 3.291601504259903388e-01
4.662000000000000000e+03 5.027856176940116439e-01 6.153288045385199023e-01 5.698003572578732578e-01 4.834277350539771256e-01 5.510404669260219324e-01 5.968725031465293984e-01 2.702640310950401026e-01 2.767216743821039882e-01 3.267218883600028212e-01 4.402653474689199875e-01
4.683000000000000000e+03 4.147748632987052764e-01 3.340792669622041355e-01 6.581123175224605770e-01 7.051781457863339764e-01 6.760973844798556787e-01 6.735243361458992384e-01 5.446247714496366132e-01 5.468422978553966196e-01 1.528085533734908352e-01 1.149765673192596899e-01
4.795000000000000000e+03 4.876477634213975398e-01 6.746217636090886538e-01 7.864717070469281479e-01 6.369316934926403384e-01 6.756892029876417904e-01 1.947715954419766693e-01 3.866140593463027186e-01 1.675289223897334367e-01 1.958968998889296931e-01 3.662944130450176972e-01
4.796000000000000000e+03 7.014917444828556725e-01 7.669405849432466837e-01 6.674850407054073731e-01 6.500140389964744747e-01 2.478226102255208785e-01 3.841313640358188786e-01 1.348224026908647066e-01 2.070075005074747676e-01 3.281412819102642042e-01 3.800139566744339392e-01
4.893000000000000000e+03 4.260478328889165112e-01 5.736747221118472240e-01 6.379101399175400866e-01 5.650026108532468783e-01 5.765156730286858933e-01 3.442921153347645591e-01 4.541625990167529325e-01 5.055106013523835706e-01 3.055251972096290625e-01 2.818282948290749546e-01
5.019000000000000000e+03 3.970268485726420327e-01 3.059118733207569774e-01 2.963188382433029622e-01 6.957429888980640742e-01 9.133529238393501837e-01 7.135048560512697868e-01 1.467983180211143712e-01 5.800663506493534127e-01 5.008292378720665683e-01 2.323857191304987135e-01
5.301000000000000000e+03 5.818038016442312887e-01 6.598492654475948127e-01 6.040536726086169761e-01 5.355558512331497489e-01 4.525808963118350681e-01 4.209125477726873843e-01 4.813934487389543437e-01 3.512087370250491780e-01 2.033413031138178728e-01 3.404369581757636376e-01
5.302000000000000000e+03 6.971478385018184953e-01 6.085560588813919702e-01 5.776416691476680132e-01 4.754214267960901741e-01 4.686396375152994676e-01 4.908769581877120425e-01 3.720790644005168013e-01 2.273162322331960528e-01 3.103525665550272428e-01 3.794313505110799012e-01
5.303000000000000000e+03 6.611306675914465636e-01 6.000015382474559456e-01 5.347179199759574120e-01 5.059571165492227074e-01 5.534907408214844171e-01 4.070718224513570349e-01 2.449579428067823195e-01 3.604628841730245781e-01 3.727379082547138123e-01 3.509765135358514088e-01
5.670000000000000000e+03 5.425008038800606114e-01 6.967185445496056895e-01 8.848503329466609335e-01 7.144746026448307585e-01 6.226789416950185840e-01 2.644113716311329854e-01 2.533166380833672404e-01 3.382814839484510894e-01 7.563264282160607477e-02 1.751021731150009253e-01
5.912000000000000000e+03 5.034961904639417840e-01 4.823568962351735823e-01 5.251296970821849319e-01 5.678496710261057290e-01 6.354469822660485656e-01 5.392733548434797131e-01 5.173914937909273037e-01 4.442762133542015879e-01 4.060674306284021151e-01 1.355118276458538162e-01
5.913000000000000000e+03 5.323574825021507584e-01 5.512658722438069647e-01 6.270613204961374976e-01 6.451491775774209625e-01 5.979139052780846342e-01 5.483532272459407109e-01 5.078666924900773205e-01 4.626361488163986957e-01 9.401204726214347496e-02 1.602236610528527672e-01
6.161000000000000000e+03 3.515210416134189608e-01 5.840064167054234145e-01 5.656419723781010989e-01 6.167927599098204094e-01 5.865293586179564089e-01 4.294156109696376511e-01 6.731302302204598131e-01 4.476182715106655219e-01 2.194088249217805153e-01 2.703247977722199047e-01
6.561000000000000000e+03 7.813101490243927749e-01 5.965854981884043395e-01 4.989880159659431658e-01 5.273696260148239556e-01 4.452238176189197150e-01 2.998254536609455956e-01 3.262001697520739429e-01 3.703018060164012248e-01 2.873265176428833612e-01 4.194767468991650872e-01
6.572000000000000000e+03 4.829029250592178357e-01 5.080811113113231636e-01 5.354210968615578103e-01 6.202275072332408268e-01 5.446224858426962356e-01 3.952868915339414757e-01 3.512973173443005304e-01 4.612269004174953113e-01 3.376723913215051165e-01 4.025149061091185532e-01
6.660000000000000000e+03 4.205488671344272955e-01 6.067801589719254984e-01 6.484041264418685113e-01 5.692938588002169897e-01 5.698264594991986343e-01 3.389994440583429247e-01 2.802805485146744324e-01 3.885392319285560503e-01 3.451412461979430635e-01 4.295347520392079899e-01
