2.790000000000000000e+03 4.659274847388144569e-01 3.480606968967122627e-01 4.801442739138053195e-01 3.987998730201628983e-01 5.175549929887690581e-01 1.000000000000000000e+00 5.537172161749994714e-01 4.637918152291978235e-01 4.147220850829461125e-01 2.224318154718997742e-01
3.501000000000000000e+03 3.356715266113296514e-01 4.736762045952206956e-01 4.333918029825741813e-01 6.233387116515927140e-01 5.897017449877323125e-01 7.022491010994557081e-01 7.123897595335906274e-01 3.876372487730019301e-01 1.994667053428399728e-01 3.585313152513990298e-01
3.806000000000000000e+03 3.877434889132081453e-01 3.655700904530021500e-01 4.572765167717302015e-01 4.878839102493217617e-01 6.926625900594346463e-01 7.441533895800334086e-01 8.792340194676941945e-01 4.853077039213134491e-01 3.382704269641757522e-01 9.367908331236619868e-02
4.028000000000000000e+03 2.463681941100376305e-01 1.015860483212015219e-01 4.104996460025035487e-01 3.725159478868843577e-01 7.082157856379289740e-01 8.847472437763530539e-01 9.027211434105263388e-01 8.157040903927550435e-01 2.865296943637949401e-01 2.928404058744635829e-01
4.029000000000000000e+03 8.553553431114872818e-02 3.860918458450331991e-01 3.682808363148978303e-01 6.407129480285023160e-01 8.362444617446926909e-01 8.368663656550354712e-01 8.690950764809235451e-01 2.638842202112104407e-01 2.072449466978473487e-01 4.408268425926417100e-01
4.567000000000000000e+03 3.270915529102721986e-01 5.582225653945337429e-01 5.778702799615619279e-01 3.818245540174757813e-01 3.893961007723620860e-01 6.177492498569441270e-01 9.341837079802347565e-01 7.388825663616045425e-01 1.490637420147524761e-01 1.880548822132321052e-01
4.810000000000000000e+03 2.527407087250890250e-01 1.639607965009596269e-01 5.748840329980854369e-01 5.682552863088228268e-01 7.819777618809861108e-01 5.185657546158488618e-01 7.452965661979776835e-01 7.103535636302743539e-01 3.019953444963336953e-01 2.730170310871360972e-01
4.811000000000000000e+03 1.896912617451810001e-01 5.792851322549903426e-01 6.078459292795761471e-01 7.475314701237913972e-01 5.553168867066641257e-01 7.439835974986137579e-01 8.034719782601483784e-01 3.298432747418960642e-01 2.309104403206624356e-01 7.541476212703487891e-02
5.667000000000000000e+03 4.900001471823063337e-01 3.795405163283990801e-01 3.815336248943627662e-01 4.398813117177720056e-01 6.544614008836068253e-01 8.663122916115102434e-01 6.946512932330239920e-01 5.096534668491771169e-01 2.096433661564214290e-01 2.556221497029579903e-01
6.183000000000000000e+03 2.835713348634675834e-01 4.253375479981316709e-01 3.310349953684401103e-01 5.090840989164127084e-01 5.127008389940881372e-01 7.467423713306985400e-01 7.433433564043100406e-01 5.306591337606999526e-01 3.158054115040899723e-01 4.449652694510344841e-01
