2.330000000000000000e+02 4.614396271894283252e-01 4.977345459610018619e-01 5.852679362664667817e-01 5.125173977180722540e-01 4.553177019342141696e-01 4.341329996138016956e-01 4.353497452925932931e-01 4.405519257595743587e-01 3.876759171585265062e-01 4.442558584459228022e-01
2.340000000000000000e+02 5.051276641265023404e-01 5.646055349634573339e-01 5.260497636979681868e-01 4.491287237933079268e-01 4.464382248570274436e-01 4.087115718940371178e-01 4.415832218910875073e-01 3.920227641537227248e-01 3.988348143871955909e-01 4.982875826479467585e-01
2.380000000000000000e+02 4.785140956707595317e-01 4.536922849704621008e-01 4.698737135453545100e-01 4.127512798693384055e-01 4.243444381141827648e-01 4.868312826864832910e-01 4.113098262639785507e-01 4.765673713522788901e-01 5.202387965436285899e-01 5.274148208294867635e-01
2.840000000000000000e+02 4.777040226000162093e-01 3.678692241637601112e-01 3.323217468246885686e-01 4.844403626676448416e-01 4.822737740334747669e-01 5.307123464120169221e-01 5.511636166323691244e-01 4.656561700772646195e-01 4.068030282212731774e-01 6.131132857126041502e-01
2.980000000000000000e+02 7.213239843114384320e-02 3.844340716076528608e-01 3.312731624939704855e-01 3.823747922312232816e-01 5.763371739008784633e-01 7.728644007203734345e-01 6.275924257222650349e-01 4.990122504538413439e-01 5.841095071432736985e-01 6.128421358259947826e-01
2.990000000000000000e+02 3.518741546551274468e-01 2.925507219308241535e-01 3.559027733481648359e-01 5.086126978922002051e-01 7.065338473589692914e-01 5.409179772855963186e-01 4.567015661232057266e-01 5.548249228492456719e-01 5.473225972929758321e-01 4.563963406325610705e-01
3.000000000000000000e+02 2.842579395536034559e-01 3.404711318361303696e-01 5.088896120407846446e-01 6.446276218324713536e-01 5.281795833391391692e-01 4.120056903006798499e-01 5.615391636119461127e-01 5.469573520355685003e-01 3.987251381474342660e-01 5.009020073847028076e-01
3.010000000000000000e+02 3.307318046095939490e-01 4.795586073317519848e-01 6.418410347594637466e-01 4.940320549035758790e-01 4.074156009355474617e-01 5.103947009400630064e-01 5.488171181399752463e-01 3.863197926620183242e-01 4.468549118588985292e-01 4.542201540121682535e-01
3.020000000000000000e+02 4.803758504411138608e-01 6.106627708116166842e-01 5.009560580235024041e-01 4.026168743852869270e-01 5.081985551068419760e-01 5.098782613436647626e-01 3.670681534662436074e-01 4.475125581306530487e-01 4.031598525907473252e-01 4.254010646334837054e-01
4.110000000000000000e+02 2.456251561201377720e-01 2.812717505645912497e-01 4.926937286135087968e-01 4.099744672068929008e-01 4.480726447625361097e-01 5.856302232060315305e-01 6.244663665942621344e-01 5.895188851265912300e-01 5.154228518703979356e-01 5.885204933595931109e-01
4.150000000000000000e+02 3.821116848785828801e-01 4.811436241006062375e-01 4.997961619901603036e-01 4.839971764211206118e-01 4.316314979481611358e-01 4.770478278006865525e-01 5.903757279761009391e-01 4.849896826204532774e-01 4.305028280747059677e-01 4.523473789063999217e-01
4.160000000000000000e+02 4.834053119700128520e-01 4.808217104779266560e-01 4.924755293897069564e-01 4.242601712529067148e-01 4.795014567321660426e-01 5.521380759274546746e-01 4.882429530295575026e-01 4.318108406465485660e-01 4.026161385845167251e-01 4.633159436333403325e-01
4.210000000000000000e+02 5.255422648618479631e-01 4.532352882816891859e-01 4.227433656504915871e-01 3.875181340289189924e-01 4.016829448069831332e-01 4.303597528876972333e-01 4.288609793227721734e-01 5.269000861193801066e-01 5.248808083665537083e-01 5.480811245246016705e-01
4.250000000000000000e+02 3.855701949961256036e-01 4.116958018418870324e-01 3.987045441236866661e-01 4.708488135229439986e-01 4.933458350282446392e-01 4.756425987680059642e-01 6.349182015571794846e-01 5.864395463127732855e-01 4.642243429606789373e-01 4.341362099606148606e-01
4.260000000000000000e+02 4.251936686328130488e-01 3.995582040082643616e-01 4.926088461640751870e-01 4.888632225375366125e-01 4.941796400688565072e-01 6.128551874926139176e-01 6.288365832637162756e-01 4.825587382271803727e-01 3.957868321174168869e-01 3.564908264332783405e-01
4.270000000000000000e+02 4.222121776579980668e-01 4.956840966382470293e-01 5.206005919143809058e-01 4.996287773818728351e-01 6.320845175056736265e-01 6.202622269494668661e-01 5.169094029488789932e-01 4.208993360796157157e-01 3.177889038141293310e-01 3.119517049014121635e-01
5.480000000000000000e+02 4.261294980861231041e-01 3.748209341114737136e-01 5.838633041288459058e-01 4.831957349642700961e-01 6.626993477790836806e-01 4.919031858093947385e-01 5.064476258938214182e-01 5.287182719386044338e-01 2.983702441384536996e-01 3.877238512514691871e-01
6.310000000000000000e+02 5.414236758281136819e-01 4.401791432036296081e-01 4.467711577103480325e-01 3.838836866292050787e-01 4.014193571304497388e-01 4.800338857595990438e-01 4.543009619520579356e-01 4.933121612193571703e-01 5.024166961558074185e-01 5.219592468323802636e-01
6.320000000000000000e+02 4.567683633073504335e-01 4.465709553112897634e-01 4.086875910169459059e-01 4.151190079905943131e-01 5.015493311467740245e-01 4.413264638229149606e-01 5.200507982762623271e-01 5.263549248927009705e-01 4.987842745529957322e-01 4.867371848535581580e-01
6.330000000000000000e+02 4.554800884178451525e-01 4.037031158484583049e-01 4.315516100138402922e-01 4.901262791113626394e-01 4.560699913123788529e-01 4.941453324317118256e-01 5.486700654843350566e-01 5.131199985444141465e-01 4.498760205819585245e-01 4.726421016191685864e-01
6.340000000000000000e+02 4.130211395157099008e-01 4.259581568678246222e-01 5.074919750694035780e-01 4.535033309624926234e-01 5.059064568794363614e-01 5.234926806440205471e-01 5.343318579484365172e-01 4.624214181862320583e-01 4.351011219987147016e-01 4.612771446765870920e-01
6.350000000000000000e+02 4.350075417202298178e-01 4.955352098839399533e-01 4.703131857600845733e-01 4.942759112081474004e-01 5.319492074216899402e-01 5.086791469027596158e-01 4.721386262866046901e-01 4.459176508377392656e-01 4.214288089254759062e-01 4.252780186054735956e-01
6.360000000000000000e+02 5.114630132861418543e-01 4.667501894496235981e-01 5.169985831590852010e-01 5.220402519997083823e-01 5.257034722256317405e-01 4.563498344272302054e-01 4.604076462588131968e-01 4.381510403689464761e-01 3.867852172918915810e-01 3.964670003359133665e-01
7.420000000000000000e+02 5.692079239089310461e-01 5.766381755946159426e-01 5.188589557362097704e-01 4.626424358629651068e-01 4.372712296888210948e-01 3.751508078189271234e-01 4.217344875350678701e-01 4.671194331721499893e-01 3.782459301373384264e-01 4.177524003060075208e-01
7.630000000000000000e+02 4.356829864623967263e-01 4.226421991306095749e-01 4.690392373263665426e-01 5.306767641970155935e-01 6.521744834699541027e-01 5.675824489124478012e-01 4.702315786479994153e-01 3.845820808822783543e-01 3.838171884503969178e-01 4.163138300010806314e-01
7.640000000000000000e+02 4.476049533938692426e-01 4.757334886366433313e-01 5.643353094643294154e-01 6.332802892179394405e-01 5.930277738070782734e-01 4.689827902706367180e-01 4.011334536751253732e-01 4.104031757756235743e-01 3.881215762281763348e-01 3.054435554065207392e-01
7.690000000000000000e+02 5.852334000270326131e-01 5.104339807815346797e-01 5.296555674941799685e-01 5.000322612376710829e-01 3.469490658329122956e-01 4.524856717122381911e-01 3.530875666260992474e-01 4.056912945268363324e-01 4.365603394130238568e-01 4.849752232176415823e-01
7.710000000000000000e+02 5.336161777275804097e-01 5.109114714301407068e-01 3.865463830441754345e-01 4.692967783810342297e-01 3.663613702726865595e-01 3.916847912118852082e-01 4.641611735064970490e-01 4.684499239809152837e-01 5.119146574365788238e-01 5.302947616603747027e-01
7.720000000000000000e+02 5.279243216916892356e-01 3.900620536963355089e-01 4.929679993171884322e-01 3.850706399571914851e-01 4.195497369964593104e-01 4.497530808160513094e-01 4.888204417704654636e-01 5.354948597536931532e-01 5.073670151041722587e-01 4.862581581186616875e-01
7.860000000000000000e+02 5.224313621681170305e-01 5.046731117741308781e-01 4.674255942436758016e-01 4.480335327320593142e-01 4.007020928347698185e-01 3.606639419943291625e-01 4.305790075705970832e-01 4.606060137833615231e-01 4.942874697952115981e-01 5.325952137494297522e-01
9.140000000000000000e+02 4.863638051180433908e-01 5.850849273261636840e-01 5.322980506078889285e-01 4.518496814136743200e-01 4.265720662605513303e-01 4.348964745503670626e-01 5.091785081802366886e-01 4.725430420128931552e-01 4.040430349602482929e-01 3.677518392343710474e-01
9.280000000000000000e+02 5.236092234270200985e-01 4.593110840398530459e-01 4.258107989440321206e-01 4.027751718474822940e-01 4.325955970173823162e-01 4.824237427180486093e-01 5.155032348244417140e-01 5.207297487657036594e-01 4.495561117493018233e-01 4.787547906739146875e-01
9.300000000000000000e+02 4.482841247774687066e-01 4.334227476383368804e-01 4.707511302208258752e-01 5.053915624080050906e-01 5.266052894733983525e-01 5.439536371395424785e-01 4.988107942753272628e-01 4.757332101944520830e-01 3.925994819775331379e-01 4.255446618766431932e-01
9.360000000000000000e+02 5.246292858718073493e-01 5.068641234861076539e-01 4.528406206524786537e-01 4.246624513404551049e-01 4.170417429893145123e-01 4.563968495228880040e-01 4.651003999465144756e-01 5.024801384606776278e-01 4.506742492434630543e-01 4.636462157545615526e-01
9.400000000000000000e+02 4.580671588052034338e-01 4.896649700165900954e-01 4.898625880992203419e-01 5.141381816943420002e-01 4.868233926203550666e-01 4.410710071216976114e-01 4.587313900595423877e-01 4.640377746478230869e-01 4.164001040529860531e-01 4.528659850685639587e-01
1.545000000000000000e+03 3.851968116978697898e-01 4.091903422780612809e-01 3.924200414071478127e-01 3.797345705041698660e-01 5.097748540328560507e-01 6.365632781263518281e-01 7.074906970789420768e-01 5.839848895961650133e-01 4.227230906716540337e-01 3.900365833890466205e-01
1.664000000000000000e+03 3.603347126589174221e-01 4.405776952145737946e-01 5.748722834686115224e-01 5.858447097030415884e-01 3.980998671342692030e-01 3.478750515534935195e-01 6.878270314166738952e-01 5.395714359563671403e-01 3.802302331924192758e-01 4.001955143497554213e-01
1.692000000000000000e+03 4.238039411461702044e-01 3.982817938450111117e-01 4.208655748308142708e-01 3.857950526615480102e-01 5.797530499635226153e-01 5.158224340529391494e-01 4.799866573825330995e-01 4.435297294585455741e-01 5.584339598807422922e-01 5.140760437393340210e-01
1.694000000000000000e+03 4.025211426611606802e-01 3.773902178519447093e-01 5.487092697957048903e-01 4.866517537311841335e-01 4.420428453322913231e-01 3.956385908734779133e-01 5.789577082832613186e-01 4.691495022225848355e-01 4.667860128591223567e-01 5.266326429174646995e-01
1.695000000000000000e+03 3.768988489957821320e-01 5.249623155332429070e-01 4.939804638875004983e-01 4.317787412121303348e-01 4.036233943098583299e-01 5.395702085311235852e-01 4.675730456315557171e-01 4.691318265275970512e-01 4.859684200683087596e-01 4.928469992750891815e-01
1.696000000000000000e+03 5.238749664867697886e-01 4.714650722580155384e-01 4.361891934856910180e-01 3.966691469149028482e-01 5.315103840478334618e-01 4.274890632246253208e-01 4.632482351201752668e-01 4.859680059712340183e-01 4.441685113362134341e-01 4.940817511575986143e-01
1.697000000000000000e+03 4.862041593763778424e-01 4.344309332183928785e-01 4.188950589923864376e-01 5.208498073592193744e-01 4.503269102002255275e-01 4.466489244957179139e-01 5.077030711653803818e-01 4.614480366168122183e-01 4.643195284457757865e-01 4.907145423573471277e-01
1.698000000000000000e+03 4.476752143565708719e-01 4.175975310986782540e-01 5.417497369421601094e-01 4.523652211237791931e-01 4.667838993175293383e-01 4.885640433104015967e-01 4.768315702821442348e-01 4.818832728294202838e-01 4.595217985166626384e-01 4.612372662818973734e-01
1.699000000000000000e+03 4.390752840014264802e-01 5.396792729845768521e-01 4.825940982487013642e-01 4.751992855618489275e-01 5.161878982996629395e-01 4.706162206358572853e-01 5.139103722360396365e-01 4.870159314021879626e-01 4.355328242724757493e-01 3.474562940430413471e-01
1.949000000000000000e+03 4.288472264308116899e-01 4.798647772318672677e-01 3.709932007855146763e-01 3.263891970306769807e-01 4.656654649876709184e-01 7.972201618083869512e-01 5.695458664353728606e-01 3.880895762573836061e-01 3.859566610332383907e-01 5.541117173239503702e-01
1.953000000000000000e+03 4.281134252860430145e-01 6.611603965196249932e-01 4.942511083154681462e-01 3.397691161672180549e-01 3.260971186476447348e-01 4.740984384783047401e-01 4.927870951889064544e-01 4.617800034805654152e-01 4.816997465940493495e-01 4.889635228578860793e-01
2.131000000000000000e+03 5.347503626586044279e-01 6.222402467001659776e-01 5.969152984416549179e-01 4.074579944248125640e-01 4.600914393671045599e-01 4.456669238284928780e-01 3.917502097756688784e-01 3.802593264406481932e-01 4.043481184206580425e-01 3.867024319322304726e-01
2.132000000000000000e+03 6.517697317575723570e-01 5.950255836439585222e-01 4.423901413671116334e-01 4.742406102090833131e-01 4.824091392826415636e-01 3.940791385944393266e-01 3.972231656460479265e-01 4.333800746429374851e-01 3.553756212770183831e-01 3.948525258492198153e-01
2.459000000000000000e+03 5.635968826436205115e-01 5.573511390245927677e-01 3.712768486378482113e-01 3.692510251488390072e-01 3.212473032522855099e-01 4.025991296366628336e-01 4.256386843846724499e-01 5.007190857108071436e-01 5.586675699300651665e-01 5.463366565277250064e-01
2.463000000000000000e+03 3.449160664912547247e-01 4.138725655473039500e-01 4.197004333688736932e-01 4.711255625225696519e-01 5.602654041265490159e-01 5.041691091145443782e-01 5.434678110748084601e-01 5.165849461433655865e-01 4.408539684011078541e-01 5.212927926945745138e-01
2.547000000000000000e+03 3.456443756988609173e-01 3.890497822666492134e-01 3.880285229539462422e-01 3.574398086063135804e-01 6.226213699835383419e-01 5.205799065486034216e-01 5.902995266335399061e-01 6.168757678345022644e-01 5.284825723810294695e-01 4.286540127999616256e-01
2.548000000000000000e+03 3.934112539432009226e-01 3.810877675023721101e-01 3.702904375568734641e-01 5.869777948618795094e-01 5.240149156198956604e-01 5.571751262774975455e-01 6.527780815628111410e-01 5.404054454599269697e-01 3.797005369592297841e-01 3.953074436953405990e-01
2.550000000000000000e+03 4.082803833407890326e-01 6.156466650567573584e-01 5.598593708507777489e-01 5.757310167242593035e-01 6.647134136125923964e-01 5.844623944500875190e-01 4.266259423541825524e-01 3.890982950893864811e-01 2.277017218697902912e-01 2.660807984185052377e-01
2.556000000000000000e+03 5.824576156681515737e-01 5.413194875194486944e-01 4.096185958603714150e-01 3.651189245586253240e-01 4.066941769546967289e-01 5.753764142761461642e-01 5.659107045081716025e-01 4.108116454424186603e-01 3.440550499203172685e-01 4.918600940715374681e-01
2.557000000000000000e+03 5.605545239323738160e-01 4.130501687408793532e-01 3.908986081027510107e-01 4.204339309877968556e-01 5.900397937248165192e-01 5.508167215692643115e-01 4.215687304733906071e-01 3.587126100763932124e-01 4.654587620413181415e-01 5.194210088164639139e-01
2.569000000000000000e+03 3.454485327893961344e-01 3.546137350090495799e-01 2.792622028173272763e-01 5.042012846693602057e-01 5.395584915969707795e-01 5.290277401040814897e-01 5.888596592276640340e-01 6.796365727599628093e-01 5.038954617589312956e-01 4.572538713880690553e-01
2.570000000000000000e+03 3.569112951846181714e-01 2.790982554337670951e-01 5.148538922216733260e-01 5.162755307041611008e-01 5.298087582621504588e-01 5.536569590342078628e-01 7.263725649352255065e-01 5.124335406211585342e-01 4.105764020731498265e-01 4.084771868301205755e-01
2.572000000000000000e+03 5.040091150754193450e-01 5.104405593945613440e-01 5.215099949764570031e-01 5.296395214214264513e-01 6.776414475519845215e-01 4.948041825997104293e-01 4.081931590323702452e-01 3.570667141340979622e-01 3.612158049683137362e-01 3.301085214795305145e-01
2.599000000000000000e+03 5.652559842773335896e-01 5.801358301649857108e-01 5.403592247797202042e-01 3.778565717469534735e-01 4.340913933249155865e-01 4.938173049369982692e-01 4.983899833269528901e-01 3.257175517008237819e-01 3.817596018310311923e-01 4.566185513305843768e-01
2.600000000000000000e+03 5.998082597614909917e-01 5.337681858172919069e-01 4.033400562670406142e-01 4.429844379803214993e-01 5.149838814487628369e-01 4.849720724211669109e-01 3.183455791784184918e-01 3.985854015632293024e-01 4.250215391901736584e-01 5.046499452430519561e-01
2.626000000000000000e+03 5.141617999973814301e-01 4.240411779970803541e-01 3.796616525945643028e-01 4.108897373220445348e-01 2.916274847158951133e-01 4.102160728027255399e-01 4.725093482281993440e-01 6.040580492963660841e-01 6.100548230404286842e-01 5.373255861669320455e-01
2.629000000000000000e+03 4.420497269785078065e-01 3.453902352785402918e-01 4.584146756117704058e-01 4.709433884108746304e-01 6.296063955556634451e-01 6.630645337125182781e-01 5.622640264807235999e-01 4.802689915058047654e-01 3.698113070792283796e-01 3.731073105687451319e-01
2.700000000000000000e+03 5.075850600013367409e-01 6.344639575553147059e-01 4.903202777644981580e-01 3.727573718027162863e-01 3.546772478495808234e-01 5.333533640205135873e-01 3.609961486476143122e-01 4.923463854487534208e-01 4.124280111731206677e-01 4.725955031519641913e-01
2.701000000000000000e+03 6.515593685984341077e-01 4.840438465986823813e-01 3.945741585501280069e-01 3.731739860960758826e-01 5.467228367999574790e-01 3.468338483577547704e-01 5.147429337151623319e-01 4.270958284782789827e-01 4.393193204591702705e-01 4.787866758568684045e-01
2.729000000000000000e+03 5.062811399507817223e-01 4.103016708184440975e-01 3.899637137961712852e-01 3.896622740239679139e-01 5.195929685013251920e-01 5.292151968271148199e-01 5.553306288784558564e-01 6.587082561520035684e-01 3.885311619786314119e-01 4.030881336873233800e-01
2.730000000000000000e+03 4.223420742934546612e-01 3.900668082425370886e-01 4.101697205036778926e-01 5.091671300530909994e-01 5.414058278041240513e-01 5.336404691013604262e-01 7.140745759628815970e-01 4.002390445835914967e-01 3.588044209518044259e-01 4.879958782320613642e-01
2.731000000000000000e+03 3.982233458706299079e-01 4.052723713422481944e-01 5.254644684638168917e-01 5.235044278889671165e-01 5.408731837403638609e-01 6.825316759661599342e-01 3.965989565239547709e-01 3.643592681258144839e-01 4.515380280248413869e-01 4.369872332873409038e-01
2.767000000000000000e+03 3.665696703316697058e-01 5.246024626330477725e-01 5.210555905424966161e-01 2.905364793508032895e-01 4.050880600845977453e-01 3.055092251748963150e-01 6.154500067821119247e-01 5.848296615181868274e-01 3.938077106785649040e-01 6.567328378507775177e-01
2.789000000000000000e+03 4.560737102029935319e-01 4.292522589655280996e-01 3.189208243608124826e-01 4.339065607751407261e-01 3.559102937790232235e-01 4.689916780819192166e-01 1.000000000000000000e+00 4.967956417283927451e-01 4.208881929810938671e-01 4.282383594281557460e-01
2.874000000000000000e+03 6.735549230157160672e-01 4.505027119378153810e-01 4.379081007441030238e-01 5.791732401078700798e-01 4.207346348330818220e-01 4.642023287493799999e-01 4.326329357617722526e-01 2.554231036394987164e-01 5.252840261375283371e-01 3.968359450817926515e-01
2.896000000000000000e+03 4.720725158848644298e-01 3.420827565688401295e-01 3.759482974049860871e-01 4.030263614789159066e-01 5.940103978342909929e-01 6.237205641523647648e-01 6.286870260320662762e-01 5.740620323090307453e-01 4.509075843414255269e-01 3.470484573434274855e-01
2.897000000000000000e+03 3.640029115685738947e-01 3.880021092035809138e-01 4.353125423959122164e-01 5.831139566923746465e-01 6.424454854340163612e-01 6.205521246857451656e-01 6.280328079835643118e-01 4.800090382333304651e-01 3.073645205822083670e-01 3.553714924146503251e-01
2.898000000000000000e+03 3.957446883397925386e-01 4.281444349632388957e-01 5.987260527975100111e-01 6.071576961223399405e-01 6.199739156217468627e-01 5.985776010375004619e-01 4.924207768510432404e-01 3.091512834873278437e-01 3.000640419398892256e-01 3.830059097659631040e-01
2.969000000000000000e+03 4.787363238171739033e-01 5.833860293913232242e-01 5.476551408694942946e-01 3.422055753035793679e-01 4.701588495579229754e-01 5.049160733494333364e-01 5.588231860448686916e-01 4.402000399945230069e-01 3.662281700718038602e-01 4.071603590203992096e-01
2.978000000000000000e+03 1.287307291141992494e-01 1.795014586973081583e-01 4.395524635884793252e-01 5.807830070571359249e-01 5.579394603771983263e-01 7.244976997087706483e-01 7.175457937670149944e-01 4.610293003942892431e-01 5.820675264813860439e-01 4.989119531713374078e-01
2.979000000000000000e+03 1.472784175723223510e-01 3.954783512020031422e-01 5.563685502831565710e-01 4.967940400796503342e-01 6.665552490313997325e-01 6.323901605543460480e-01 4.155884479950965882e-01 5.565241662700186609e-01 4.215854786560742640e-01 4.833930261660270844e-01
2.980000000000000000e+03 3.960962084287836804e-01 5.328505318638386834e-01 5.049530597282514410e-01 6.193341753397130223e-01 6.213615139465771264e-01 3.824402582407080420e-01 5.742560956381874693e-01 4.220285668071394047e-01 4.376760445333707228e-01 2.347366835832346010e-01
2.995000000000000000e+03 2.941590670132542273e-01 4.843056057370275780e-01 5.115343674800983953e-01 5.882990940542036640e-01 3.148295004371058914e-01 6.519541468266251139e-01 5.022133231927214947e-01 4.747725944020509403e-01 5.117140808605800117e-01 3.925624007794685233e-01
2.996000000000000000e+03 4.869994005300933293e-01 4.920426330901913614e-01 5.967353513362871897e-01 3.275399383718485824e-01 6.400820858822550141e-01 4.672504146735543817e-01 4.764559933316319107e-01 5.186636383404019668e-01 3.349888958935623440e-01 3.735072690567456388e-01
2.997000000000000000e+03 4.984059148279645912e-01 5.742801420377612320e-01 3.408174093798156390e-01 6.018146369219437020e-01 4.755633252896941943e-01 4.472477119073562379e-01 5.345812420180608981e-01 3.348437021969702942e-01 3.172349756785595720e-01 5.316846026495642974e-01
2.998000000000000000e+03 5.881590758122253737e-01 3.436680424172273707e-01 6.205442733888830720e-01 4.714845692278780143e-01 4.650692948971490437e-01 5.121508967590997496e-01 3.212951159266914658e-01 3.231718763281680173e-01 5.042107448706193429e-01 4.888749922965742178e-01
3.013000000000000000e+03 4.411664955402516686e-01 4.478729624298136147e-01 4.928831253606372198e-01 3.774393828203559398e-01 3.443875311051238786e-01 4.932841336636653029e-01 5.170483916318467932e-01 4.206153942311699478e-01 5.894737085048377123e-01 5.513249507138402450e-01
3.040000000000000000e+03 7.924591361661560418e-01 4.464785303246353032e-01 3.827222986053025466e-01 3.876735312754307494e-01 5.906046630123223951e-01 4.909465265533198841e-01 4.588545521501465885e-01 3.930474739300886533e-01 2.318265683123958421e-01 4.886411667991018559e-01
3.197000000000000000e+03 6.811149000881953075e-01 5.201438579498441905e-01 3.495230711111136368e-01 4.490963817213106113e-01 4.483929941008699682e-01 2.677157676905006500e-01 4.437833811063970346e-01 5.436464801979833394e-01 4.787315213026812066e-01 4.341160925113456970e-01
3.199000000000000000e+03 4.257823413950932445e-01 5.250961993677358830e-01 5.367869226701338370e-01 3.941588464105150735e-01 5.266287150837593023e-01 6.409848008828982202e-01 6.085010902360745710e-01 4.808451636370962845e-01 2.653649462600388143e-01 3.618203664056341418e-01
3.261000000000000000e+03 3.078044081088811557e-01 4.049665331301930959e-01 4.531593114950469570e-01 3.868794388850817501e-01 4.438619696415163074e-01 5.300174802422815690e-01 5.809280867616894994e-01 5.828900208989212794e-01 4.707511982183503196e-01 5.781824417293947027e-01
3.263000000000000000e+03 4.206289183352690531e-01 3.664311266250109833e-01 4.232742368386732679e-01 4.843402879720399845e-01 5.157362382107294474e-01 5.413295902735284493e-01 4.486956141761653805e-01 5.320112487488519726e-01 3.760533424829727300e-01 5.956403594057851913e-01
3.277000000000000000e+03 3.532759933842118949e-01 4.720697984324668806e-01 3.689527565553680222e-01 4.889757666218728649e-01 3.834282985501412666e-01 5.190637115295617665e-01 6.161163818829213934e-01 5.371102411249052411e-01 4.450644597732757446e-01 5.404475300998036191e-01
3.278000000000000000e+03 4.623720540382879607e-01 3.484032985615140299e-01 4.848485189492463543e-01 3.716379355551368002e-01 5.027500134627638229e-01 5.604087988719888003e-01 5.340313011951909328e-01 4.331875554351282687e-01 4.895755667791929500e-01 5.397499252395639990e-01
3.279000000000000000e+03 3.440895583774294386e-01 4.626290461208096838e-01 3.758968231588954434e-01 4.786319133075121468e-01 5.500516194270094195e-01 4.912877201132632710e-01 4.192745394895320277e-01 4.893159023968092214e-01 4.970797864358722506e-01 5.816631647754770817e-01
3.281000000000000000e+03 3.777045522378093545e-01 4.800140785328193549e-01 5.428661725886233524e-01 4.867385262512799460e-01 4.106456963913648339e-01 4.737661813738847649e-01 5.255888495761062984e-01 5.720670681551707215e-01 5.135991604471146221e-01 3.333181074267755339e-01
3.282000000000000000e+03 4.927527784040781067e-01 5.309797351160830958e-01 5.063781348121618731e-01 4.179654448611448414e-01 4.899680531309215659e-01 5.040959003226967994e-01 6.086422392618741073e-01 5.328072246847829208e-01 2.787639214383433317e-01 3.659652031877446143e-01
3.441000000000000000e+03 3.136685230460481422e-01 3.629450312386893751e-01 4.218418917928870027e-01 4.036468681196583308e-01 5.600760745659275619e-01 5.933842691454419560e-01 6.199958789687933791e-01 4.754240295985453502e-01 4.647949672062642312e-01 5.613696935146123002e-01
3.449000000000000000e+03 3.330319786227111667e-01 3.867409120703009795e-01 6.452925225262982067e-01 6.308773140235363064e-01 5.321761812496712540e-01 6.668270146801693610e-01 4.427076414087489642e-01 4.126256432798053875e-01 2.897218750448563029e-01 3.982432943400290304e-01
3.582000000000000000e+03 2.477244290523274717e-01 4.338945233699301740e-01 2.466244069320047971e-01 3.796093373427449347e-01 5.371936354213944220e-01 6.492560603728927404e-01 6.035776168967003086e-01 5.773257973897177875e-01 4.273581388215853538e-01 6.779052434307427655e-01
3.805000000000000000e+03 3.150127503109123039e-01 3.536619783873043987e-01 3.390314329345385791e-01 4.122308270107545303e-01 4.642263966169152267e-01 6.614098005493649346e-01 7.383699896339194213e-01 7.670443272766174214e-01 4.423515395072927237e-01 3.623869911685336231e-01
3.823000000000000000e+03 3.219044341006669918e-01 2.349538953535704466e-01 3.791096166225076947e-01 3.028040251927355819e-01 6.179029645992477615e-01 6.641744279183560140e-01 6.203072757241613333e-01 5.919679088215427099e-01 4.901070270315837085e-01 6.012320278657001804e-01
3.866000000000000000e+03 3.448133025502850280e-01 4.199404692206473722e-01 5.415602410344736439e-01 5.124874462189832336e-01 3.580959899084871223e-01 5.075361068143446897e-01 5.355545308730342846e-01 5.443289866460195858e-01 4.306456406812994575e-01 5.087101825881700234e-01
3.867000000000000000e+03 4.135206980032202218e-01 5.117920696958013771e-01 5.126085462208974652e-01 3.549357505921693634e-01 4.974794017433549764e-01 4.881806609130823760e-01 5.486875100378881820e-01 4.227523595206991169e-01 4.580920522435896758e-01 4.951040550195706658e-01
3.868000000000000000e+03 5.154517385659325157e-01 4.935427493023821777e-01 3.649152434261518918e-01 4.799705120097181310e-01 4.908415418053808099e-01 5.130048603472897595e-01 4.143848935951409129e-01 4.622321984072205181e-01 4.522903052494291476e-01 4.862472080662087470e-01
3.873000000000000000e+03 4.300331318491307231e-01 3.370189554525158115e-01 3.780779208350860121e-01 3.626821760825830188e-01 3.449990453724371409e-01 5.919084773264136068e-01 6.197289293020915579e-01 5.751647738650752517e-01 4.776209680698971227e-01 6.239861867169005372e-01
4.047000000000000000e+03 6.921216914856314073e-01 5.780924008197740882e-01 3.885091446352789690e-01 1.929161548669834081e-01 3.133262053462115282e-01 5.386190362744800453e-01 3.809462377572151448e-01 5.202377840876130088e-01 3.741749719171972854e-01 6.325968029345319099e-01
4.051000000000000000e+03 3.582261822114939931e-01 5.286192117128332146e-01 4.076597296519056113e-01 5.095813134354884033e-01 3.750117575831243832e-01 6.543299619371787390e-01 4.045813340081203524e-01 7.096766842495353389e-01 3.872121047535332927e-01 3.883079604904712268e-01
4.052000000000000000e+03 5.431714554059242639e-01 4.068967749798314548e-01 5.301817476714020261e-01 3.893456780961697117e-01 6.566359086982713755e-01 3.881144733122481316e-01 7.763661512439159473e-01 3.993996767911200396e-01 3.424951492038130207e-01 3.381574665793791179e-01
4.053000000000000000e+03 4.212399285208376365e-01 5.220856852980895191e-01 4.123646297580958464e-01 6.257818583594042527e-01 4.151812665287735737e-01 7.513678973801620753e-01 4.041184862430058367e-01 3.540373179348761390e-01 2.874661210077746332e-01 5.032600349094293879e-01
4.110000000000000000e+03 2.418931973000813251e-01 1.585629717218464685e-01 2.658279836362745230e-01 3.742302963134142013e-01 5.449018251583469530e-01 5.888555174284865190e-01 8.251232036584879026e-01 4.299594563818000537e-01 7.819909980332057087e-01 6.420008904605801758e-01
4.112000000000000000e+03 2.076162786491108081e-01 3.177328275431141602e-01 4.662452906616515458e-01 4.882269909353965653e-01 6.823478367452657789e-01 3.096397952892876448e-01 7.917911762567151346e-01 5.632303213113916129e-01 4.719853966328408368e-01 5.016540291560837028e-01
4.113000000000000000e+03 2.974941612805712676e-01 4.300943845469546445e-01 4.752908507139937955e-01 6.110150204867728085e-01 3.007232230174068377e-01 7.186757950500123338e-01 5.535127880804767697e-01 4.518966182583584734e-01 4.361587832284930522e-01 4.702084738094644556e-01
4.206000000000000000e+03 1.668362745766103217e-01 8.039616121728074272e-02 1.711824171007009510e-01 4.105820200084336902e-01 6.998721950842480277e-01 8.502228858209627260e-01 9.748181544659580977e-01 5.951368882968844920e-01 5.333325873097966019e-01 5.253438080163727042e-01
4.207000000000000000e+03 3.633805195970630370e-02 1.377198132565526922e-01 3.758685773658699270e-01 6.028389842465106119e-01 7.671893684777032485e-01 8.655271006790112853e-01 5.613919851376198977e-01 4.918162322741349013e-01 4.394342619415301243e-01 6.167033057576436494e-01
4.353000000000000000e+03 1.988493876615698985e-01 4.954278716078728828e-01 7.904036577734468993e-01 3.903748932911346170e-01 3.821111566281088501e-01 4.284867105318231895e-01 6.341685580600809891e-01 5.216040715725169807e-01 2.503040691418513264e-01 6.060049419343198629e-01
4.453000000000000000e+03 5.788720821480101142e-01 4.826125155741373129e-01 5.029071671162448354e-01 3.167202818455089885e-01 3.439195875675092329e-01 4.255875035028814923e-01 5.926425830378166948e-01 5.540315277469550770e-01 5.092390365822346832e-01 3.846966872601437215e-01
4.454000000000000000e+03 4.941756438694950848e-01 4.928256698305679695e-01 3.356707711961689489e-01 3.611446899420449608e-01 4.442732809334979382e-01 5.674000243504367935e-01 5.850759569986212494e-01 5.267014327006420693e-01 3.359367932324704431e-01 5.746180664628867119e-01
4.455000000000000000e+03 5.121097633319678932e-01 3.455113181854720383e-01 3.878871163598610061e-01 4.526806088126159588e-01 5.838928630247998131e-01 5.706783936823184300e-01 5.629805312434235098e-01 3.511332410790304892e-01 5.607961067432541968e-01 4.245734983541250562e-01
4.456000000000000000e+03 3.596401324319464798e-01 3.913057666091284137e-01 4.764086874421818441e-01 5.661577275406115550e-01 5.835671091144705169e-01 5.456121705981791248e-01 3.470139730662409883e-01 5.875600331554138300e-01 3.868971801463155780e-01 4.650677023175923686e-01
4.457000000000000000e+03 4.009730953836384004e-01 4.679881813276358660e-01 5.838492803409000009e-01 5.601945083569344064e-01 5.537706652336726876e-01 3.287618718910425009e-01 6.250935029183372071e-01 3.960478977555193514e-01 4.271055620540793463e-01 3.620299777801282981e-01
4.536000000000000000e+03 4.757461118482215201e-01 5.547336915787680622e-01 5.469443175779061805e-01 3.686838222599174153e-01 3.945636469942969127e-01 5.422465968625342914e-01 4.175461513948449666e-01 4.672376484376600803e-01 4.598204406151624735e-01 4.387066939690609790e-01
4.593000000000000000e+03 1.206484689038415381e-01 3.808542472909903776e-01 3.411887356277273908e-01 5.584071376620562965e-01 4.844414955734387962e-01 5.627466502044833341e-01 8.069731250738036987e-01 4.208898566037100886e-01 5.334511638467203110e-01 6.019899329745027616e-01
4.594000000000000000e+03 3.557526820740201656e-01 3.090473493463929411e-01 5.388100347213057306e-01 4.404825955716605290e-01 5.244884219583431095e-01 7.250439877594426763e-01 3.735165485240826699e-01 5.101684254402228946e-01 5.435740762669383219e-01 4.367289481166571341e-01
4.595000000000000000e+03 3.074087187243452757e-01 5.157778767750647031e-01 4.479733964708794702e-01 5.002859572324878101e-01 7.050443702004811630e-01 3.404805938598510773e-01 5.170405326000765411e-01 5.507692140088589206e-01 3.835999410001879051e-01 4.472322579941545029e-01
4.596000000000000000e+03 5.078231529258596666e-01 4.223986581903034221e-01 4.972378682072183809e-01 6.399715692013175916e-01 3.408107899210973679e-01 4.660022870167595532e-01 5.520593069240379291e-01 3.691301323389724609e-01 3.847665854365995841e-01 4.852416457278404538e-01
4.658000000000000000e+03 1.924903945535723915e-01 3.181730298169042626e-01 3.389749719981006715e-01 5.010934133368748489e-01 5.124116271588017302e-01 6.771544010063307306e-01 6.166459206070068477e-01 5.036064557767072625e-01 5.402826360369943348e-01 6.026560503913462874e-01
4.659000000000000000e+03 3.102061615154423913e-01 3.247636219880269404e-01 5.013246906056638696e-01 4.832268662848114849e-01 6.526980639022635922e-01 5.667740110987408153e-01 4.996211829429076379e-01 5.393792431283033206e-01 5.650192361355955706e-01 3.450505091492185872e-01
4.661000000000000000e+03 4.965160343177472679e-01 4.851499798082439252e-01 6.289120837784066831e-01 5.452255021676821745e-01 4.831406875756197317e-01 5.336790820945502833e-01 6.142730507192134537e-01 2.863791202038482586e-01 2.677580964933732877e-01 3.707243528255527165e-01
4.694000000000000000e+03 2.793159286937594299e-01 3.902822881491504470e-01 4.739487667564578066e-01 4.514817685304853279e-01 4.979795066800283276e-01 5.021745307581897411e-01 6.606182319294693350e-01 5.905858382191750966e-01 3.728076217634951339e-01 5.453843066585685184e-01
4.712000000000000000e+03 5.108995249800014626e-01 6.157273217372630780e-01 3.837003329840124044e-01 4.290657986817772440e-01 3.897047608539271901e-01 4.435722745439326098e-01 6.468377995093340660e-01 3.981643582540256299e-01 4.036189018025328479e-01 4.614845114849261409e-01
4.821000000000000000e+03 2.110300567029125274e-01 3.748218215004757714e-01 3.685995208074333007e-01 4.998728471127197870e-01 6.022135673389140686e-01 5.675995606239190305e-01 6.035250700755642184e-01 4.361100423040584761e-01 4.702303128955557798e-01 6.356232808916187915e-01
4.829000000000000000e+03 2.835173363907974031e-01 4.058978805075333929e-01 4.645097462533578359e-01 4.223706391916180469e-01 6.686583274415310862e-01 7.975549951473500654e-01 6.265591531550740445e-01 3.565918959987660619e-01 3.781909346416733042e-01 4.338398112171853449e-01
4.926000000000000000e+03 3.302459592137400590e-01 3.456939574423675277e-01 3.312635065086147468e-01 2.730636161913671534e-01 4.909711614541443225e-01 5.755182445434651184e-01 8.982859871348345404e-01 6.629779762484462324e-01 5.588949738701488590e-01 4.052168657233929383e-01
4.934000000000000000e+03 7.770526004109800100e-01 5.832833236366732343e-01 2.291432849946561101e-01 3.743449899048192919e-01 5.621804575393428705e-01 5.842179875923108057e-01 4.279857713665156660e-01 4.616162544983633542e-01 3.378328621117367980e-01 3.490458611277902912e-01
4.935000000000000000e+03 6.446561261728326331e-01 2.856690092650610580e-01 4.434430519966342521e-01 5.939339230005364900e-01 6.511669005906783880e-01 4.743306748608969170e-01 5.422506870939365342e-01 4.007486711922699230e-01 3.482662358397340396e-01 3.482732583681816818e-01
4.948000000000000000e+03 3.790696013876842518e-01 4.309821495256866419e-01 4.364439270470520937e-01 3.669321566967640447e-01 5.194910877402204585e-01 5.317169599004636371e-01 5.081787286760531819e-01 5.331873211209715580e-01 4.630905719706187029e-01 5.539749922814790617e-01
4.949000000000000000e+03 4.213471301173545847e-01 4.113903818518479527e-01 3.641802901690067706e-01 4.854155097310300371e-01 5.152176120644634816e-01 4.569023518523449012e-01 5.303095173815836061e-01 4.531798650115920202e-01 5.057451962126550127e-01 5.588992597951369934e-01
5.018000000000000000e+03 8.543911621318836525e-02 4.028232448454556192e-01 3.176704561385614856e-01 2.941811130091250837e-01 7.670379539975273886e-01 9.608892023512947134e-01 7.669343566017056135e-01 2.102244411128041945e-01 5.775909974469174424e-01 5.453894209016301176e-01
5.298000000000000000e+03 4.789190421810182730e-01 4.920903312712200939e-01 4.966313059054894286e-01 4.936966581322336234e-01 6.213670389636020142e-01 5.148417396789934930e-01 4.704539032994751735e-01 3.656185626903069030e-01 3.469743968090006625e-01 4.214207365512182557e-01
5.299000000000000000e+03 5.191816412109152568e-01 5.021250143003220812e-01 5.283638469422440309e-01 6.085436747075697594e-01 5.457738094785070659e-01 4.704049001821960507e-01 3.794296336441493334e-01 3.721568771549027543e-01 3.949079653771572773e-01 3.403794200180845775e-01
5.316000000000000000e+03 4.715007182026235144e-01 5.283616019934549435e-01 5.292644648712375721e-01 4.965230720530758313e-01 5.046199184828712436e-01 6.043712359302242376e-01 5.646827369594530355e-01 1.982219948974984214e-01 2.553479527047601838e-01 5.404085390121323718e-01
5.655000000000000000e+03 4.337883993442840369e-01 2.947329723879464902e-01 4.299296499829576290e-01 4.131198709801880975e-01 5.485569086697619223e-01 6.021304726369060001e-01 4.521030834499053519e-01 4.625866317291266738e-01 4.070167689607105399e-01 6.737395349168674441e-01
5.659000000000000000e+03 4.798950944926357876e-01 5.123581225743569778e-01 3.948659413204000379e-01 3.926506461634964307e-01 3.340570276497674684e-01 6.255381946949020167e-01 4.220074593382862060e-01 4.618416997143800495e-01 5.688931156184582338e-01 4.892085187616111996e-01
5.660000000000000000e+03 5.231048548850520952e-01 3.916314628560865763e-01 4.099330144894413608e-01 3.515410727052781792e-01 6.257083200496367237e-01 4.001071714833224768e-01 4.717753269509420422e-01 5.886201589559237890e-01 4.535035889952073185e-01 4.889699845664427502e-01
5.661000000000000000e+03 3.975066073815959888e-01 4.027815847993375109e-01 3.659766698014068620e-01 5.911407398003367675e-01 4.156107884758632465e-01 4.443765794793561597e-01 6.208074891323916988e-01 4.623864593929505884e-01 4.500383610813229462e-01 5.566436204208905503e-01
5.666000000000000000e+03 3.706847852316015879e-01 4.658474919421087268e-01 3.668144431858601506e-01 3.491164330034994268e-01 4.220650451050864116e-01 6.368358957451658586e-01 8.819015593838288591e-01 6.291477140775914023e-01 4.787321675159695866e-01 2.613543401837026270e-01
5.686000000000000000e+03 2.928258610356700431e-01 4.466390584996797197e-01 3.845137553358877747e-01 4.756706128455125970e-01 5.165543578889096876e-01 5.861876631612132904e-01 6.133949252290936682e-01 6.703791980252176153e-01 3.841932473988524110e-01 4.192623063713140086e-01
5.687000000000000000e+03 4.523140108434265949e-01 3.781884927291606635e-01 4.884257261854005883e-01 4.991397187385568923e-01 5.845438418834866257e-01 5.800637431055161164e-01 7.179224914205061259e-01 3.872853960797748574e-01 3.694069763119366967e-01 3.402093521443856905e-01
5.688000000000000000e+03 4.042907641137663544e-01 4.956132218330329686e-01 5.349699195634847193e-01 5.790507837339039510e-01 6.070110487305888647e-01 7.122099509479207224e-01 4.072269000319325150e-01 3.973791401102357845e-01 3.035122741350139153e-01 3.044077890377888118e-01
5.771000000000000000e+03 3.930755801237756364e-01 3.282547381855429047e-01 3.177540008770060043e-01 4.898621735563406521e-01 5.562281181663341068e-01 5.400711360907541891e-01 5.256600524149195319e-01 5.136705849124727497e-01 5.183313874508587160e-01 5.610547328050365934e-01
5.773000000000000000e+03 3.148604646288788445e-01 4.821824304477555501e-01 5.391145385590808692e-01 5.150004201278918226e-01 4.944021098107245216e-01 4.906270670282227297e-01 5.408714107122406523e-01 5.371128896105084038e-01 4.195958215655897217e-01 3.951146292372003099e-01
5.774000000000000000e+03 4.887122570652238651e-01 5.213472159217185098e-01 5.278793256143560209e-01 4.809956600842136276e-01 4.973905647805574870e-01 5.101435380681016429e-01 5.573437503424302220e-01 4.252744004437204461e-01 3.422055718968715077e-01 3.595333238163551659e-01
5.909000000000000000e+03 5.224490725031412097e-01 5.384732567331261821e-01 4.854498334743835297e-01 4.060454396644296304e-01 3.856630846726407102e-01 4.055150221716917192e-01 5.077388532198023885e-01 5.299793520217509490e-01 4.365657122872312890e-01 4.416605602187897439e-01
5.911000000000000000e+03 5.180441085397805567e-01 4.497503981681780783e-01 4.461712601132053480e-01 4.611693745846309755e-01 5.371701101309004356e-01 5.739272163311840425e-01 5.016956154221651198e-01 4.468849504925346272e-01 3.839603199079134055e-01 4.043266625871287934e-01
6.160000000000000000e+03 3.096962693219653673e-01 3.380137824320575413e-01 5.967313682281129017e-01 5.427321588109157435e-01 6.453625342906720297e-01 5.746103452733281047e-01 4.439043775113741264e-01 6.215188092977518286e-01 4.299568193684692452e-01 2.780754886308366425e-01
6.166000000000000000e+03 5.101072950807881146e-01 6.504650374856545403e-01 5.133534148619919302e-01 2.894731381002516035e-01 2.420263356829973345e-01 6.244434134299832184e-01 5.566975800236017013e-01 5.039717752759540481e-01 3.566227490182127813e-01 4.379432997890001511e-01
6.184000000000000000e+03 4.209837500995208814e-01 3.193157515143755787e-01 5.113439492970730527e-01 4.855413739682966634e-01 7.188788460099423405e-01 6.922111876212082571e-01 5.350774893899064022e-01 3.030093400323859432e-01 3.878038777519909885e-01 4.173038926740196275e-01
6.263000000000000000e+03 2.588858073292251150e-01 4.309311605619858265e-01 3.876940955933956268e-01 5.218574555544038818e-01 5.555316363334815710e-01 6.853058019618080143e-01 6.355025498070764334e-01 6.319372617015235338e-01 3.403729996821143189e-01 3.782663402732650559e-01
6.264000000000000000e+03 4.252638302037506923e-01 3.702722209767773665e-01 5.225538740657605929e-01 5.196298513948052200e-01 6.608445893724442799e-01 5.857835917714114826e-01 6.552540456445173911e-01 3.274648528653429369e-01 3.103512468857422268e-01 4.055451766077413089e-01
6.269000000000000000e+03 6.276475492553342805e-01 6.436761638470310798e-01 4.118587908618790427e-01 3.819756340810090967e-01 4.255198671704789604e-01 4.818701998947396148e-01 3.965670048687788274e-01 3.619754098608208293e-01 3.900455151540694332e-01 4.940583563872874562e-01
6.270000000000000000e+03 6.695019715238166302e-01 4.197446226248989221e-01 4.126977964948797539e-01 4.411370432535661745e-01 5.104187996371016833e-01 3.931213182920843541e-01 3.693068726891496900e-01 4.133252885647266672e-01 4.732732935692558485e-01 5.220766340882900813e-01
6.431000000000000000e+03 4.826435743092200026e-01 4.326591426748894187e-01 4.343187191703375416e-01 5.126591943939574625e-01 4.899309322477509721e-01 4.968516144927924705e-01 3.628476946526422164e-01 4.391813962247024805e-01 4.753035046108274320e-01 5.310710289161213460e-01
6.433000000000000000e+03 4.317482012223440857e-01 5.104880982171452475e-01 4.921198784323591591e-01 4.900448315459626780e-01 3.594514908995298796e-01 4.138453580356150074e-01 4.963319774788887973e-01 5.097046278924315388e-01 4.834157755447496263e-01 4.728674669430376620e-01
6.434000000000000000e+03 5.156599320426392685e-01 4.761140222961414148e-01 5.010797813507552600e-01 3.668114734949655675e-01 4.247561706628286693e-01 4.644174048274363753e-01 5.215965086403646644e-01 4.910065523131996734e-01 4.286924429359878497e-01 4.906095619251392148e-01
6.435000000000000000e+03 4.899262156989820371e-01 4.934590430720950938e-01 3.880731812388425461e-01 4.309217284291094185e-01 4.828675740349879786e-01 5.018251842426814102e-01 5.123354811018865362e-01 4.437652633639632138e-01 4.592319337434013771e-01 4.915542009142830349e-01
6.444000000000000000e+03 2.443603748296393763e-01 4.274357878092827634e-01 5.570934758091516947e-01 5.471141623253593655e-01 5.294304144937592715e-01 5.796584406030962366e-01 4.669269309860007433e-01 4.707273687549593522e-01 4.893254900166875143e-01 4.274331993466510826e-01
6.465000000000000000e+03 2.912886591531305691e-01 2.989439608130193826e-01 3.627239302631480311e-01 6.043911652795759260e-01 4.497350117961695926e-01 5.446520957346551173e-01 6.385318970998216104e-01 4.838889903373173040e-01 5.505446988219808713e-01 5.410753718698820824e-01
6.466000000000000000e+03 2.715302630226182345e-01 3.277723033104031347e-01 5.832525189707888913e-01 4.104434487745858839e-01 5.064617941197883111e-01 5.605324754381698638e-01 4.477463426892873133e-01 5.269164042254351754e-01 4.730681827081575364e-01 6.143992946567159441e-01
6.568000000000000000e+03 3.836193060596196913e-01 3.083442070274074465e-01 3.868059629317136539e-01 4.450935513250495190e-01 4.887845844770188908e-01 5.263113327853826684e-01 5.720489403641302317e-01 6.588115555859954675e-01 5.363339158225784997e-01 4.620403843383668052e-01
6.569000000000000000e+03 3.133455577211741727e-01 3.819168916308192663e-01 4.597218087468849523e-01 4.778034319602718072e-01 5.318467499840372481e-01 5.423120138085171238e-01 7.063630131890783481e-01 5.511736604927943706e-01 4.199627417842464183e-01 4.148439587271168238e-01
6.634000000000000000e+03 4.298606732992164003e-01 3.437652760717250788e-01 3.735432199473345261e-01 4.148506220384191034e-01 6.022012465819508442e-01 6.067405909592294977e-01 6.181381887968774302e-01 4.539272933432180746e-01 4.317574578624652215e-01 5.068869854103464911e-01
6.657000000000000000e+03 3.557436568696960566e-01 3.129780720349145673e-01 3.754116306637215739e-01 4.233104328759034751e-01 6.755407135840248989e-01 7.074530801254056422e-01 6.539817716739158016e-01 5.884252902695936704e-01 3.875223307921683569e-01 3.774588501184641953e-01
6.658000000000000000e+03 3.122322930104444727e-01 3.656276388393930321e-01 4.317672447656604739e-01 6.267843965906020332e-01 6.900379895393196072e-01 6.133881472944409108e-01 6.127453712340374947e-01 3.857680010876999854e-01 3.170758511211874686e-01 4.397740517747178446e-01
6.659000000000000000e+03 3.654133850289896790e-01 4.173775958406660269e-01 6.340046644535490827e-01 6.384827023364780807e-01 6.035184496598972048e-01 5.729705003730580781e-01 3.675821889630452866e-01 3.104355152920842964e-01 3.876371189024481745e-01 3.999349481293096864e-01
