2.356000000000000000e+03 9.108157621858252728e-01 7.135852695329812923e-01 3.480351973865951076e-01 3.264768411916986190e-01 3.564669980823115814e-01 2.306074697427981379e-01 2.961165385206638301e-01 3.062921066633114142e-01 3.047042866657493354e-01 6.748432746713612929e-01
2.950000000000000000e+03 6.244949585900918532e-01 5.342554514076495176e-01 5.396948354975064088e-01 3.314750201104866845e-01 2.643512165340467512e-01 1.835700178040312880e-01 3.669122756979804056e-01 3.665050443578354300e-01 5.509269600074965245e-01 7.437070859821806046e-01
4.036000000000000000e+03 5.404474126565722569e-01 4.789660232830031950e-01 6.736062920052074965e-01 2.616580305518634852e-01 1.948323289353108279e-01 2.586381597968923085e-02 5.326492219015823704e-01 4.811978980786446036e-01 5.009144931288649349e-01 8.227658988473643964e-01
4.354000000000000000e+03 4.360198062908494654e-01 6.871976469731426729e-01 3.339080732361351389e-01 3.174867093063463153e-01 3.559072683185571240e-01 5.072836211379381233e-01 4.428626588354400151e-01 1.672841159134033084e-01 5.074672325787367155e-01 8.320326473244836762e-01
4.355000000000000000e+03 6.492692276483944536e-01 2.859036817134624764e-01 2.816495468241383415e-01 3.159170823110222792e-01 4.520908886848286623e-01 3.493606028283927079e-01 4.400713304016179439e-02 4.623046566951035663e-01 7.853880891520478302e-01 8.957741229436145813e-01
4.543000000000000000e+03 5.851870834752251893e-01 5.777765531903952256e-01 5.352619957790948346e-01 3.036129103945728325e-01 2.813197609223052620e-01 5.120105275552819940e-02 3.783402266948374115e-01 3.493470115533157117e-01 5.436153990671864777e-01 8.614546226027243181e-01
4.799000000000000000e+03 7.563535191887799103e-01 3.979945274398762889e-01 5.327448808173449457e-01 3.143511366995842549e-01 3.153687897824134501e-01 4.346425167237348841e-01 4.589149381165152919e-01 2.775248665073143939e-01 4.656135892520097963e-01 6.423203901961116458e-01
5.013000000000000000e+03 1.000000000000000000e+00 5.217052638552593935e-01 0.000000000000000000e+00 7.061902190973402826e-02 4.880667421976100373e-01 1.048838603261550428e-01 5.945518470319415272e-01 4.618480988641759377e-01 4.435577585904939002e-01 8.709603067088167450e-01
6.232000000000000000e+03 4.994370579612735228e-01 5.057805370016331681e-01 5.700337845110721169e-01 4.115883043758429838e-01 6.626756557180339957e-01 5.434412955488574504e-01 2.561926939280417814e-01 2.501535687336596259e-01 1.280477094588309828e-01 7.769768810925888891e-01
6.233000000000000000e+03 4.801847507103144119e-01 5.178275828388099189e-01 3.905240592276508771e-01 5.859349517907237459e-01 5.039334446409061696e-01 1.893495557016768027e-01 1.645594389564075943e-01 7.711773630799367840e-02 7.397427289824747287e-01 8.282920191159487411e-01
