2.720000000000000000e+02 6.064043542389713215e-01 4.627295823236188266e-01 6.865205077186261606e-01 5.311302678507738850e-01 6.206492143814442697e-01 1.543211989906927151e-01 1.873928909947601973e-01 4.032067555998936070e-01 4.774314012795902173e-01 4.167950062034648240e-01
4.140000000000000000e+02 3.575481164446051019e-01 3.829266305280382698e-01 5.017270875763429894e-01 4.929388937882609456e-01 5.053833836319083783e-01 4.268246852104600197e-01 5.150264987609322054e-01 5.713652987517262583e-01 4.821624171383457336e-01 4.783107729077000769e-01
6.290000000000000000e+02 5.926554279472281417e-01 5.401635301567159209e-01 5.306640133434049611e-01 4.160229545932790929e-01 4.108311371591724104e-01 3.309546507042701591e-01 3.827330492669411832e-01 4.729057212856936920e-01 4.212429027563499573e-01 4.987289948257980221e-01
7.700000000000000000e+02 5.271121928175248605e-01 5.221249619415275767e-01 5.232584118647086724e-01 3.685663339490423129e-01 4.748446439313882550e-01 3.415599011390748063e-01 4.124901920486567231e-01 4.548506802213627132e-01 4.553582420603837222e-01 5.399213862190870294e-01
1.950000000000000000e+03 4.787356274522814314e-01 3.585212884297694913e-01 3.320025924341672430e-01 4.489657422667082676e-01 7.681433894566318532e-01 5.272148921496747631e-01 3.664020217502849119e-01 3.804126588693487743e-01 5.146479418495132352e-01 5.390995842717036801e-01
1.952000000000000000e+03 3.199679901844087460e-01 4.363281410130445681e-01 7.055381185184816939e-01 4.962439174958762633e-01 3.424678486379311715e-01 3.230401023437945995e-01 5.239960560457124217e-01 5.004734070980737526e-01 4.696706127677635068e-01 5.315020132519030494e-01
2.019000000000000000e+03 4.736405800930947319e-01 9.264975394227882299e-01 6.937828923809075121e-01 5.319426127102223623e-01 2.272608760084381674e-01 2.141854694905967749e-01 1.650013206399165155e-01 3.666625056758990309e-01 4.118576267942231639e-01 4.386859729999649793e-01
2.020000000000000000e+03 9.714601790523718083e-01 6.942144067338417157e-01 5.767525616493028862e-01 2.902699137068783242e-01 2.821713185653724754e-01 1.870567738194219010e-01 3.944342812633326867e-01 4.527323393568136178e-01 4.253099317408499669e-01 2.503384476007802784e-01
2.554000000000000000e+03 7.096118604788044237e-01 6.366782777206450028e-01 5.225227929836480101e-01 4.738952937829131185e-01 3.044738900846792329e-01 2.392467811452965165e-01 3.192062857765679551e-01 4.961075059144629540e-01 4.534539656449578238e-01 3.833336116575957186e-01
2.601000000000000000e+03 5.362230383379145149e-01 3.910474580685952550e-01 4.509367455276273584e-01 4.928598691791801212e-01 4.859034762494869875e-01 2.876478423602331636e-01 3.829631788217562893e-01 4.251894833234568516e-01 4.614055024063645205e-01 6.831163295545660263e-01
2.623000000000000000e+03 6.887838572754435562e-01 6.189638281438204492e-01 4.285432793065915291e-01 4.979413366611571412e-01 4.062662627128714177e-01 3.197423836752298354e-01 4.049241746941604214e-01 3.004783908643851031e-01 4.180624626711786362e-01 4.854468141749989640e-01
2.624000000000000000e+03 6.409939921859522105e-01 4.319422651461234941e-01 5.248200614873651526e-01 4.215794490881694667e-01 3.575680185720445103e-01 3.966106590035367585e-01 2.901991614932780128e-01 4.392289111948897151e-01 4.597356288868673091e-01 6.115517640178930181e-01
2.764000000000000000e+03 2.828262477907801387e-01 4.611842401687442083e-01 5.049060249592879357e-01 4.019470621624380291e-01 6.124206422830866803e-01 5.877091959621399964e-01 3.250144732056174379e-01 4.755348040388102659e-01 3.989084188595853342e-01 6.408332231724931383e-01
2.881000000000000000e+03 5.583165722203652370e-01 7.875864963426324472e-01 6.521450671503925545e-01 5.413597754026016062e-01 1.460521775934938704e-01 2.198642158946130243e-01 1.568911160045623754e-01 3.419050914657889018e-01 4.375937372022955518e-01 5.859371421983162742e-01
2.971000000000000000e+03 5.341644077294042114e-01 3.495609355129609686e-01 4.713946463305150325e-01 4.918168876649101073e-01 5.281245335110648087e-01 4.093291024908746190e-01 3.502466033758179220e-01 3.546856843654901392e-01 4.132264649681406388e-01 7.134139601788023199e-01
3.196000000000000000e+03 4.782387099953649967e-01 6.617371743315461075e-01 5.274487372921917716e-01 3.256710219595210232e-01 4.436123653809271317e-01 4.235318129750479943e-01 2.768698409323880338e-01 4.315070732423790245e-01 5.198664432006170344e-01 5.054265668782452758e-01
3.497000000000000000e+03 5.082978380567424459e-01 6.082296643315789897e-01 5.675782062009565587e-01 3.493892462532281473e-01 1.967733885317994036e-01 3.635429064532170740e-01 3.164430860138651158e-01 5.641051083179297043e-01 4.840049455281669188e-01 5.972476904732050285e-01
3.558000000000000000e+03 2.604622462954538364e-01 3.946127948016425746e-01 3.745518728132691266e-01 5.657743769158418701e-01 7.422691625742963151e-01 5.004718312747044040e-01 1.728415037832076728e-01 5.928965727310525624e-01 4.606752893739219923e-01 6.134887067774805747e-01
3.559000000000000000e+03 3.706266736583747057e-01 3.407149432213638085e-01 5.471219882485927055e-01 6.554340195138536052e-01 4.687968767608674536e-01 1.131658909031319077e-01 5.821257597543293416e-01 4.340117817927142130e-01 5.576856649209899208e-01 5.656329660317976904e-01
3.856000000000000000e+03 2.765792268925861275e-01 4.876909207297564497e-01 4.717788047004155549e-01 5.571884693919832987e-01 5.536817541090855999e-01 5.634219175757356757e-01 3.673462885710445103e-01 3.848827580490469247e-01 4.346957020914056224e-01 5.845386585023610859e-01
3.857000000000000000e+03 4.668683975042635104e-01 4.321744912944590067e-01 5.405493194635958565e-01 5.008947423866824122e-01 5.286614167947812915e-01 3.037971377086888802e-01 3.340884173945512514e-01 4.086130604474657591e-01 5.268690488963817531e-01 5.651989142637033892e-01
3.865000000000000000e+03 3.497502196656742668e-01 3.532574258165478986e-01 4.431429776462869063e-01 5.426435774672587753e-01 5.489623699449095451e-01 3.565343132710077079e-01 5.569776313935761447e-01 5.346328603383768696e-01 5.461130526330394419e-01 4.855573940539883449e-01
4.002000000000000000e+03 4.192549590632526080e-01 3.506318764674299371e-01 4.636263538867009260e-01 6.187624366279209642e-01 7.186577436726595547e-01 3.434391314882260793e-01 2.612018124043892775e-01 4.905800092969024861e-01 5.689782285416492558e-01 4.275650411395734429e-01
4.045000000000000000e+03 8.143202607626363054e-01 7.824486836832874603e-01 6.272699477240397670e-01 5.023533300617971653e-01 2.657995431597421354e-01 0.000000000000000000e+00 1.995907482353837803e-01 4.523060577423723694e-01 2.986471492283629958e-01 4.627874042600493287e-01
4.054000000000000000e+03 5.260482924738222321e-01 4.010400234655054907e-01 6.347555966962385998e-01 4.116761269670580203e-01 7.319219263065779302e-01 3.731080893430929746e-01 3.316018624162326844e-01 2.808573974427250319e-01 4.617249717294384936e-01 4.926483004945905186e-01
4.352000000000000000e+03 3.910917674338111327e-01 2.157032131984228662e-01 5.317280210305986854e-01 7.997409268449594544e-01 4.101880159069203891e-01 3.917262087024644956e-01 4.845876493842296573e-01 6.240965007738317194e-01 5.319679527769395344e-01 3.332468748502641631e-01
4.521000000000000000e+03 5.354578973998923574e-01 6.561012952361523487e-01 5.941672413201226632e-01 3.797326612955814751e-01 3.186170551470886569e-01 2.822618053383875170e-01 3.146937227573100015e-01 5.555286662082793425e-01 4.270903240641731879e-01 4.918816455968775814e-01
4.542000000000000000e+03 5.745844197406404508e-01 6.047661363718562777e-01 6.301217126640750177e-01 5.523465288612579016e-01 3.165546820895555058e-01 2.933062102537412064e-01 1.067944930842703588e-01 4.221299716760416598e-01 3.793814767915154595e-01 5.997205717043850859e-01
4.663000000000000000e+03 6.412135229918748403e-01 5.664794435291649055e-01 5.144753683421896540e-01 5.462819078184405486e-01 6.165760297331978057e-01 2.713244341712598984e-01 2.670022547714334671e-01 3.465145943310016241e-01 4.125715873126461486e-01 3.941911769176858482e-01
4.664000000000000000e+03 5.864009110545945758e-01 5.102998752455255582e-01 5.717656079214676890e-01 5.954331159282669761e-01 3.117054951161307152e-01 2.611740294498829940e-01 3.441833770483271882e-01 4.319839201569735110e-01 3.544158632810409659e-01 5.750948290161237431e-01
4.688000000000000000e+03 7.863531025483850856e-01 6.614775386624995868e-01 7.089436072969949043e-01 3.305416362252343032e-01 1.637779276168594422e-01 3.638476426561397525e-02 2.645414977247021460e-01 4.340215439558566812e-01 5.091122582207925351e-01 5.330004184218748442e-01
4.709000000000000000e+03 3.080297172918765591e-01 4.268970212594077607e-01 3.770505525092161525e-01 5.234751919931102115e-01 6.915356831744832178e-01 3.627756400490257938e-01 4.686068750221019097e-01 4.241661210202393173e-01 4.752577715408124459e-01 6.314370817001457858e-01
4.710000000000000000e+03 4.221360680043722557e-01 3.613926956790357581e-01 5.252034624425989673e-01 6.337081428508348768e-01 3.670493918634505914e-01 4.255318420853834160e-01 4.059279267446668227e-01 4.720464227929356826e-01 5.994689740581877757e-01 4.451757670518094456e-01
4.763000000000000000e+03 4.066555964463598460e-01 3.571471784736010568e-01 4.966427903986915249e-01 4.462203900452028638e-01 5.243260863443969244e-01 4.413776418110066935e-01 5.140066676274197555e-01 5.631486795092790487e-01 5.326648614075603083e-01 4.419627606126996788e-01
4.798000000000000000e+03 7.450329539718878458e-01 7.295269124221701595e-01 3.889189543968713525e-01 5.029146553777447126e-01 2.739642962521380842e-01 2.698477385638429205e-01 4.401161091371111334e-01 4.367014269208657207e-01 2.631912691595785780e-01 4.878632966454212183e-01
4.830000000000000000e+03 3.941242931074478983e-01 4.355713346577366196e-01 4.174639307528070775e-01 6.074377599872011757e-01 7.560158256593242365e-01 5.690138273810885217e-01 3.147437515269240205e-01 3.608443876561613362e-01 3.671508080215909464e-01 4.807097519342262149e-01
4.939000000000000000e+03 6.212355536038707271e-01 4.832169597161051766e-01 5.260709684601708735e-01 4.026368325987376151e-01 3.450654181914612484e-01 2.501839245082992935e-01 4.029238911883249452e-01 3.792526747644586749e-01 5.499435618059703712e-01 6.019458619251966125e-01
5.012000000000000000e+03 7.043205007367971948e-01 1.000000000000000000e+00 5.550517351570132263e-01 0.000000000000000000e+00 1.917477019039652564e-02 5.008662505221335159e-01 1.433706260551252387e-01 5.854439366759607299e-01 4.703164983733670312e-01 4.984777090209642214e-01
5.317000000000000000e+03 5.309561493984965574e-01 5.076211276618306512e-01 5.044831042104525043e-01 4.844849585784989920e-01 5.954740576633374971e-01 5.266311205245541860e-01 1.413717093614438591e-01 2.449592682654977704e-01 5.023615561115016837e-01 5.550216658199470521e-01
5.680000000000000000e+03 5.895201915158755357e-01 4.562904987347124464e-01 4.844504643275748812e-01 3.662758988859565745e-01 2.914531532997464147e-01 3.897067988234467761e-01 3.632768182235835974e-01 5.692128817051816947e-01 4.762374913699063961e-01 6.103308549828980745e-01
5.772000000000000000e+03 3.289808194333442293e-01 3.135539847021664994e-01 4.993486871397976867e-01 5.289044869721774011e-01 5.384354786838084772e-01 4.907970100020951354e-01 5.242789344321890921e-01 5.264121036274463927e-01 5.274492822679103243e-01 4.654898098469630874e-01
5.908000000000000000e+03 7.177155357087453558e-01 4.804230511228578804e-01 5.197684339974145695e-01 4.345786490819821823e-01 3.590468707248927194e-01 3.192352885796384543e-01 3.818842989546449851e-01 4.536157714036350153e-01 4.780262270444384232e-01 4.430931995483985975e-01
6.148000000000000000e+03 6.754194886480552329e-01 3.502826516214078700e-01 2.642824035909179248e-01 3.347144842267510412e-01 6.435685090463653113e-01 5.391791143535543673e-01 2.572658683620084874e-01 4.566009912871527021e-01 5.217493089016363994e-01 6.145404484540463175e-01
6.149000000000000000e+03 3.789016498227246732e-01 2.910399318949106195e-01 3.741438644650504908e-01 6.315311892922791381e-01 5.734580728954766782e-01 2.692043580705051342e-01 4.955086047140819794e-01 5.634538149329646473e-01 6.198791388617440612e-01 4.970455133841968354e-01
6.164000000000000000e+03 6.243634481254932700e-01 5.610923286371528595e-01 4.617278455855803876e-01 6.078285428437015803e-01 4.480363358350354375e-01 1.609250644157991794e-01 1.557434991555803339e-01 5.556620006044658000e-01 4.630240287157550982e-01 4.744289111180672314e-01
6.177000000000000000e+03 3.924379995654803110e-01 4.163591743390511191e-01 6.547751943632810212e-01 4.489695604595561051e-01 5.389754671047314316e-01 3.741283575411868401e-01 3.027551552687344771e-01 5.036794238362325427e-01 3.825171310317517226e-01 6.087492647910562882e-01
6.178000000000000000e+03 4.055421898120906699e-01 6.119977092577895128e-01 4.447712791213576655e-01 5.005728200738676081e-01 3.698804529308437061e-01 2.567089024360725280e-01 4.933205413189096777e-01 3.663943120448888702e-01 5.669483079403300207e-01 5.805448755708894071e-01
6.186000000000000000e+03 4.760091549075661788e-01 4.578748355572900275e-01 6.515140527567180317e-01 6.084825926566703735e-01 4.761888910846562850e-01 2.155193849960073960e-01 3.434823833765699996e-01 3.384589391923592538e-01 5.277284374668125277e-01 4.815919207416294312e-01
6.187000000000000000e+03 4.633281170073377253e-01 6.245714914613577085e-01 6.202666137293337822e-01 4.651280149055246338e-01 2.446555474464889302e-01 3.178934313803778444e-01 3.164382601335666290e-01 5.395414214769261863e-01 4.399175516967557820e-01 5.239127915125829649e-01
6.432000000000000000e+03 4.390756915594432597e-01 4.251811400931760909e-01 5.263093054882951316e-01 4.780395116234267272e-01 5.040076181540308342e-01 3.385914267728087346e-01 4.400876123139684237e-01 4.854136653569490756e-01 4.978160084944326935e-01 5.181514982619822574e-01
6.562000000000000000e+03 6.391831650703924117e-01 5.175594196569279770e-01 5.763381362421987619e-01 4.761394791272526850e-01 3.657081560249564878e-01 3.490621058527220710e-01 4.044177331701578892e-01 3.244832579589229105e-01 4.077253402474762534e-01 5.191821112378063319e-01
6.563000000000000000e+03 5.379616117259490293e-01 5.688594400624605862e-01 5.032602588217035544e-01 3.879858179846486510e-01 3.846533079140756484e-01 3.963522068852645686e-01 3.194620994962667493e-01 4.284157117465562936e-01 4.983757869430970322e-01 5.612630081608410704e-01
6.666000000000000000e+03 4.875078835831528346e-01 5.482072422062959083e-01 5.299345429830771836e-01 5.519188216615422693e-01 3.912086395842475084e-01 3.569339464301370390e-01 3.507409644825863482e-01 4.215764366691252540e-01 3.847566280799343819e-01 5.623894585400823765e-01
