2.605000000000000000e+03 3.628403150054952397e-01 2.260842590060990476e-01 2.718708025444314114e-01 2.866331625516549964e-01 3.080755727342909811e-01 5.415033911207393080e-01 5.855697257590821714e-01 6.356919924333599425e-01 7.941748121683567252e-01 7.288751022330813845e-01
2.953000000000000000e+03 3.158013223564905547e-01 2.736840321507362783e-01 2.314248924059579271e-01 3.373726944548637308e-01 3.078934050578728820e-01 5.155106976116002881e-01 7.877333730279413304e-01 6.232852724239826836e-01 7.707170621251597797e-01 6.295020430102766795e-01
2.975000000000000000e+03 3.620724453777736662e-01 2.780352348726566891e-01 2.129622245919648993e-01 1.891634175597211032e-01 2.111381241986604596e-01 5.367260050641293745e-01 7.789910728874108736e-01 6.676123390127438606e-01 7.828755195114098786e-01 7.515250536968125505e-01
3.189000000000000000e+03 3.517471762642383482e-01 2.720981185623975729e-01 2.197828749584626595e-01 3.353408347540370871e-01 4.649138736347587231e-01 5.194080802867907520e-01 5.395074042642963308e-01 5.996514995273811710e-01 8.023101032665040933e-01 6.461498179090154892e-01
4.020000000000000000e+03 3.277186226529159585e-01 1.430420927937553766e-01 2.140810787334406773e-01 2.652544277185530652e-01 3.385705664004985405e-01 6.746416448349794592e-01 8.409651154784394400e-01 5.716575158790105915e-01 8.159721783554291230e-01 6.621419617788411038e-01
4.037000000000000000e+03 4.629922117705006501e-01 6.232834959539925723e-01 2.520415714215353820e-01 2.082715888059528953e-01 4.377304678777485525e-02 4.706515489749326653e-01 4.573597897801501833e-01 4.848956768911746873e-01 8.032712777085333489e-01 7.800067159077511691e-01
4.062000000000000000e+03 2.913134516923193695e-01 2.807224432020025140e-01 1.800599309996822328e-01 3.916090317564668855e-01 3.992315253585897450e-01 2.664079765652806464e-01 6.820510581370010650e-01 6.275441379889651339e-01 8.484098012023190138e-01 7.495042367083520896e-01
4.064000000000000000e+03 7.587762384753611589e-02 2.820716996460728709e-01 2.903388106886172215e-01 1.882298865463236937e-01 4.876269810008792560e-01 4.650987339839824930e-01 7.984186196590840057e-01 6.284501455601028130e-01 6.036850863542182477e-01 9.726914423278801847e-01
4.109000000000000000e+03 2.768584489009112137e-01 2.742845133279773751e-01 1.841124725919202065e-01 2.898764126362248228e-01 4.121203091046322098e-01 5.933993473342611402e-01 6.747147847452494851e-01 8.028699152114313620e-01 4.645133206522213398e-01 8.178309883883364551e-01
4.356000000000000000e+03 2.770787900305760054e-01 2.714805141153865398e-01 3.166839556118776766e-01 4.327194983740736411e-01 3.524032383375020339e-01 1.179088328746622123e-02 4.492668946166002986e-01 7.995394204557101370e-01 8.980481362627691366e-01 7.968314106605161040e-01
4.357000000000000000e+03 2.281107407059974890e-01 2.699536166601337883e-01 3.958997695660516070e-01 3.129166417965955627e-01 0.000000000000000000e+00 3.554171016926034876e-01 8.046941999652474919e-01 8.763036332893222591e-01 7.453505733218348528e-01 7.409145005200454825e-01
4.544000000000000000e+03 5.533483356164964340e-01 4.859223134357021356e-01 2.834169015476936671e-01 2.697035323985455535e-01 5.459623399327523385e-02 3.076504876440795955e-01 2.842839026906748279e-01 5.184190935572122738e-01 8.358651573145162716e-01 9.110043494729125335e-01
4.545000000000000000e+03 4.635619457751810613e-01 2.569804412808379124e-01 2.532460173175672402e-01 8.508876001440773829e-02 2.930670750025839433e-01 2.213716579058328526e-01 4.928395165889381535e-01 8.327594544740865024e-01 8.960373995694793647e-01 8.500698486038101853e-01
4.546000000000000000e+03 2.200124654733390528e-01 2.180153502492641893e-01 5.787335329828198482e-02 2.708238230176504002e-01 1.996607430984504161e-01 4.068899297120404657e-01 8.545894125204618330e-01 8.824378131620191912e-01 8.134925461235091859e-01 8.641454377331287962e-01
4.590000000000000000e+03 3.571115323424037258e-01 2.348639650414162672e-01 1.723812680228297700e-01 1.975201923839454698e-01 4.968174849764959156e-01 4.289561059541071031e-01 7.723926781860162016e-01 6.182530766761421548e-01 6.707368681180225778e-01 8.295540084694739136e-01
5.014000000000000000e+03 5.326584054076933805e-01 2.658485402346495718e-02 8.913869667769538929e-02 4.797333887410847320e-01 1.489263906380019764e-01 5.674584349479386836e-01 4.718520212126383617e-01 4.552556571200321867e-01 8.883654297623991836e-01 1.000000000000000000e+00
5.015000000000000000e+03 0.000000000000000000e+00 8.014965009495700343e-02 4.645657104849390540e-01 1.659315918252647626e-01 5.335568495971340086e-01 4.061774154194382480e-01 4.202538430995194085e-01 8.915169972057862546e-01 1.000000000000000000e+00 8.081134103597942264e-01
6.195000000000000000e+03 3.367637516200945869e-01 3.751306275173222904e-01 2.101771619156046766e-01 2.350222788188205125e-01 2.626443815412680682e-01 2.665843690111266429e-01 5.799367241079280699e-01 8.752528954028199193e-01 7.955275231673103464e-01 7.434883781274440606e-01
6.196000000000000000e+03 3.515859068959559242e-01 1.898295768459210553e-01 2.192068881965574534e-01 2.581739506504650006e-01 2.560696928829377383e-01 5.078443378935082464e-01 9.234554429491520500e-01 7.904279984731719111e-01 7.061985820651316414e-01 6.340308048517125927e-01
