2.850000000000000000e+02 3.604549774275804253e-01 3.183965357179791567e-01 4.845091639144121221e-01 4.579369834373473447e-01 5.184488226695822544e-01 5.030437586405751560e-01 4.534949911078525742e-01 3.971899147165055544e-01 5.766547874814614838e-01 6.272056331629690673e-01
2.860000000000000000e+02 2.930790747234164328e-01 4.418763848252324489e-01 4.397027907922373968e-01 4.694315928149691008e-01 4.708323340213035890e-01 3.842130840651028501e-01 3.459389700070475415e-01 5.568580620469404385e-01 5.729911121849642353e-01 6.658704299982788344e-01
2.870000000000000000e+02 4.209688129883281671e-01 4.031571170508452262e-01 4.539466732786955339e-01 4.327483052106523842e-01 3.656756059494621902e-01 2.838979811698514877e-01 5.421976758949149655e-01 5.561662877591471155e-01 6.199352589541959890e-01 5.762500567639526894e-01
2.880000000000000000e+02 3.871673311204533730e-01 4.217017961307649165e-01 4.233326924208437037e-01 3.513090291122827336e-01 2.810237621021197674e-01 4.814586832712860476e-01 5.493710674886849166e-01 6.126836815144138804e-01 5.243379998608932446e-01 6.528639043261472708e-01
2.890000000000000000e+02 4.097576106682920272e-01 3.971567460471980837e-01 3.463446952855824268e-01 2.850071441642066938e-01 4.664635889971107119e-01 4.937203929289896709e-01 6.230393522079883395e-01 5.156670370871802023e-01 6.157327226582245405e-01 5.861364344977787466e-01
2.900000000000000000e+02 3.561079139596015630e-01 2.979570603389874450e-01 2.500671587199664314e-01 4.081931011630593464e-01 4.405121769183609204e-01 5.242144174698117887e-01 4.641266210302991690e-01 5.778388469424915463e-01 5.071402145122863026e-01 8.645816969575810251e-01
4.040000000000000000e+02 5.509944336864140979e-01 5.210821473813015414e-01 2.870995834616392739e-01 2.725256950488351149e-01 4.416261910373814326e-01 3.578811757371153091e-01 5.091081705612716668e-01 4.599896399217587861e-01 4.966591622820460961e-01 7.322511966560387719e-01
4.050000000000000000e+02 5.206194591208143096e-01 2.810278861114984816e-01 2.783912094986694119e-01 4.289876362280577449e-01 3.661407387926315371e-01 4.686794350861582248e-01 4.532009508077907700e-01 4.981580450432067098e-01 7.173691142191129799e-01 6.590613828821804132e-01
4.060000000000000000e+02 2.714448965203555830e-01 2.678011791837078270e-01 4.284608060056268042e-01 3.605620625292456083e-01 4.606547189445722723e-01 4.070401359764871385e-01 4.915277341306703573e-01 7.263803175400554979e-01 6.279898773866011696e-01 6.766141209150948743e-01
4.090000000000000000e+02 2.484844017013712603e-01 3.300768143283641098e-01 2.995441786092428726e-01 3.274316662530420974e-01 5.684527204208325024e-01 4.762944984335538146e-01 5.501616011292234099e-01 6.589229933854561239e-01 6.436123166451248601e-01 6.571961427948631584e-01
4.100000000000000000e+02 3.029073431336670730e-01 2.693260055099457873e-01 3.078702007087411041e-01 5.087342429563048718e-01 4.437751943093711793e-01 4.748149019835681828e-01 6.583457885525412223e-01 6.254739412182257485e-01 6.047352495488236279e-01 5.741834011216548905e-01
4.220000000000000000e+02 4.521695307065610736e-01 4.068075941665165174e-01 3.933711307680734515e-01 3.963000615953164441e-01 4.330838949803095805e-01 3.916275865164322578e-01 5.346747129336438809e-01 5.287578976837541411e-01 5.083399230700056393e-01 6.297485364935934138e-01
4.230000000000000000e+02 3.996806341360473747e-01 3.744544625548328343e-01 3.964601387945750344e-01 4.167144946100784231e-01 3.908119737638671709e-01 4.866209675036878846e-01 5.291671875297910832e-01 5.047521630032079099e-01 5.952090872126587495e-01 6.050076295220182532e-01
4.240000000000000000e+02 3.723223374391487761e-01 3.827246527880227012e-01 4.226492614414976146e-01 3.874776665725867542e-01 4.848266869138680435e-01 4.890766353371496789e-01 5.082316221969792602e-01 6.038037327946046418e-01 5.733517526188663949e-01 5.042933015844552891e-01
1.544000000000000000e+03 4.248681267934396599e-01 3.718173841709080940e-01 4.085087875608212626e-01 3.697136213273637395e-01 3.614987368707899273e-01 4.918555180886339251e-01 6.585220947558004800e-01 6.508193753725800557e-01 5.588173966827773009e-01 4.572103204561585588e-01
1.954000000000000000e+03 6.532041111221021934e-01 4.629443573406331058e-01 3.352164554214152048e-01 3.227979627603497215e-01 4.601603710419150950e-01 4.394190138654103239e-01 4.415040480138142098e-01 4.707518599919224278e-01 4.297402484290295255e-01 6.233907753931154927e-01
1.956000000000000000e+03 3.309997496646821524e-01 3.281860089918199885e-01 4.592776535991726639e-01 4.380974052825888920e-01 4.194144299915091856e-01 4.400332402121533426e-01 4.266651193865553249e-01 6.122928981810270566e-01 6.180996211190176171e-01 6.129884800852229976e-01
1.957000000000000000e+03 3.101597286730767289e-01 4.257110553557174049e-01 4.276676032077706413e-01 3.949466840703249604e-01 4.225493731056116919e-01 3.683751842432307910e-01 6.156966126462932731e-01 6.096122354180517622e-01 5.650478938951832841e-01 5.727911325750422167e-01
2.358000000000000000e+03 4.184795467968782101e-01 4.057306813207666174e-01 4.538800245414730261e-01 3.594515121833034010e-01 3.872344004674696527e-01 3.531931266047719231e-01 3.749473055431291613e-01 7.670767783460463729e-01 4.535262507776705032e-01 6.647887906644922573e-01
2.361000000000000000e+03 2.999212274481581897e-01 3.261438604585647494e-01 3.150178567254880990e-01 2.983594737147898801e-01 6.808197296117076691e-01 3.351688661915054879e-01 6.104927783443849787e-01 6.169114537535775877e-01 7.491354111485849510e-01 5.368815716712203034e-01
2.567000000000000000e+03 1.970602140126634649e-01 2.171888739698101811e-01 4.091135815946484455e-01 4.103289810571161822e-01 3.130568291586004470e-01 6.044008782922687395e-01 6.576634925537917509e-01 6.135991070073065767e-01 6.188423616282797690e-01 7.346201222486732352e-01
2.568000000000000000e+03 1.841656587012484303e-01 3.660984064678772243e-01 3.856254922920260841e-01 2.922309135622388476e-01 5.551489745996888159e-01 5.725979813280784869e-01 5.973945611047060122e-01 5.939191023293707294e-01 6.876931420292746733e-01 5.623828504976914333e-01
2.606000000000000000e+03 1.984930815390635317e-01 2.448443240515756347e-01 2.684562340619655041e-01 2.938235762291108166e-01 5.047073409485007822e-01 5.105526812557257266e-01 6.319165936993667021e-01 7.866114994615718281e-01 6.873712550732934412e-01 6.768507798962281052e-01
2.625000000000000000e+03 4.425824991985320422e-01 5.130305194122559698e-01 4.400918193100440967e-01 3.724396536361525567e-01 4.176570305193036958e-01 2.740654227557646760e-01 4.462730950193353197e-01 4.739285764228557962e-01 5.942799655800476977e-01 6.362317173982338092e-01
2.682000000000000000e+03 2.745613065180911305e-01 4.162150513561150844e-01 3.640550081289003481e-01 3.211404635258633955e-01 3.904143976280703976e-01 3.913680474499116602e-01 6.738622111860963493e-01 6.723930374487478989e-01 6.882270796123928225e-01 5.532184268355222478e-01
2.719000000000000000e+03 4.455615222193488045e-01 3.609523525241885022e-01 4.412825116710663576e-01 3.705510578790523479e-01 3.416849819474846450e-01 4.342663908180874888e-01 5.535609676929394984e-01 5.803141660013761971e-01 5.409290311450754007e-01 6.177362941410642350e-01
2.720000000000000000e+03 3.430280619507578010e-01 4.087259220352273958e-01 3.600980493672931160e-01 3.299942507464945773e-01 4.167806281262214085e-01 4.906033048446993838e-01 5.765736624453314807e-01 5.271638242247832506e-01 5.700034163736098503e-01 6.886603023240353005e-01
2.721000000000000000e+03 3.927768647698635651e-01 3.350596713585908271e-01 3.211152558972285576e-01 3.937005961953327082e-01 4.699057513550213283e-01 5.146605774589215754e-01 5.143378492001094981e-01 5.595840781512820827e-01 6.520687148734810590e-01 5.767503652699685901e-01
2.728000000000000000e+03 4.074739151019221017e-01 4.941854572292039838e-01 4.133085336691387224e-01 3.708540034033616650e-01 3.777638705266707642e-01 5.073490754389695656e-01 5.527758582867000614e-01 5.290128012321926310e-01 6.328520110269222343e-01 4.305403934323200343e-01
2.788000000000000000e+03 4.172706605852638528e-01 4.465386437922346796e-01 4.356565155073490736e-01 3.014026661362712023e-01 4.331728319290159002e-01 3.310845539187255993e-01 4.931968900848237025e-01 8.991616908000997777e-01 4.827417729207027497e-01 4.606672593105825553e-01
2.808000000000000000e+03 4.611962932028045303e-01 6.404683056163581467e-01 4.705864077799821743e-01 5.434480962305007212e-01 1.563847016089167652e-01 3.216968875858001176e-01 3.486126002435268600e-01 4.841560720273573315e-01 4.966933524936520405e-01 6.153514160715318759e-01
2.883000000000000000e+03 6.845410781285445889e-01 5.838561361589436061e-01 2.566602192866209164e-01 3.290660675809717328e-01 2.364838499371658131e-01 3.658911620548028210e-01 5.163520391968280387e-01 6.333960607523094755e-01 4.084722480927688304e-01 5.954663015798660197e-01
2.894000000000000000e+03 6.312956429100972100e-01 4.291630524995131424e-01 4.371940797963789205e-01 2.899734229855296386e-01 3.017802935565865874e-01 3.300795162247882053e-01 5.722886554915451729e-01 5.729594444505069495e-01 5.355949143410608793e-01 5.467605642329891324e-01
2.895000000000000000e+03 4.569905734239950168e-01 4.489532792296815344e-01 3.271129461811064787e-01 3.442871451636250191e-01 3.787487400408180438e-01 5.719314916459000697e-01 6.330229154705159234e-01 5.754886028818968491e-01 5.399922940905284019e-01 4.736594394121138030e-01
2.951000000000000000e+03 5.423392202003470830e-01 5.225582867854444702e-01 3.458038913809372006e-01 2.903615817491551065e-01 2.171172872879173488e-01 3.424884677054541582e-01 3.522572310049083555e-01 5.658601478394645889e-01 7.399112620600346579e-01 6.578811002669222585e-01
2.952000000000000000e+03 5.073696701273378018e-01 3.209581682887913123e-01 2.807241551883968289e-01 2.269192704832139473e-01 3.333298489350121074e-01 2.963114628244607474e-01 5.596363299786284440e-01 7.389533203144019735e-01 6.160154875111073514e-01 7.806483264626613572e-01
2.976000000000000000e+03 2.639830056595904306e-01 2.030560238362350278e-01 1.851556410169135081e-01 2.270454302272053304e-01 5.171030710393170748e-01 7.160852094851990479e-01 6.894148539847145818e-01 7.905247554743723981e-01 7.280127868563475158e-01 5.607585290385098675e-01
3.029000000000000000e+03 3.279825723472600818e-01 3.641992453922271444e-01 3.226977034497102159e-01 2.994452041859124725e-01 5.950413254908646365e-01 5.339249220673762952e-01 4.674924533210991218e-01 5.796734535163818869e-01 6.490922530034860527e-01 6.051937570663916688e-01
3.031000000000000000e+03 3.033669536408384326e-01 2.910935729405103034e-01 5.537547378395266673e-01 4.928129373211775910e-01 4.218696587302296908e-01 5.448153423335940770e-01 6.849576594967746734e-01 5.708662862614196642e-01 5.226121521254311064e-01 4.056055139963082312e-01
3.187000000000000000e+03 4.670451640380713920e-01 4.690179429796809685e-01 4.072583025539660007e-01 3.116927029030575613e-01 2.306469923527803001e-01 3.702723855076152648e-01 5.613501974286203566e-01 5.955463952201451860e-01 5.710616200872672410e-01 6.601708332985944949e-01
3.188000000000000000e+03 4.405030697004490015e-01 3.654056984552252474e-01 2.887543953729071466e-01 2.249717672942909974e-01 3.427211512128032211e-01 4.809770080207417253e-01 5.771674254086021083e-01 5.444690609208406862e-01 6.043469374819440132e-01 8.178261489080138613e-01
3.219000000000000000e+03 4.059814121379208274e-01 3.405228153625740051e-01 4.254776945544230804e-01 3.320038727513449639e-01 3.333053176989747568e-01 4.623077280576939896e-01 5.094686675343670368e-01 6.848605443613366983e-01 6.842422120470067481e-01 5.321141799908679637e-01
3.220000000000000000e+03 3.240747779347680213e-01 3.959042402072604494e-01 3.236668229064861291e-01 3.249400962238451762e-01 4.447169280690425053e-01 4.504676229096598594e-01 7.052586030308782838e-01 6.815906833516180985e-01 4.747117899879212399e-01 6.338748283763349090e-01
3.439000000000000000e+03 2.448742769294563193e-01 2.927670275305699343e-01 3.681410095389754389e-01 4.123748018381150349e-01 4.774854741161220217e-01 4.624348605569486570e-01 6.712196526215766790e-01 6.608132928322034694e-01 6.356431699651595713e-01 5.586999995418446829e-01
3.444000000000000000e+03 3.088585061837000878e-01 4.257654848966883621e-01 4.615027838005201222e-01 4.434111107947805164e-01 3.285124031488245722e-01 3.038002543870134131e-01 4.130181672770150691e-01 7.016892141778552361e-01 6.772165913738917853e-01 5.794866352510703589e-01
3.445000000000000000e+03 3.987233269389635626e-01 4.174491981067194879e-01 4.217954775615322394e-01 3.083517269678681116e-01 2.846733588834541862e-01 3.405081198147236199e-01 7.080692561429000609e-01 6.596544927388056090e-01 5.150824022804006974e-01 6.442897861325733722e-01
3.446000000000000000e+03 4.203808385131217462e-01 4.104283224499413185e-01 3.193925608416505191e-01 3.038743715848368221e-01 3.567180154785251633e-01 6.686065333802183597e-01 7.016510132377652420e-01 5.238521217886263903e-01 6.230489510373685702e-01 4.644196103108279572e-01
3.478000000000000000e+03 4.394277498850960306e-01 4.049822190778913367e-01 6.360014244754944590e-01 4.301973314660401670e-01 3.367586796681094063e-01 4.318752079770686314e-01 2.829104766068396559e-01 5.276828474566717109e-01 5.985679601860897092e-01 5.273381009395854413e-01
3.498000000000000000e+03 6.138383822709507776e-01 5.447001593702939237e-01 3.597769010578948379e-01 2.302952827140750669e-01 3.772210848587313481e-01 2.884729569344838263e-01 5.856015474638323060e-01 4.902386077622576388e-01 5.689779611410279436e-01 5.761642036655342247e-01
3.499000000000000000e+03 5.834975135299287352e-01 3.858310838083157668e-01 2.767510126469560072e-01 4.164749305786809019e-01 3.517547933992730136e-01 5.972385842895291397e-01 5.456487731629475757e-01 6.216701125899337654e-01 5.834706775947891000e-01 3.786975297272183738e-01
3.509000000000000000e+03 3.935219345876117547e-01 4.780497045263606415e-01 4.173529965579297896e-01 2.763604092552441327e-01 3.405565657543168645e-01 3.969095112716914953e-01 5.927916968257329611e-01 5.818922275673060751e-01 6.073132708584974004e-01 6.015887449554798705e-01
3.510000000000000000e+03 4.677421567958764959e-01 3.923977623712527896e-01 2.726129340597662765e-01 3.352802461628742181e-01 3.901528766646668589e-01 5.368419847118236499e-01 5.870311185671310827e-01 6.047866031599727910e-01 5.583103491754520808e-01 5.854834805925472896e-01
3.511000000000000000e+03 3.605951821739478147e-01 2.391234244211593307e-01 3.098234709628040484e-01 3.549020331093740155e-01 4.919219476886419473e-01 5.026422304222150084e-01 5.850310234072937376e-01 5.282378265823785002e-01 5.170029331876909717e-01 8.383629135158148227e-01
3.554000000000000000e+03 2.261655176312398485e-01 0.000000000000000000e+00 3.274292776671021699e-01 5.396397424956328459e-01 3.604488047042511689e-01 5.382786096590846947e-01 5.321946673763018332e-01 7.481491083618224680e-01 8.521867587028784108e-01 6.596254105512733279e-01
3.560000000000000000e+03 3.198838975858630529e-01 5.037780710206393175e-01 6.404978920240841367e-01 4.327236608064287116e-01 1.199982334127039363e-01 5.145286012014056443e-01 3.963823807799952137e-01 5.417914142316176962e-01 5.078053634530561578e-01 6.384896643905296765e-01
3.561000000000000000e+03 4.910995252620741769e-01 5.956393040553822349e-01 4.252213103325256927e-01 1.491847402873914818e-01 4.941503298326330729e-01 3.428829856918437780e-01 5.346557969203308280e-01 4.957199518865573751e-01 5.971368749230668849e-01 5.376581612765790608e-01
3.564000000000000000e+03 1.447801370225416662e-01 4.484113707105192859e-01 3.510948160611522817e-01 4.599962335689699033e-01 4.449830323238332386e-01 5.717599028048114818e-01 4.856818017961985756e-01 4.525522372980285146e-01 6.804734509907276463e-01 6.801909048060712504e-01
3.566000000000000000e+03 2.788184353132374116e-01 3.878368044762570133e-01 3.747637446615433299e-01 4.660389460725917199e-01 3.716447382664527788e-01 3.239236678932880253e-01 6.493578703071255509e-01 5.988333689151436046e-01 5.791898900903610370e-01 6.687606884824677245e-01
3.567000000000000000e+03 3.695454071364366877e-01 3.465986163299517031e-01 4.542153354948503807e-01 3.540516580607770969e-01 3.149514572397658085e-01 5.821958706986350984e-01 5.977779498143662718e-01 5.668780511141853218e-01 6.271193238221127730e-01 5.318782735969430631e-01
3.568000000000000000e+03 3.348443836231480009e-01 4.269862029066165410e-01 3.504951222607438632e-01 3.146145465010564690e-01 5.603115146585615491e-01 5.424740771462220890e-01 5.697514794609517264e-01 6.265279989405395655e-01 4.796842106054935440e-01 5.568758060108306429e-01
3.584000000000000000e+03 2.003611680193181366e-01 3.332987143154192977e-01 4.715198441298148468e-01 5.457391363824070085e-01 5.008231952416157817e-01 4.966314559374414572e-01 3.539994818776170393e-01 6.197294591109360207e-01 4.987055179319271336e-01 6.716929506324182952e-01
3.585000000000000000e+03 2.908872760895824805e-01 4.127009000034875807e-01 5.082261765505524664e-01 4.360869380394998274e-01 4.424688894870195122e-01 2.636547422162844323e-01 5.885627524873485727e-01 4.531033875690577695e-01 6.035815205421140028e-01 6.643125272873856568e-01
3.586000000000000000e+03 3.746967195190703537e-01 4.498541979181712169e-01 4.030254107365764948e-01 3.913527909585192699e-01 2.342676205806417111e-01 4.949480631380772100e-01 3.929617389490476231e-01 5.684076955712165091e-01 5.990826801785194000e-01 7.227921836657920096e-01
3.587000000000000000e+03 4.341773814799875786e-01 3.743364504894473033e-01 3.817637413260829282e-01 2.417839199133059724e-01 4.734362814976898481e-01 3.365213346148664408e-01 5.635711481797686107e-01 5.900640363218362383e-01 6.904748872979732388e-01 6.108704042901299536e-01
3.588000000000000000e+03 3.876679100999761429e-01 3.843618596458719949e-01 2.648146703470318220e-01 4.728089366085680978e-01 3.673371929148571691e-01 5.443402797929268733e-01 6.339225164897729359e-01 7.240801190720622671e-01 5.977035366265661676e-01 4.000138793427785444e-01
3.802000000000000000e+03 3.214086804161048194e-01 4.460183352129789003e-01 4.043092793232233029e-01 3.418035013291653157e-01 3.825234431364328835e-01 3.404760907822225180e-01 4.838401176354088506e-01 5.253939845876715031e-01 6.803758997105302520e-01 7.205080400047064737e-01
3.803000000000000000e+03 4.094544374585906144e-01 3.551138342526609093e-01 3.104991552750039352e-01 3.427287153649118956e-01 3.056414963821300068e-01 3.952046869016714314e-01 4.814327174564475564e-01 6.510708857991048815e-01 6.639976863748927594e-01 7.437835957158213107e-01
3.804000000000000000e+03 3.565887977625970540e-01 3.071523002850667927e-01 3.531672124348753106e-01 3.208521461586258394e-01 4.062308477567398990e-01 4.483781433594997701e-01 6.906490748917265554e-01 6.817687282460468401e-01 7.358154991181738991e-01 4.788253232778019730e-01
3.821000000000000000e+03 2.937928867667000121e-01 2.577271012135368133e-01 3.835315346169032580e-01 2.793180144627240846e-01 4.336704330223146719e-01 3.381298101271163481e-01 7.458142704956799429e-01 7.291370420332274893e-01 6.429894278715431177e-01 6.615348886742434820e-01
3.822000000000000000e+03 2.359511578559533029e-01 3.531362029943522218e-01 2.669145220300596089e-01 4.038554847892441568e-01 3.259083990844000578e-01 6.732518903020920931e-01 7.525361975192542685e-01 6.327220693377417771e-01 6.170967238468005878e-01 5.606801349031912407e-01
3.870000000000000000e+03 3.397471054463206963e-01 4.538027286108483604e-01 4.641153319052297999e-01 4.734263227280510189e-01 3.706667911668636295e-01 4.030165119204469071e-01 4.277345710767647691e-01 4.230970010889648636e-01 6.332805127337692852e-01 6.469728903264986286e-01
3.871000000000000000e+03 4.343937278776838773e-01 4.269781433241764401e-01 4.593298852049231829e-01 3.510168017144186803e-01 3.845533576810309939e-01 3.648629192391061871e-01 3.828909594999720389e-01 6.217979542559843864e-01 5.999734166209277353e-01 6.102530946282563873e-01
3.872000000000000000e+03 4.264878812321480916e-01 4.415895189936304699e-01 3.580916451865858163e-01 3.831232076678918741e-01 3.744280650138600008e-01 3.484926428505723539e-01 6.506932449604871938e-01 6.098365739275296571e-01 5.802275407969534893e-01 5.313164679753340502e-01
3.874000000000000000e+03 3.267142364829286882e-01 3.582754416722797597e-01 3.607839566215061411e-01 3.412855694591880318e-01 5.712795918347145507e-01 5.660008432661481903e-01 5.820964230645778725e-01 4.695680763304612704e-01 5.862607144376088542e-01 6.019551876894281284e-01
3.879000000000000000e+03 3.869964808532854184e-01 3.711205105691514072e-01 2.993652374268834238e-01 4.027651832540670718e-01 3.907319466975259226e-01 3.297723597643451021e-01 6.018112784989337882e-01 6.804236237033010060e-01 5.944201976630737461e-01 6.402581198180237188e-01
3.880000000000000000e+03 3.681545408360307192e-01 2.922634408130257988e-01 4.079304132690446671e-01 3.865756380968030093e-01 3.402953854021521507e-01 5.583376446498717893e-01 7.191461219748552791e-01 6.020148357862455946e-01 6.125733506509772885e-01 4.988056535636474775e-01
4.048000000000000000e+03 6.162266231063908695e-01 4.111929502751322518e-01 2.380832568594668519e-01 3.618318759800108753e-01 5.796817179475088899e-01 3.965942082875768548e-01 5.800992343707431775e-01 4.123150933588938249e-01 6.464175339916431451e-01 4.672681351899733992e-01
4.049000000000000000e+03 4.106252780891370135e-01 2.373568723040654360e-01 3.690469654396377197e-01 5.455424593709786718e-01 4.036950285039614950e-01 5.397916406742481188e-01 3.980510492856673133e-01 6.594551776306718516e-01 4.176976977145482328e-01 7.084043298505549036e-01
4.050000000000000000e+03 2.406692839665294237e-01 3.650044009032576975e-01 5.592380604762473562e-01 4.064787044807740557e-01 5.435353012420907071e-01 3.729409722926717019e-01 7.063968523531267696e-01 4.243003956687986244e-01 6.999333386370973908e-01 4.459018160363586447e-01
4.108000000000000000e+03 3.333137513217385162e-01 3.220100478329136484e-01 3.239846646925153562e-01 2.218808817005935019e-01 3.277430716963043444e-01 4.670575031267493737e-01 6.993375426259252903e-01 6.945235860423389918e-01 8.316365962248770671e-01 5.517161844216508237e-01
4.111000000000000000e+03 1.314615069831029659e-01 2.407104871413511815e-01 3.570648670469738772e-01 4.919330231754793781e-01 5.498791766710353635e-01 7.442973691293699456e-01 3.861654085967966554e-01 7.754951675746694084e-01 5.903808521177561497e-01 5.450384227551980931e-01
4.116000000000000000e+03 5.367956032924715570e-01 2.629499873702331181e-01 5.936139967712064092e-01 4.323474989445617034e-01 3.484656615423603054e-01 3.174986816863998862e-01 3.313117723564407147e-01 4.967617188648804638e-01 6.491458845613911066e-01 6.304624688979750813e-01
4.139000000000000000e+03 2.131164127671481001e-01 3.386560626245392891e-01 4.370263269825145902e-01 3.426461609599699698e-01 6.488503866210645343e-01 5.418081859765855324e-01 4.933826421570142728e-01 4.620511003599609978e-01 5.056313252902095989e-01 7.564516647395291837e-01
4.327000000000000000e+03 1.215596928288445872e-01 2.234247713529186330e-01 1.847878083007687411e-01 5.326057760797174856e-01 6.876911702879667798e-01 6.344425060307877784e-01 7.776388553813069482e-01 7.444758806540998641e-01 6.270936955281668501e-01 3.918137021050077107e-01
4.509000000000000000e+03 4.081991364887567197e-01 4.100666931305317897e-01 4.250214304067914672e-01 4.299282902770165671e-01 3.427116721209170769e-01 3.880989309958355338e-01 5.692351066587264530e-01 4.564417206250647174e-01 5.446081436566319045e-01 6.854905861903602959e-01
4.589000000000000000e+03 3.891065156990526352e-01 3.965097949330446125e-01 2.760797601205634000e-01 2.049689697688832357e-01 2.101382039614510533e-01 5.530834327048267385e-01 5.219676896405003319e-01 7.697846843601394706e-01 6.519401591484057512e-01 7.286584704972817184e-01
4.591000000000000000e+03 2.213761294308366212e-01 1.667954193274833741e-01 1.947672667065235841e-01 4.656757452316443446e-01 4.201639123497665218e-01 7.114730311063574009e-01 6.316981769959556514e-01 6.728643822558264542e-01 8.181758615172964877e-01 5.448302778210016850e-01
4.592000000000000000e+03 1.304035832736329392e-01 1.658958176534036377e-01 4.376793464812123724e-01 3.781510230070178058e-01 6.493359218604740635e-01 5.436301428634950916e-01 6.647592103167619948e-01 8.020864361434806300e-01 4.691095862692822305e-01 6.105690655119068166e-01
4.689000000000000000e+03 6.978376540553207219e-01 7.047640628173960087e-01 3.719960393913472330e-01 2.336777510222939336e-01 1.146139970876517561e-01 2.789209460998273715e-01 4.709441659543420200e-01 5.522781683382561591e-01 5.290126852306225036e-01 5.893898298396584856e-01
4.690000000000000000e+03 7.293847412582490364e-01 3.806457780691213100e-01 2.624357122342884097e-01 1.798332032180125495e-01 3.214896668838456706e-01 4.621376935715956757e-01 5.961751994946594690e-01 5.586887920631655735e-01 5.794026904851349302e-01 6.111614875389024260e-01
4.691000000000000000e+03 3.923349861239383007e-01 2.722812420841714265e-01 2.012310873162850289e-01 3.444681228487453950e-01 4.801634011799567614e-01 5.734748792351430646e-01 5.934352244785267017e-01 6.036667634810115590e-01 5.960336318168596437e-01 7.060254459116060977e-01
4.692000000000000000e+03 2.510150058178227672e-01 1.852543199962164711e-01 3.319946894376389346e-01 4.427733502896022411e-01 5.413497232681325766e-01 5.262784632648591643e-01 6.017270597462386350e-01 5.832142266674588127e-01 6.679998932638631093e-01 6.546903695137479273e-01
4.693000000000000000e+03 1.690474996433652677e-01 3.121930953358496574e-01 4.366038127988751127e-01 5.005217271724451411e-01 5.065758184767236161e-01 5.434456257794627598e-01 5.865142430777293692e-01 6.675236336496460643e-01 6.170433440040093975e-01 4.584511062349103661e-01
4.696000000000000000e+03 3.969053161827124643e-01 3.832988425609283323e-01 4.219442470310222904e-01 4.169000679732571824e-01 5.302729227309516125e-01 4.892528108220018379e-01 2.609538419477059334e-01 4.404141260654896306e-01 6.756753298473053837e-01 6.315586156555847985e-01
4.697000000000000000e+03 3.734588545520369229e-01 3.985271572512917304e-01 4.144549299439261314e-01 4.949451631439374388e-01 4.770719924935492018e-01 2.183152850257704392e-01 4.191608491834964978e-01 6.797875100464120246e-01 5.945848560929175575e-01 5.716752177867859830e-01
4.783000000000000000e+03 2.943326389042785207e-01 2.614780920225893146e-01 3.957267952215681728e-01 3.881741465729278695e-01 3.608797472660807970e-01 4.668830961163124571e-01 4.354237140945783624e-01 7.192117630931669225e-01 7.658602823772161505e-01 6.229230965344939586e-01
4.800000000000000000e+03 4.244656902409597032e-01 5.366529086806206550e-01 3.506096117894570985e-01 3.547786702081774379e-01 4.736460138546145782e-01 4.607530374053767641e-01 2.744356110944996541e-01 4.999422823188537923e-01 6.480985507777089483e-01 6.037655322300236049e-01
4.801000000000000000e+03 5.279108453065316509e-01 3.314342686301500751e-01 3.513168814511875571e-01 4.465459357079724634e-01 4.493827319360527706e-01 2.296119557386460397e-01 4.891425564753501543e-01 6.489388772496521574e-01 5.615393359705231902e-01 6.099690264009614005e-01
4.802000000000000000e+03 3.402526899832919449e-01 3.524879943580221942e-01 4.648530608214914150e-01 4.487241570614358133e-01 2.645579149432270016e-01 4.668101923360443717e-01 6.995094527038997478e-01 5.821799467883039814e-01 5.923536212477986673e-01 5.259831917439683480e-01
4.809000000000000000e+03 2.304344744978611970e-01 2.496940165276495538e-01 1.520580165825829722e-01 5.617667686790389636e-01 5.987952699475317386e-01 8.008870169485343693e-01 5.489860331838641860e-01 6.922424347676827683e-01 6.870231498893211164e-01 3.594135959850138784e-01
4.822000000000000000e+03 3.368387007230041474e-01 3.217486658027482460e-01 4.668965020476275596e-01 5.243321464927122033e-01 5.122710452580987450e-01 5.101381040698947933e-01 3.732618126661264579e-01 4.276102713058174687e-01 5.671231813864759941e-01 6.399090289179840685e-01
4.825000000000000000e+03 4.205755406565718779e-01 3.891673251546208245e-01 3.985643343929040627e-01 2.624878422916366860e-01 2.773076929637328103e-01 4.297993693189518516e-01 5.265727250676048854e-01 4.790137319159810669e-01 6.852278844707553329e-01 7.810982965505086639e-01
4.843000000000000000e+03 3.742908286905939352e-01 4.274050418688974950e-01 4.516753495257218587e-01 4.167685304101977350e-01 3.429950654451480729e-01 3.807255719197494837e-01 3.748253943260826393e-01 6.216836793943966155e-01 6.451296603955681830e-01 6.020929635128678958e-01
4.844000000000000000e+03 4.026228304797206392e-01 4.105916019358674118e-01 3.977068014568168608e-01 3.227447406326494073e-01 3.577905331668012057e-01 3.067133418204295303e-01 6.149623216412091198e-01 6.283164525646371956e-01 5.433008106447336782e-01 6.885374197415401465e-01
4.845000000000000000e+03 3.956936146034274460e-01 3.707685246497080533e-01 3.149888922860595297e-01 3.458061391053719458e-01 3.031317259923535512e-01 5.532562460507632895e-01 6.378091373689378507e-01 5.324523350564689395e-01 6.531024962903096975e-01 6.261201082259331141e-01
4.917000000000000000e+03 4.440906778774306174e-01 3.354631036540500211e-01 2.294385368222180699e-01 2.464327619875870401e-01 3.974637774963806769e-01 5.238957421308348961e-01 6.609714414326032239e-01 6.071756126930908382e-01 6.303964597939566428e-01 6.754458694198108848e-01
4.918000000000000000e+03 3.186150863875745198e-01 2.146823714461062182e-01 2.382338184887202726e-01 3.778702245708796537e-01 5.005908299571945053e-01 5.966028008620724021e-01 6.111042758293213639e-01 6.239853775622101750e-01 6.372729424812045851e-01 6.741825482851064866e-01
4.922000000000000000e+03 3.299427017521695538e-01 3.969532513763940895e-01 3.907662676384248690e-01 4.146277442578106820e-01 4.494727210796581329e-01 4.662016425988000368e-01 4.710654546633034068e-01 4.152454097723380366e-01 6.284087533920154067e-01 7.118813813274129654e-01
4.925000000000000000e+03 3.090774545874589441e-01 3.319421184487599819e-01 3.551810386230793704e-01 3.237152877279992347e-01 2.517496569376354021e-01 4.917437025424772346e-01 6.167510129467645985e-01 8.264760014374663566e-01 6.495522459527974801e-01 5.911765910059015861e-01
4.940000000000000000e+03 4.898655097776401512e-01 5.093907375267812121e-01 4.160703671342282362e-01 3.568862541439044023e-01 2.773734178110539017e-01 3.765822751907450527e-01 3.668194904224930109e-01 5.641131820946132525e-01 5.778276051312101202e-01 6.598252765428336275e-01
4.942000000000000000e+03 3.959292505164283549e-01 3.487571167362078506e-01 2.962820904785788967e-01 3.785025274336484835e-01 3.390566823638263005e-01 5.336731949864045310e-01 6.007943522633047984e-01 6.430053368255944646e-01 6.189296049312402737e-01 5.853773737291920742e-01
4.986000000000000000e+03 3.762201487662841237e-01 4.202404452653484834e-01 5.234612704122039162e-01 3.560807358726943428e-01 4.506724491032412794e-01 3.272959427556499379e-01 4.742936118103352472e-01 5.737324449872692744e-01 5.995882748029522924e-01 5.634772789242841196e-01
5.656000000000000000e+03 2.947278719674881198e-01 4.170335054340442160e-01 4.227364288363702483e-01 5.223276240984724428e-01 5.950028485317150340e-01 4.192641693417974436e-01 4.623274857643392410e-01 4.077615916597898127e-01 6.555138090331439349e-01 5.071367802336970154e-01
5.657000000000000000e+03 4.025113932316385923e-01 3.941413333208297898e-01 5.137570784608045393e-01 5.431013336447783058e-01 4.063746174005643530e-01 4.059483964781064325e-01 3.722459240483719789e-01 6.520179257101890169e-01 4.471992610242963573e-01 5.177338720827999730e-01
5.665000000000000000e+03 3.278359331317097225e-01 3.539069459970767273e-01 4.657855255532339367e-01 3.400644572651003172e-01 3.199561323945928071e-01 3.909004789182363160e-01 6.533429193128454937e-01 7.905462488269116017e-01 5.969788867949338274e-01 5.026698715677188067e-01
5.681000000000000000e+03 4.620925030253822952e-01 4.705277224351920862e-01 3.794333341279050864e-01 3.118712070169084583e-01 4.046101136596244596e-01 3.376004208319968170e-01 5.956835054329104873e-01 4.851971259545405646e-01 5.869234258165360041e-01 6.321726100636491097e-01
5.683000000000000000e+03 3.440161875089550181e-01 2.901959741042266505e-01 3.828413121131837293e-01 3.301237295757248336e-01 5.190708973097791779e-01 4.166388769529753566e-01 5.867103238751891769e-01 5.881776646044929446e-01 6.328248255547053169e-01 6.462755003878263294e-01
5.684000000000000000e+03 2.605952205570338243e-01 3.442773405343619864e-01 3.085487477812117185e-01 4.657315264593639981e-01 3.868647998929407028e-01 5.074793848564601584e-01 5.703488008703239132e-01 6.117270109093475572e-01 5.901752608825454605e-01 6.846820586905313366e-01
5.685000000000000000e+03 3.339796831609284644e-01 2.939785515773110647e-01 4.631916215754804389e-01 3.759559456444122039e-01 4.939298741836424256e-01 5.180455318470456039e-01 6.260516387607585331e-01 5.890823944625493969e-01 6.551706333102100821e-01 4.365219826955472060e-01
6.153000000000000000e+03 4.530497550811160012e-01 2.351934719786198391e-01 3.778333568449441793e-01 4.329675594974061736e-01 5.164125820839908787e-01 3.115610334331370135e-01 5.596093217088990990e-01 4.861697380894618448e-01 5.138263481113752862e-01 7.867899842396413046e-01
6.154000000000000000e+03 2.125037012583024243e-01 3.472989661060965072e-01 4.190185146042419984e-01 4.719064927398972098e-01 3.008732598550588611e-01 4.922960986874987954e-01 4.587896958725501406e-01 4.948231663059072805e-01 7.587513513094760187e-01 7.222062510489266618e-01
6.157000000000000000e+03 3.761010085754825094e-01 2.327052272852614678e-01 3.896009203529228748e-01 3.295511332219147049e-01 3.541229161034761264e-01 6.725248230947477035e-01 6.521711636799012446e-01 6.874170202111962169e-01 6.034368394813793834e-01 5.125297050407342514e-01
6.179000000000000000e+03 5.898467413692564110e-01 4.042344599363150159e-01 4.809860001197694412e-01 3.450636176758774543e-01 2.445286042716115493e-01 4.212981723062091399e-01 3.073707094708220677e-01 5.453273404745875297e-01 5.188348773312424500e-01 7.191036197869040691e-01
6.180000000000000000e+03 4.033327502470311909e-01 4.615538257351702867e-01 3.521185872150154328e-01 2.666619852232787191e-01 4.260178095737860993e-01 2.752705370223330616e-01 5.583096963516978040e-01 5.234774175151380993e-01 7.040591129326305708e-01 6.844542750809056164e-01
6.181000000000000000e+03 4.570455094361670079e-01 3.380782565462864264e-01 2.693130066986342830e-01 4.127197356128731176e-01 2.866213952500532569e-01 5.119866055579802566e-01 5.253523312741062989e-01 7.149775539443607997e-01 6.594494617747411747e-01 5.414118947362407397e-01
6.261000000000000000e+03 3.072980391982228499e-01 2.379058648976137003e-01 2.698394809985259490e-01 4.460601137380401093e-01 3.876158384793070844e-01 5.648026361802245265e-01 6.108113717443590662e-01 6.935823384855244189e-01 6.046493922445900226e-01 6.504882263676430298e-01
6.262000000000000000e+03 2.345976310106266394e-01 2.667582744997779587e-01 4.529686105020448994e-01 3.859271332285010847e-01 5.577142732417996740e-01 5.696352397715527260e-01 7.377113172098168636e-01 6.151037195308337591e-01 6.262950485850349303e-01 4.042782717211449994e-01
6.420000000000000000e+03 5.102412077207707508e-01 4.268461357512061127e-01 3.528640190347092087e-01 3.534526414383332149e-01 3.308143195965260741e-01 2.191799194776247461e-01 5.428983366897897067e-01 6.008569031602181143e-01 6.121591538938195853e-01 6.732030072817167810e-01
6.461000000000000000e+03 4.026275800797139426e-01 3.407591335068340110e-01 3.129296938016197238e-01 3.546751989826106843e-01 3.803815107550910235e-01 3.785811554076455310e-01 4.932269663370839607e-01 7.727150670267010080e-01 5.754205905350987527e-01 6.753454325147352222e-01
6.462000000000000000e+03 3.176400357164653743e-01 2.854945056476370091e-01 3.390949142224726764e-01 3.568720862682411843e-01 3.595677432314676181e-01 4.252947753661466268e-01 8.012548903250396037e-01 5.578377457913815674e-01 6.298422007500030784e-01 6.903954898139258445e-01
6.463000000000000000e+03 2.659783328281413173e-01 3.139737405017122840e-01 3.459919832614139490e-01 3.443339244001453192e-01 4.079668892281470560e-01 7.295620886350017154e-01 5.487773340171557823e-01 6.210357742461332098e-01 6.520409361422480066e-01 5.673842758383516038e-01
6.464000000000000000e+03 2.854255730383327139e-01 3.110168280277113007e-01 3.234340950196299413e-01 3.743364450965093182e-01 6.735655566629727975e-01 4.718368553005792831e-01 6.109962421636390140e-01 6.330075463118178813e-01 5.014084071264059972e-01 6.016901616563621324e-01
6.564000000000000000e+03 5.753719224606009819e-01 4.867782868411947295e-01 3.998372398973328856e-01 3.881682577161442160e-01 4.092203247538434008e-01 2.935341379116004346e-01 4.239656885760705318e-01 5.073734459796647167e-01 5.297515435929499583e-01 5.916974895901614406e-01
6.565000000000000000e+03 4.948083446567285715e-01 3.939992941783754254e-01 4.030557819046552970e-01 4.116544978356106999e-01 3.187432216501295268e-01 3.988210765637768551e-01 5.234831987620014448e-01 5.442120933224749990e-01 5.676538070017078663e-01 6.030461085373616248e-01
6.566000000000000000e+03 3.832137976311035810e-01 3.799956000218363550e-01 4.080520351705229642e-01 3.180208314235556388e-01 3.929415588622079403e-01 4.708980615326319730e-01 5.427617132375874842e-01 5.636177150637216027e-01 5.608900884254984787e-01 6.777130852399183558e-01
6.567000000000000000e+03 3.686573374383974588e-01 3.842754620812594557e-01 3.145510376809546593e-01 3.792992759497209598e-01 4.584142753559461991e-01 4.890818805983204176e-01 5.656767105599372902e-01 5.560192106858805605e-01 6.454143208745442006e-01 5.711607711488027039e-01
6.631000000000000000e+03 3.798232173114407528e-01 4.669963346450914377e-01 4.467953324117446279e-01 4.277142934993385937e-01 3.251326266142786081e-01 3.375049010546888328e-01 4.370346283814915966e-01 6.123588161104823735e-01 5.967096742927384678e-01 6.033192515094929487e-01
6.655000000000000000e+03 4.181796237086310986e-01 3.452806247616116986e-01 3.495918554905724784e-01 2.942928622478277467e-01 3.444157305024730942e-01 4.041193534625122652e-01 7.136315705181057734e-01 6.855058083765256383e-01 5.937787780617223010e-01 5.923838691096449116e-01
6.656000000000000000e+03 3.526924180855217084e-01 3.492770323300928847e-01 3.114051494046041202e-01 3.596223151193383427e-01 4.222723595940524599e-01 6.821203678209982746e-01 7.412610830635525394e-01 6.144985284960424732e-01 5.704431817246969905e-01 4.327806485866366182e-01
