1.931000000000000000e+03 5.562023211864985939e-01 5.245606364495807306e-01 5.379225727423800896e-01 7.488774271143082695e-01 4.915109498048919057e-01 6.298021763864082301e-01 5.554949924650475213e-01 3.996354013403161098e-01 4.635525758990743928e-01 4.850074486825476372e-01
1.932000000000000000e+03 5.648206070453417604e-01 5.340822534618849815e-01 7.635320001964484016e-01 4.982818409532439041e-01 6.294340353671951105e-01 5.576054170718482972e-01 5.070744249281026184e-01 3.600243288808456232e-01 4.667776954182243365e-01 5.007023775478115502e-01
1.935000000000000000e+03 6.333925492516462308e-01 7.254891218219879923e-01 6.821956338122355801e-01 6.149329904842520955e-01 5.491654008404568410e-01 5.530205620834142133e-01 5.748981158382163725e-01 3.852900330110941018e-01 2.476033790785186206e-01 4.572477379340706416e-01
2.349000000000000000e+03 1.913428584492555262e-01 6.252267140848628557e-01 6.726807647144559255e-01 7.181145762189684589e-01 7.078283414065034140e-01 5.804183152750359564e-01 5.813586674790236497e-01 5.016195703474867207e-01 5.354612645740599586e-01 3.663320525458947374e-01
2.350000000000000000e+03 6.265130454527544357e-01 6.222770898151025465e-01 6.985423134433663694e-01 6.862225823445495809e-01 5.459180736736555239e-01 5.482279108044932903e-01 6.137014567980462187e-01 4.061685707343442586e-01 3.117815206684185769e-01 3.871097579997858640e-01
2.351000000000000000e+03 6.634146189831333640e-01 6.899763667009934931e-01 7.185497002479590556e-01 5.707039640781325085e-01 5.642854338233891376e-01 6.313781561083218197e-01 5.317892260091134915e-01 2.202940482837416891e-01 3.705027492983771764e-01 4.687349826159054045e-01
2.792000000000000000e+03 4.048863280140775900e-01 3.557051476351383301e-01 4.965718773659470453e-01 8.833095885348886123e-01 6.204979613498511348e-01 6.399540155007821252e-01 6.783696331481775532e-01 4.111449477765886651e-01 5.805615971798057107e-01 3.968023867049605968e-01
2.793000000000000000e+03 3.970626761828351392e-01 4.764014155703017450e-01 8.689326231460360317e-01 6.070773192552944009e-01 6.153311637367254727e-01 6.556789661712195683e-01 4.988560863490940633e-01 4.586502533832234052e-01 3.528034598665909516e-01 5.127373531617024360e-01
2.794000000000000000e+03 5.146104900020695982e-01 8.179537135095836797e-01 6.164688248114171820e-01 6.164958642255059518e-01 6.451161326945056285e-01 4.912287470724598926e-01 5.793276618395393207e-01 2.430906238684504006e-01 4.900363624222124903e-01 4.179132933125626614e-01
2.796000000000000000e+03 6.899869575149497614e-01 6.829625079079363337e-01 7.462527970310374181e-01 5.718516275103837643e-01 6.520197308965272054e-01 3.612642463443386798e-01 5.594324601934402841e-01 3.404979880858453600e-01 3.941456088203219577e-01 4.007800645093864689e-01
2.888000000000000000e+03 4.146258950530533061e-01 4.891593570126791524e-01 6.617874349920334076e-01 5.427213501182931443e-01 7.431354809933670147e-01 6.534950874219089823e-01 5.568479135454601492e-01 3.564952900660109947e-01 5.121917700721012601e-01 4.969034274551993313e-01
3.034000000000000000e+03 4.478454507361911974e-01 4.014734848339242546e-01 5.511780640042480695e-01 6.778873418784328031e-01 6.828682155608969406e-01 7.306980921475947355e-01 6.608994045702030196e-01 3.356636656839643851e-01 4.442190909945130661e-01 5.239932216479403770e-01
3.035000000000000000e+03 4.253840245608579429e-01 5.107558081775428471e-01 6.547331502047302187e-01 6.552337815437078161e-01 6.889029056102660142e-01 6.223034358857172377e-01 3.782085357727019703e-01 3.122916963246354372e-01 4.805685234429113439e-01 6.482785562289938852e-01
3.097000000000000000e+03 4.794956694895958216e-01 3.801790828870407202e-01 5.489447959945361610e-01 6.982072547610491675e-01 6.454923660202909197e-01 7.500915026387690032e-01 7.721494768483031512e-01 3.782239693120568180e-01 4.030124833688322195e-01 4.366758926274560415e-01
3.098000000000000000e+03 4.285243799168969581e-01 5.339557522763627162e-01 7.031832983500336809e-01 6.463244036645173773e-01 7.369017926641897587e-01 7.622438839237112296e-01 4.659887156963937183e-01 2.919167809296549509e-01 4.057007146018298260e-01 5.006335156755975513e-01
3.268000000000000000e+03 4.782249915199384138e-01 4.209531937968287729e-01 5.487066004892391380e-01 4.795860854748146274e-01 7.086562884911808968e-01 6.916807313515748179e-01 7.125953230269825855e-01 3.886765551759090442e-01 4.938827032725455757e-01 4.946020389826630281e-01
3.269000000000000000e+03 4.515700957745926170e-01 5.188913855545217446e-01 4.751252671059206234e-01 6.941374678810783294e-01 6.622846485721329834e-01 6.856634037165778572e-01 4.635893832692111749e-01 3.698803008615318966e-01 4.569367816611184518e-01 6.034140161254399892e-01
3.286000000000000000e+03 4.662079098065439187e-01 4.900624695520819363e-01 6.091390950256153625e-01 6.281061932322566932e-01 4.889257686236138101e-01 5.874704447450117550e-01 6.780730028205061988e-01 3.823699214251670697e-01 5.084717218128971261e-01 5.471378690693621261e-01
3.536000000000000000e+03 5.603916574197449485e-01 6.808438107249465965e-01 8.216603057407531052e-01 6.563272465430465274e-01 4.095209020559527624e-01 4.105246024343209843e-01 4.796171677101959685e-01 4.384130399508116005e-01 3.979933315828385609e-01 5.025937696272305688e-01
3.642000000000000000e+03 1.883616494067355540e-01 4.808447388563558134e-01 6.567108017745297843e-01 9.143210197353421886e-01 8.849195241741172335e-01 3.761981109458451544e-01 5.881732058124667928e-01 5.115615311491777950e-01 5.688662346461290653e-01 3.347362301182473798e-01
3.657000000000000000e+03 6.129777342721334232e-01 6.753997149721741033e-01 5.978350216731398437e-01 3.772603698695227159e-01 5.998839652639949005e-01 6.525240840321115954e-01 5.818472863208349333e-01 4.580262138606305267e-01 4.054311059010093365e-01 4.130308530346448737e-01
3.658000000000000000e+03 7.116204659088043449e-01 6.020859182022859635e-01 4.206636104204835580e-01 6.282730058861442091e-01 6.689097713066599615e-01 6.010424394903345346e-01 6.056242452467676118e-01 3.144407968309683166e-01 4.000228719636443331e-01 4.474708469555641610e-01
3.848000000000000000e+03 5.324747734625459028e-01 5.236201505625781571e-01 6.817000854199508630e-01 8.156666854609392336e-01 7.247703984232898300e-01 6.263645380616938985e-01 5.949393174379006277e-01 2.298422993267268399e-01 2.837784490938260462e-01 5.006819377276969796e-01
4.130000000000000000e+03 3.462843513470539869e-01 2.860521000594273278e-01 6.207357580569554667e-01 8.702582873686421916e-01 8.407992642975578024e-01 6.873189076959800303e-01 5.617867883508754767e-01 1.837278468993293334e-01 5.284028510364148223e-01 5.804905651477791917e-01
4.333000000000000000e+03 6.113348492410164425e-01 6.596713543147053604e-01 6.779077847413946811e-01 4.887954550477592308e-01 6.192656896300980929e-01 3.772313645381103475e-01 6.617124584463188741e-01 5.174373660847227940e-01 3.399636366155040501e-01 4.209774003024470690e-01
4.334000000000000000e+03 7.060467694322505317e-01 6.824580920559557562e-01 5.392681308080087277e-01 6.594170326625008460e-01 4.070148249969444132e-01 6.916238461212670385e-01 6.993415562549950559e-01 2.568690618538326809e-01 4.163731676566684303e-01 3.807126922337361608e-01
4.367000000000000000e+03 4.124249981485241245e-01 5.678136079107204415e-01 5.203746176697607861e-01 7.978067221261307962e-01 8.476186104948403299e-01 5.594166324268834423e-01 4.514264777763490888e-01 3.650250113191683132e-01 5.139132440376709132e-01 4.175932640309040766e-01
4.369000000000000000e+03 5.816514488026630625e-01 8.011510794404614888e-01 9.075911419811693026e-01 5.986466029568954239e-01 4.836905787822681768e-01 4.896720246566089729e-01 5.502450843071059472e-01 3.101345206904456142e-01 3.652554899120756815e-01 3.648567635826966415e-01
4.392000000000000000e+03 4.808045284008301556e-01 5.719022310554978672e-01 6.462736269559964386e-01 5.383529370914469370e-01 5.356998175158246278e-01 6.133794988121691327e-01 8.012117429896629117e-01 4.392684004704661138e-01 4.839720989071645829e-01 3.410125493066373803e-01
4.393000000000000000e+03 6.007825524823446894e-01 6.231983973636308072e-01 5.522953838877094901e-01 5.363161971164152053e-01 6.056458224557981218e-01 7.949615529228113431e-01 5.546449942956875878e-01 3.748450101899304943e-01 3.034787551089899726e-01 4.793419445174671445e-01
4.570000000000000000e+03 4.342897698179339905e-01 4.502539858248440496e-01 6.795093323888526937e-01 9.286783359369658042e-01 8.956424190834111343e-01 4.938427653236551196e-01 5.293195684517439936e-01 2.374582395641252897e-01 3.966248310758814233e-01 4.780992345491523743e-01
6.211000000000000000e+03 4.673262982477973115e-01 5.224144114747537593e-01 5.991750007271542389e-01 6.908026119815227073e-01 5.481679058034978347e-01 5.858967503192800130e-01 6.012308228726741532e-01 3.641540122356715647e-01 4.964860867264861422e-01 5.254316931075510011e-01
6.452000000000000000e+03 5.577181294576655235e-01 5.005746199122864670e-01 4.592131361238415144e-01 5.517013320278134625e-01 5.668015940983677226e-01 6.684976375147188010e-01 6.277520664255988869e-01 4.056556062412670638e-01 4.866838258806573392e-01 5.354938820149630629e-01
6.453000000000000000e+03 5.383382830705721878e-01 4.585297481612313764e-01 5.659761304866556264e-01 5.693547900888418223e-01 6.608306123654270614e-01 6.228066847497856218e-01 5.086244471630794184e-01 3.780943321817974434e-01 5.171957575070915691e-01 5.438715763619691446e-01
