3.160000000000000000e+02 3.222097942916689051e-01 2.660718971881439465e-01 3.558563367393005050e-01 5.945852469245259675e-01 8.681634202489787455e-01 9.014362647850481247e-01 8.873775215951122952e-01 6.575466758101111697e-01 3.037442295278406368e-01 3.695129063422036841e-01
3.847000000000000000e+03 2.401479497891540471e-01 5.285369701393226594e-01 5.720951257556240455e-01 7.124743478817876507e-01 8.445352768357923257e-01 7.736384387575223620e-01 6.714492133921321493e-01 4.963748144368896331e-01 3.654281059231051509e-01 3.480626188813249478e-01
4.120000000000000000e+03 3.657574936842430957e-01 3.570914964414167447e-01 4.033071813739871336e-01 5.702137475962183455e-01 7.697953975683462513e-01 8.148484346409038404e-01 1.000000000000000000e+00 6.180446372417054413e-01 4.296539283612051952e-01 2.139921618360705047e-01
4.121000000000000000e+03 4.159224356280656343e-01 4.141309560406095658e-01 5.896456635343215735e-01 7.858416147080625747e-01 8.111695078701868233e-01 1.000000000000000000e+00 8.103228214344200264e-01 3.256404049574395665e-01 1.688423012609028551e-01 3.352795452977709867e-01
4.128000000000000000e+03 5.382299143057773794e-01 1.783658572168892731e-01 3.195286442350963596e-01 3.000744269176790491e-01 6.646263057563719379e-01 9.296231322010489739e-01 9.188372075358616220e-01 5.818957282111578699e-01 5.970257160984562272e-01 3.679425602191735423e-01
4.129000000000000000e+03 2.469696797825340906e-01 3.275229929431253129e-01 3.141315292820011096e-01 6.616749281035888552e-01 9.096481543121675006e-01 9.039862505084728106e-01 7.450714764717196736e-01 4.812140923589803276e-01 3.273269257606908900e-01 5.799915505350816680e-01
4.365000000000000000e+03 1.392703929686243125e-01 9.903683135474589116e-02 4.486682960982648627e-01 6.778710059956235545e-01 6.086161777002581097e-01 9.047513601403180949e-01 9.724642415665122330e-01 5.219974660719588488e-01 5.493819513356645867e-01 5.652730773976377687e-01
4.568000000000000000e+03 4.503080083291562397e-01 4.585141071947645974e-01 3.671053706055715793e-01 4.248353808567745249e-01 6.563659944256926559e-01 9.175043522876960012e-01 9.052378953312022469e-01 3.935258838755675836e-01 5.245955056153922547e-01 3.740173529928502161e-01
4.569000000000000000e+03 5.040983130280874969e-01 3.804076365037022400e-01 4.470522726129050883e-01 6.661567476473748695e-01 9.105368850793578162e-01 9.034277779494236382e-01 4.955597068676869110e-01 4.184657480796777351e-01 3.429222730961317689e-01 4.236333008709216030e-01
4.928000000000000000e+03 2.834897162078924837e-01 2.357521843472313583e-01 4.494702958720441233e-01 5.627814521443313955e-01 8.140787145281190851e-01 7.691011551315977135e-01 7.721527181997148714e-01 5.185517955253978739e-01 4.340036877953598049e-01 5.980034229289807879e-01
