3.190000000000000000e+02 5.641099031765407501e-01 7.737914233505208683e-01 8.383879690921145489e-01 8.132998531662750663e-01 7.747298055105056314e-01 1.475353810047146663e-01 1.943927871682820940e-01 3.723555263547231875e-01 4.761210695277020566e-01 4.170140966703106411e-01
3.230000000000000000e+02 8.969089320134675525e-01 3.415556329357265497e-01 3.702305673850658785e-01 6.265253983751326583e-01 6.153615549609486868e-01 4.983511067970949893e-01 3.003869657473094423e-01 3.563464459166642562e-01 5.957361133365703942e-01 6.154270492586921826e-01
1.934000000000000000e+03 7.914178940528986406e-01 5.653499148622499471e-01 7.122992005602913901e-01 6.216382630334061909e-01 5.625208937073024051e-01 5.067532298994839035e-01 5.090037809164243976e-01 4.181847930446309647e-01 4.588748631129771494e-01 2.584603079483778210e-01
1.936000000000000000e+03 7.345457765623421009e-01 6.527134454729190960e-01 6.238250322497599365e-01 5.476820745885326858e-01 5.435675479049238978e-01 5.667889385352772313e-01 4.769645048449230873e-01 1.385684096689697165e-01 4.290598539110836440e-01 6.322769251491779929e-01
1.937000000000000000e+03 6.754070956836285555e-01 6.069549774682998500e-01 5.653666779937277509e-01 5.486591189219611753e-01 5.637033182564187284e-01 4.757499926249498801e-01 1.399226305732323983e-01 3.232704946748908292e-01 6.257017802273415752e-01 6.830296688259933635e-01
2.352000000000000000e+03 7.258757653073825145e-01 7.105299155288827828e-01 6.098018472138072577e-01 5.930563761898157704e-01 6.496987414772934510e-01 5.527426027360499150e-01 2.756044818967216536e-01 2.809244430958384164e-01 4.624316297991949987e-01 4.825471325551143331e-01
2.353000000000000000e+03 7.412997917090726752e-01 6.110789261326826649e-01 6.279424283233225879e-01 6.781254346952135803e-01 5.684075581407036504e-01 2.932953209601084632e-01 3.567217964815254105e-01 3.698075999307550155e-01 4.750567488468653843e-01 5.605564292973214124e-01
2.795000000000000000e+03 8.349226217208128853e-01 6.153098649615227345e-01 6.487556266771410396e-01 6.714012359355359116e-01 5.057017334787096141e-01 5.947842658828943474e-01 3.020759940311333880e-01 3.958863746652486748e-01 4.027251565048106108e-01 3.814678979604434472e-01
2.797000000000000000e+03 7.098082128600745611e-01 7.238925223396135422e-01 5.984374692088123560e-01 6.712032221002394161e-01 3.702608365598197837e-01 5.677774561559344457e-01 4.308690151742070040e-01 2.955327485866005577e-01 3.788426086333261389e-01 5.832659840469721635e-01
2.798000000000000000e+03 7.360694654445647522e-01 5.819690821220383503e-01 6.819549186773570248e-01 3.660470827251185999e-01 5.618205420003443695e-01 4.269147194457906247e-01 3.556972035862931980e-01 2.713874611348005006e-01 5.698628580174673885e-01 6.783618014746130020e-01
2.962000000000000000e+03 4.993904618832596953e-01 3.903156090181405524e-01 4.840332822829881976e-01 6.242102147213750563e-01 6.551717031650229339e-01 6.688270043259237907e-01 3.195746788875588051e-01 3.893928570788534049e-01 6.241565523442679231e-01 6.437674360482327218e-01
3.036000000000000000e+03 5.219819146478723582e-01 6.023469500614953009e-01 6.332348653477146705e-01 6.618315713216263996e-01 5.825456630566600014e-01 3.415679068574856703e-01 3.460981416054020321e-01 3.485062671155641500e-01 6.166691015867373782e-01 6.259700990037594392e-01
3.099000000000000000e+03 5.554222313199964622e-01 6.599501940418549539e-01 6.414260784274011806e-01 7.289446915451982534e-01 7.372065630166468875e-01 4.455469833929253665e-01 3.343882188869196082e-01 2.863426508845913765e-01 4.674002128710793014e-01 5.258805996388600246e-01
3.535000000000000000e+03 4.220049697388905674e-01 5.370938704759707916e-01 7.239907734577217813e-01 8.299742324573370356e-01 6.639092709105166579e-01 4.270189679030923502e-01 4.279869446434101388e-01 3.943118661608903674e-01 5.570973031952485277e-01 4.353670978828051430e-01
3.573000000000000000e+03 5.038734829585249653e-01 5.177910388484694426e-01 6.546180282256676142e-01 6.021477214321381277e-01 7.046002012938084036e-01 3.263319743277929286e-01 4.330244806083401454e-01 5.978512423870507853e-01 5.485889900410050313e-01 4.327188099201327853e-01
3.645000000000000000e+03 8.764826117488013768e-01 8.700869201941088260e-01 4.099682228871734946e-01 6.027322152094767294e-01 6.659779279395000584e-01 6.014866658752825446e-01 2.302507500244482530e-01 2.303036759796054100e-01 5.786222757346195511e-01 2.805746622207687113e-01
3.646000000000000000e+03 9.129876180176667022e-01 4.670229218479571842e-01 6.752140553268938250e-01 7.344441300129341821e-01 6.544077868037946333e-01 2.850770710407805053e-01 3.234087850124611752e-01 5.128644526902769174e-01 2.799502574177267222e-01 4.645985494807891580e-01
3.849000000000000000e+03 5.580289203399053655e-01 6.544235923300888436e-01 8.203406357323843601e-01 7.321861223149827014e-01 6.183630721164102839e-01 5.892048999238350682e-01 2.629492805786146081e-01 1.761497532633896357e-01 4.784041426853797851e-01 5.265137729463651439e-01
3.850000000000000000e+03 6.645714677349706667e-01 7.665860618216626676e-01 7.279516847170455218e-01 6.099341948744682051e-01 5.701809127981137815e-01 2.468789785942392956e-01 1.768978486733490119e-01 3.609502353741446679e-01 4.983238757994769008e-01 6.204800042264224658e-01
4.031000000000000000e+03 3.038102870383148635e-01 5.098706961236698643e-01 6.917272785203140151e-01 7.354796844354621888e-01 7.892389525034572140e-01 4.469832002663994830e-01 4.671501431556933093e-01 5.390820120530995796e-01 4.418411306097734248e-01 4.934455674461614150e-01
4.043000000000000000e+03 3.433308014270088360e-01 3.583310747864941748e-01 6.797905781086677202e-01 7.199769131732477456e-01 6.108097370678077231e-01 5.866439440632155167e-01 4.712310091273067547e-01 3.107972348003593122e-01 5.563387607500820398e-01 7.288325365841545889e-01
4.131000000000000000e+03 3.093036761464834639e-01 5.553474780095870589e-01 8.209149525246419721e-01 7.985298929043814775e-01 6.272070995711624963e-01 5.047229105326862530e-01 1.487236968513023505e-01 3.819179898676077212e-01 5.284828364596368955e-01 6.735064276419229223e-01
4.212000000000000000e+03 6.516962457688693089e-01 4.929631237083522688e-01 5.270533656690067348e-01 5.438698916953690343e-01 7.383157458443077026e-01 5.524478876380274350e-01 2.968197374960670487e-01 3.582034067506670860e-01 5.306562891333110876e-01 6.014577623917281013e-01
4.332000000000000000e+03 4.968479755942885601e-01 5.733937729840562492e-01 6.756318663171642092e-01 6.559578863324019293e-01 4.781578344050560481e-01 6.151983332232209278e-01 3.704638603736765123e-01 5.075145370297826641e-01 6.189709262385039157e-01 3.666078727326986808e-01
4.368000000000000000e+03 6.027530431872740735e-01 5.181980455592399837e-01 8.104532657527994122e-01 8.671913920422960054e-01 5.595020143603515184e-01 4.533685121029935594e-01 4.584389527724934688e-01 4.097233455643726763e-01 3.925474537418877086e-01 3.736202486900990771e-01
4.370000000000000000e+03 7.979779301915658207e-01 8.480021358392357822e-01 6.037757108103788406e-01 4.754213120793130409e-01 4.767968914345743769e-01 5.378849703003100169e-01 3.680638253626156708e-01 2.522198600341325481e-01 3.247555834405344011e-01 6.121142441847193805e-01
4.371000000000000000e+03 8.533995179513819140e-01 5.950980893934250116e-01 5.020497173808622371e-01 4.862305820473070139e-01 5.417579169622634971e-01 3.737207194445389957e-01 3.047824839572792488e-01 2.244405685053277588e-01 6.084802756331318951e-01 6.994794440510356814e-01
4.571000000000000000e+03 4.965945662233811619e-01 6.564237499579064217e-01 9.341628024330407287e-01 9.139913455297195011e-01 4.919326078448306161e-01 5.282278626241394548e-01 2.779170795056725152e-01 2.912639670855656227e-01 4.568529315723166007e-01 4.107909746985443644e-01
4.572000000000000000e+03 6.711983214409167342e-01 8.727114087067826542e-01 9.099167630111171245e-01 4.853542273930948614e-01 5.161816172704096761e-01 2.678650134494716117e-01 3.431539015217623945e-01 3.440230582814748361e-01 3.760452337712396620e-01 5.271493858920160980e-01
4.580000000000000000e+03 4.174366447547054326e-01 5.232207321513263620e-01 5.750864137779898577e-01 7.624007537312373906e-01 3.848322601289159706e-01 6.015007839385456689e-01 4.669768477496774040e-01 3.479779603778759833e-01 5.288155586886317261e-01 7.156989196286738242e-01
4.686000000000000000e+03 5.765191357747287970e-01 5.472633435275005009e-01 6.184749233395347989e-01 5.658471332739348769e-01 6.461853469675026274e-01 3.995361167207887032e-01 3.602820421523290628e-01 3.032079501273298727e-01 5.615311839139623951e-01 6.949432740033587574e-01
4.814000000000000000e+03 6.138372002796703697e-01 4.806418511082383715e-01 6.765282458374650698e-01 7.502234794803070983e-01 4.881174423380507665e-01 4.770610933664358178e-01 3.331570519610010939e-01 2.977688193471389466e-01 5.706036671879097799e-01 6.220339154556193684e-01
