1.110000000000000000e+02 5.367200556812097290e-01 4.130232767917190739e-01 4.178111331204606982e-01 3.647117083862785325e-01 4.146456397948775074e-01 5.102839475812684933e-01 5.929619248974233869e-01 5.352712286863829938e-01 6.895598716668392969e-01 7.053526755193975095e-01
2.350000000000000000e+02 4.263941043195937919e-01 3.866471928630836885e-01 3.886799126123923753e-01 4.294424654169791689e-01 4.806410032009252320e-01 5.568187002279277875e-01 5.902900103096561102e-01 5.196408598156642134e-01 7.167169552770648044e-01 7.166189665405299225e-01
2.730000000000000000e+02 3.637853000715488561e-01 5.214769638162372045e-01 4.737446480446574903e-01 5.743485722114012315e-01 3.263823708648636579e-01 4.050856584214352907e-01 6.139723495447459989e-01 5.784927558944173986e-01 6.699226378995276621e-01 6.918272255789355007e-01
2.740000000000000000e+02 5.220665267278825628e-01 4.322542266919769394e-01 5.431890842540343378e-01 2.748894397921809452e-01 3.568708495977623296e-01 5.637887066388386215e-01 7.033695293185242559e-01 5.269997360656422103e-01 6.553108746810636376e-01 6.449706062886515490e-01
2.760000000000000000e+02 5.305598888295313120e-01 2.761481263433221978e-01 3.269202578098148737e-01 5.116066604814195617e-01 6.432549113095833437e-01 6.250906743930522147e-01 6.555787399545164318e-01 4.932827047845861901e-01 6.209963756015258740e-01 6.088096698085321279e-01
2.780000000000000000e+02 3.380508339393646366e-01 4.498671052219948563e-01 5.810158353562404621e-01 5.412297992927550538e-01 5.646368363800592372e-01 5.463505566846469375e-01 5.760814342911445562e-01 4.309950792397528319e-01 5.625601279534135912e-01 7.205068948763682091e-01
2.800000000000000000e+02 5.103758254570521791e-01 4.469021822304863334e-01 4.708535718097703882e-01 4.282942605329206343e-01 4.551060582431009083e-01 4.283128992170682214e-01 4.635689808433563486e-01 5.280444494212744866e-01 6.786745441600356976e-01 7.540555069522982823e-01
3.030000000000000000e+02 4.583030923076738539e-01 3.659868314306251591e-01 3.468150159237632368e-01 4.736188374500887588e-01 5.458241250262283462e-01 5.062670871159158370e-01 6.326424970293910155e-01 5.209555251610642479e-01 6.638649646573208107e-01 7.120176562238200724e-01
3.060000000000000000e+02 4.140325981662085764e-01 4.224272971694660872e-01 3.736777085895884309e-01 4.755683107272953292e-01 5.118437947084527595e-01 5.627506637522488031e-01 6.314118293914013913e-01 4.690315093884622200e-01 6.887008861874523991e-01 6.987657449936848231e-01
3.070000000000000000e+02 4.264568606589250188e-01 3.346811981602760833e-01 4.372286282652836920e-01 4.552063688158772270e-01 5.010717617016361425e-01 5.700631784045792072e-01 5.404769064256100819e-01 5.375259690877547403e-01 6.547817869735558238e-01 7.572479334163226827e-01
3.240000000000000000e+02 4.131146434253251121e-01 3.972911091827390218e-01 6.584931098136254102e-01 6.405289828544842301e-01 5.127665228119775431e-01 3.162096095118136496e-01 4.600694183766040335e-01 5.009589401386667085e-01 6.195982910562605195e-01 7.264049478508389779e-01
3.250000000000000000e+02 4.155997949698263527e-01 5.982977087183459775e-01 6.107288143727845897e-01 4.712350763407874843e-01 2.731423213901806313e-01 4.146810867666511635e-01 5.996492329435894053e-01 4.800114355360997620e-01 6.958792073629904706e-01 6.660308336803704155e-01
4.280000000000000000e+02 3.722907754163315985e-01 3.776529475648072176e-01 4.266855558961997197e-01 5.620643964235748635e-01 6.151340825755327035e-01 6.004130005928923763e-01 6.076150257517900499e-01 4.659453511802632009e-01 5.809411319823810649e-01 6.981268078956877066e-01
4.290000000000000000e+02 3.931121029970430225e-01 3.881947345254248560e-01 5.283560383010798001e-01 5.699572618121029333e-01 5.459570268914254454e-01 5.544337446112165280e-01 5.441994078259144718e-01 4.368549457194782493e-01 6.599549324056565025e-01 6.711356318390498954e-01
4.300000000000000000e+02 3.949686440549851629e-01 4.692000549455662695e-01 5.262894920761653772e-01 4.885588378691312905e-01 4.911225654211771596e-01 4.817158324564333460e-01 4.940779112009796581e-01 5.078239613932205021e-01 6.233148375659531837e-01 7.495035354571453201e-01
4.400000000000000000e+02 4.490579631854212939e-01 5.022279302294549996e-01 6.075519281684931272e-01 6.522279894970395286e-01 5.535131910027275559e-01 4.284556904116192944e-01 4.929674834339334843e-01 4.423236730751352597e-01 6.650051703386093971e-01 5.258300344110627966e-01
4.410000000000000000e+02 5.230952737436922462e-01 5.706010857235501721e-01 6.415269985920367679e-01 5.333580210301741564e-01 4.026735775596004818e-01 4.668289359525460980e-01 5.379109601788800710e-01 5.391890645624909384e-01 4.909268207591152566e-01 5.786732762954033271e-01
4.440000000000000000e+02 4.910305757469940469e-01 3.333877594204284756e-01 3.763560270839915733e-01 4.229670163217617573e-01 5.784313874040937220e-01 3.690945267163090460e-01 4.740992604843971003e-01 5.424874904345061699e-01 7.475629295341993386e-01 8.015051509963603271e-01
4.500000000000000000e+02 2.234985364073366898e-01 3.343692766829997054e-01 4.443516019725902710e-01 5.094238284237284642e-01 6.390717668557566178e-01 6.888077392404713395e-01 5.085758974543014288e-01 5.228476914477626636e-01 7.057133362418223088e-01 7.114459364369364325e-01
4.860000000000000000e+02 3.183342472117179911e-01 3.690315446303162328e-01 3.449932106936987042e-01 5.210229396511338873e-01 5.677794110956131401e-01 5.550220120267488344e-01 5.523879195317398239e-01 4.829446755035727290e-01 7.656790652541065612e-01 7.524336278155868696e-01
4.900000000000000000e+02 4.421973618418710283e-01 3.752914885802596245e-01 3.578913856631166790e-01 4.005649828543695889e-01 6.356737205534820356e-01 6.285205337689219185e-01 6.309214506798708211e-01 4.756982750313954456e-01 6.394417411555785025e-01 6.813173600237751870e-01
4.910000000000000000e+02 3.971635048566692916e-01 3.345585347893441086e-01 3.806972932677207266e-01 5.994763402365251848e-01 5.816020187510968498e-01 5.856917421869513030e-01 5.658456491638109709e-01 5.005351320803187454e-01 6.475445391584050414e-01 6.845619196894444647e-01
5.510000000000000000e+02 3.886766929192672082e-01 4.938953374630333237e-01 4.479273870771144361e-01 4.879066493528687598e-01 5.809791780791424554e-01 4.714906996531219585e-01 5.735595300832784238e-01 4.680115094881804882e-01 6.350326126855136977e-01 7.084746698767373507e-01
5.520000000000000000e+02 4.919541312410029010e-01 4.029589722390456430e-01 4.524585846805037614e-01 5.300307567545652354e-01 4.147493837233238168e-01 5.160630713176226347e-01 5.424914012745184477e-01 4.870033387074034770e-01 6.678916682848387021e-01 7.136571779446104768e-01
5.530000000000000000e+02 4.238522848794433195e-01 4.205038600712540653e-01 5.084710420759178673e-01 3.743106368482778668e-01 4.739512094425886723e-01 5.008485537580968927e-01 5.845959358118067994e-01 5.308857896099498097e-01 6.851176274056507420e-01 7.106927394497777328e-01
5.540000000000000000e+02 4.355903724386407383e-01 4.656193201940178605e-01 3.536005249159558383e-01 4.305300833304332997e-01 4.541874190818572243e-01 5.378134809818509998e-01 6.405698931214967029e-01 5.443585730957389845e-01 6.782743913800826085e-01 6.793358088567580388e-01
5.570000000000000000e+02 3.776445759062439511e-01 3.374283654979710612e-01 3.990580800498609304e-01 4.778709359596646777e-01 5.380137018845440045e-01 5.767580660450536412e-01 5.769065050316550813e-01 5.141784399155554519e-01 6.647702718231787156e-01 7.683502317701568218e-01
5.580000000000000000e+02 3.503291810141418994e-01 3.554782351567477572e-01 4.376961857966675806e-01 4.803886502892709132e-01 5.130758868078088009e-01 5.141923531876233522e-01 6.012485342003848210e-01 5.125956747273525682e-01 7.293695036319822744e-01 7.354910257298066245e-01
6.270000000000000000e+02 4.265596636333165437e-01 4.052187082748555658e-01 4.729560645243340300e-01 4.813500118751615209e-01 5.233336750102947077e-01 5.069653137851292124e-01 5.751957114301738949e-01 4.704222848683604630e-01 6.419344704487514042e-01 7.374762846693774243e-01
6.280000000000000000e+02 4.166804111745388006e-01 4.281347708953717746e-01 4.497158339776953229e-01 4.742446511457348857e-01 4.531802144871081017e-01 5.213200479734294568e-01 5.494840987901611351e-01 4.964618236968815768e-01 7.022297960856539456e-01 7.254562793476369009e-01
7.560000000000000000e+02 3.748930068528341653e-01 3.609416085002331021e-01 4.924201610974516252e-01 4.955491026774704322e-01 5.341803715425964549e-01 5.061516226809525953e-01 5.958895517670443898e-01 5.032290236329299837e-01 6.571026196029714495e-01 7.305677997788979638e-01
7.570000000000000000e+02 3.655778003883941585e-01 4.313830752077392749e-01 4.476547933993453854e-01 4.691162815152316035e-01 4.366758165734140884e-01 5.258457873548120221e-01 5.788433540524605680e-01 4.998040026694975935e-01 6.828522696526925229e-01 7.768405486255381964e-01
7.680000000000000000e+02 4.743394073223695107e-01 4.135387218461623604e-01 4.122085442416331680e-01 4.632146184217267870e-01 5.162744534504346561e-01 4.644511520833735641e-01 6.219724569764417677e-01 4.751630281517991161e-01 6.557903111674332486e-01 7.274264975642483755e-01
7.770000000000000000e+02 4.139036350187541013e-01 4.237432568346408690e-01 5.287336855965915072e-01 5.687562501493131917e-01 5.821713065182304581e-01 4.628115579509347044e-01 5.369352903761718254e-01 4.560768681342518560e-01 6.161658115351189569e-01 6.891766622872410597e-01
7.780000000000000000e+02 4.351677715145771952e-01 4.797274056472461412e-01 5.367196846287917156e-01 5.379132516353700710e-01 4.125695075313082771e-01 4.861774559376126903e-01 5.324583742675753628e-01 4.730699103222539281e-01 6.516117508951471127e-01 6.966397837718217856e-01
7.790000000000000000e+02 4.886156776069808250e-01 4.914785914063397598e-01 5.123554024023462272e-01 3.682573420966224753e-01 4.408533818345760080e-01 4.871266797690578243e-01 5.614721705450175238e-01 5.120445800880376597e-01 6.637505319028275119e-01 6.826585519377609268e-01
7.800000000000000000e+02 5.027909280988760443e-01 4.743458750159180726e-01 3.537054744746140345e-01 4.025185225371988862e-01 4.466691057187039959e-01 5.209312873192362137e-01 6.205860231370607938e-01 5.276767927688366111e-01 6.521419476285009731e-01 7.002632951867397981e-01
8.290000000000000000e+02 3.826854709856348791e-01 3.869064362944731328e-01 4.492216624435885763e-01 4.954899052317675023e-01 5.217990090797040015e-01 5.141483718627469779e-01 5.948826659348188661e-01 5.270792185903425686e-01 6.562740140108566100e-01 7.155021683156848056e-01
9.710000000000000000e+02 2.614259026335818414e-01 2.897825980677217750e-01 5.060994798897500146e-01 6.284051367686346312e-01 6.380764072246697394e-01 6.670809737972116515e-01 6.231034766264009761e-01 5.498145662928154431e-01 6.192628223023027845e-01 5.831995405603241922e-01
9.740000000000000000e+02 5.296471410779517441e-01 5.032666523986925045e-01 5.309680208673830393e-01 4.660612275770539270e-01 5.510179882099547344e-01 5.021597176211715086e-01 4.388128160362461117e-01 4.562772217616303250e-01 6.170992086804193422e-01 6.492632160450551027e-01
9.750000000000000000e+02 5.165506044943721786e-01 4.945699791116139332e-01 4.523030356469536772e-01 5.208536028533765627e-01 4.657691012535467578e-01 4.033336413578944568e-01 5.475657687592804246e-01 4.847057622759881057e-01 6.188609421062757354e-01 7.103735164999575025e-01
9.760000000000000000e+02 5.048803410585743778e-01 4.207048010707749586e-01 5.000093192414203358e-01 4.274291393780305093e-01 3.633969718003770555e-01 5.062821535809931550e-01 5.817998313002946675e-01 4.826702154611293150e-01 6.818180351526343941e-01 7.304045757344415080e-01
9.810000000000000000e+02 4.026779377769416080e-01 4.079835412835409736e-01 4.351150483553830051e-01 5.408979538638074569e-01 6.049607758750988884e-01 4.826660189123938016e-01 6.374506722449492235e-01 4.880693795273716717e-01 6.089040026170635667e-01 6.756283637906717043e-01
9.830000000000000000e+02 4.118644287206524313e-01 4.631167409414549962e-01 5.296620120253289210e-01 3.829313322578258849e-01 5.336987593540433172e-01 5.257903730211107574e-01 5.460579690389271157e-01 4.934725856216314321e-01 6.296620228883530457e-01 7.208642464266503680e-01
9.840000000000000000e+02 4.671792922900153133e-01 4.775213042682671105e-01 3.543376443641220175e-01 4.843187953982268645e-01 4.710836375257305697e-01 4.917751227970422745e-01 5.808306933516973469e-01 4.838896349168087530e-01 6.836433268659499740e-01 7.160151908872227633e-01
9.850000000000000000e+02 4.869340393573185488e-01 3.311010521780315963e-01 4.610418506453118348e-01 4.290514147388841404e-01 4.466950131142495284e-01 5.355342994863290240e-01 5.768303144374792302e-01 5.439679894554573236e-01 6.851670274275154515e-01 7.093213095521383460e-01
9.900000000000000000e+02 4.102303932978423884e-01 3.870234409830901612e-01 4.989288861545549958e-01 5.257425392756343019e-01 5.548740093518238492e-01 4.773458418568241046e-01 5.331496064860657969e-01 4.580634974606842547e-01 6.601477599070585400e-01 7.401148052200758887e-01
9.910000000000000000e+02 3.998268698337285598e-01 4.500441897210433750e-01 4.913824407014775741e-01 5.056796745379019686e-01 4.229843939975491129e-01 4.784730512303182470e-01 5.312419222438363731e-01 5.136580640221070082e-01 7.042949175290452724e-01 7.175221370890558781e-01
1.552000000000000000e+03 5.691293981357435916e-01 4.878135133683424995e-01 4.871733369045520567e-01 6.228868018222833980e-01 5.404056463959721057e-01 4.350620508632830896e-01 5.823780817207838689e-01 4.739123970004153197e-01 5.524965631017505485e-01 5.510394961827129734e-01
1.553000000000000000e+03 5.190994867164226978e-01 4.742463470807672388e-01 6.245040461363531303e-01 5.314027406457860758e-01 4.202758072301909786e-01 5.671886167051697347e-01 5.932432314397054762e-01 4.359348784575187707e-01 5.267315343495592161e-01 6.173790705868932305e-01
1.554000000000000000e+03 4.967232596672144784e-01 5.836313807178172830e-01 5.227343601925660277e-01 3.932785377466756493e-01 5.372062949759082162e-01 5.644304639864783368e-01 5.268334453667256057e-01 4.006647610578547569e-01 5.894866192625464185e-01 6.550670770759625672e-01
1.555000000000000000e+03 5.954450232704200374e-01 4.963501221638196848e-01 3.922370756101708489e-01 5.171765501000177290e-01 5.373233961776491263e-01 5.012086936152179151e-01 4.806832613336299298e-01 4.648828987606243857e-01 6.328185279022481291e-01 6.174150232967237084e-01
1.559000000000000000e+03 4.655594845926403491e-01 3.817903406761663510e-01 3.479179260222611814e-01 4.375164769797157405e-01 5.184488062136476394e-01 4.890982322409582195e-01 5.741757115500771835e-01 5.167249970225923361e-01 7.324322469288824244e-01 7.270692478414080284e-01
1.677000000000000000e+03 5.264308287689032362e-01 4.076784719396613355e-01 4.647772980145766231e-01 4.674525845685693626e-01 4.203576082672960679e-01 5.010579657070391990e-01 5.477546547043394831e-01 5.113013866913156402e-01 6.473437287341166080e-01 7.112619019269725840e-01
1.938000000000000000e+03 6.512277681947690189e-01 5.735862820140666951e-01 5.870338638894565531e-01 5.909971230206177983e-01 4.943490225487899292e-01 1.598108736596340340e-01 4.178991584626282618e-01 5.336543180711177392e-01 6.967742887957358855e-01 5.020318521450417570e-01
1.939000000000000000e+03 6.096494132396071963e-01 5.791806470806745155e-01 6.126536604842567346e-01 5.031550515286882241e-01 1.670285821901102974e-01 4.222052867383757069e-01 6.957171318296517804e-01 5.929540889816691251e-01 4.868123797506704875e-01 5.748257303860806466e-01
1.942000000000000000e+03 5.251904146504013937e-01 1.887928557806203833e-01 4.047257569927075749e-01 6.588779864821856513e-01 7.255371116215602045e-01 4.366542739325817157e-01 5.423442119270652784e-01 4.734587122506626056e-01 6.720359217110150052e-01 6.485471952252126471e-01
1.943000000000000000e+03 2.450511279408585652e-01 3.899129309877620853e-01 6.459548222973231502e-01 7.092789167124071703e-01 4.088026556863116889e-01 5.139800146068747022e-01 5.791785551290530298e-01 5.446958901812555265e-01 6.237261218740357549e-01 6.593335191602227585e-01
1.951000000000000000e+03 2.687275398484847422e-01 2.292761658970464134e-01 3.772880891693773941e-01 6.573440028273913605e-01 5.477101502902149699e-01 4.961609586778770731e-01 5.694433740794619947e-01 5.820930394569927557e-01 7.369881716771917723e-01 7.701227992602472927e-01
2.027000000000000000e+03 6.684015157185549949e-01 6.925369432217985954e-01 5.815821598461387021e-01 5.684473299831954707e-01 3.873423965866980012e-01 4.370540267909620580e-01 5.016348631651772472e-01 4.146272277565836162e-01 4.763756882828184547e-01 5.544514854178146379e-01
2.028000000000000000e+03 7.165810785662870552e-01 5.762677206480121272e-01 5.929924031127045136e-01 3.943529396717563307e-01 4.430380333336645382e-01 5.079270327951027619e-01 5.320354631438282134e-01 3.756646149742504659e-01 5.458904827829271778e-01 5.770190582193911455e-01
2.354000000000000000e+03 6.488637731972015654e-01 6.222098190543184915e-01 7.047467734314941668e-01 5.879522018307130615e-01 3.064034076161900599e-01 3.688090149227694070e-01 4.751365980540760425e-01 3.783516029505166745e-01 5.566489332897565090e-01 6.086644031088705997e-01
2.355000000000000000e+03 6.428658290660910213e-01 6.721742831077114344e-01 5.972164747832715559e-01 2.955788081921490451e-01 3.612612975313395092e-01 4.668214311838300712e-01 4.667790115114459071e-01 4.447459201752389513e-01 5.945913277447789635e-01 6.494410490578554906e-01
2.373000000000000000e+03 3.907079214457991889e-01 3.929974841906651584e-01 4.312789713340078879e-01 5.382891980146614630e-01 6.937465196248848720e-01 5.873409171512316007e-01 5.246125736067738243e-01 5.086410650057326954e-01 6.139821064103709869e-01 6.226262723022016887e-01
2.375000000000000000e+03 4.281191312525118864e-01 4.828845187191715405e-01 6.431688669895853083e-01 5.150222027540457548e-01 4.482545203369007192e-01 5.794801832750176018e-01 5.784309165768736216e-01 4.545217958179181839e-01 6.077644804865528494e-01 5.809218797402848633e-01
2.376000000000000000e+03 4.976769356073430517e-01 5.924549750314412888e-01 4.983622884583434054e-01 4.134166773411317442e-01 5.407295019521923818e-01 5.409975002065681160e-01 5.439452301079666929e-01 4.746143363690808470e-01 5.432948132208168524e-01 6.263279647389868865e-01
2.377000000000000000e+03 5.979208000836536696e-01 4.688935352279210433e-01 4.049831823983392476e-01 5.138266029938465262e-01 5.074871618667786688e-01 5.114080630008265294e-01 5.765859511372438684e-01 4.142079682998159873e-01 5.963703214184734591e-01 6.600722125724386435e-01
2.378000000000000000e+03 4.977061968603640474e-01 3.963866547975905541e-01 5.131097679392910837e-01 4.910833808293978420e-01 4.895689278371767039e-01 5.553036460010435382e-01 5.040756885575822244e-01 4.750090198733714075e-01 6.416506899343096260e-01 6.805621254844916868e-01
2.411000000000000000e+03 3.731580780418741750e-01 3.803642814561630225e-01 4.128747514490765380e-01 4.238621279265566422e-01 6.516413337208475376e-01 5.859787682946032694e-01 6.037025610118984531e-01 5.019816802000764966e-01 6.877792349571766328e-01 6.528145845663130276e-01
2.441000000000000000e+03 3.168518425432660934e-01 3.102906412126555935e-01 4.802670852123756551e-01 4.788426031995241527e-01 5.813390595384918536e-01 6.076431181138284288e-01 5.803793275572380894e-01 5.009126771671056355e-01 6.668725775046666637e-01 7.446652736593518673e-01
2.442000000000000000e+03 3.164293382379405051e-01 4.153867978599623534e-01 4.255707290847991486e-01 5.114575198811305290e-01 5.302514348335594097e-01 5.043379621467063423e-01 5.694590784333483091e-01 5.049808474791404045e-01 6.936797716113761725e-01 7.622802248026899763e-01
2.443000000000000000e+03 4.217003230811272596e-01 3.819663030068362053e-01 4.736289253437460101e-01 4.761225623106214444e-01 4.455332187222321716e-01 5.104675692342285354e-01 5.922028018974578867e-01 5.438222615824109818e-01 7.254725724219518446e-01 6.581738025219522337e-01
2.449000000000000000e+03 4.949819842961044603e-01 5.452560620077486764e-01 6.539390923277067502e-01 5.399013630157569743e-01 4.687484707467098333e-01 3.835188349787852502e-01 5.825987835919208546e-01 4.112092046112197918e-01 5.608079160685690567e-01 6.465601342122296868e-01
2.450000000000000000e+03 5.647739265949066612e-01 6.157668435974607002e-01 5.378550416202443341e-01 4.505363757061715546e-01 3.630710885732545412e-01 5.608503589207974871e-01 4.994667015111144415e-01 4.394548317113172731e-01 6.265387115989751177e-01 5.906167799579511435e-01
2.451000000000000000e+03 6.302445676130132846e-01 5.169215154273282264e-01 4.556371959517105386e-01 3.453315066135058675e-01 5.419763372100644405e-01 4.822116459364068630e-01 5.429061803423674837e-01 5.076001153181441961e-01 5.683319078009707592e-01 6.280598719260652718e-01
2.452000000000000000e+03 5.594111088347525351e-01 4.628169039588486133e-01 3.747763561113438557e-01 5.524110272580058378e-01 4.853728283918004038e-01 5.467917425750440374e-01 6.592631468294271047e-01 4.653106126845287793e-01 6.249423498581242464e-01 5.567978040476846413e-01
2.456000000000000000e+03 4.551755016664037479e-01 4.550868529861390455e-01 5.607079418247685743e-01 4.779063228037721545e-01 5.464731168416455676e-01 4.373883097659381769e-01 5.192660608672013955e-01 4.411969266496610920e-01 6.511684768071421825e-01 7.012210375609257973e-01
2.541000000000000000e+03 4.992880776800833198e-01 4.742941116779661459e-01 5.680630982752489233e-01 5.258627625436410602e-01 5.805793692595758726e-01 4.560759350913218269e-01 4.576892162831586175e-01 4.505663611173532646e-01 6.037578105059995259e-01 6.493868542657216247e-01
2.542000000000000000e+03 4.765442752219825051e-01 5.107851802094116600e-01 4.913681748824841877e-01 5.320783170316980559e-01 4.019473452612458697e-01 4.034189968279481842e-01 5.207141777484772804e-01 4.578460293485146493e-01 6.051717962260726447e-01 7.982393810505110654e-01
2.555000000000000000e+03 5.004086214155376577e-01 4.086137777296259821e-01 4.379919189621397924e-01 3.523717016531909829e-01 3.962598058509807508e-01 5.052517286505661120e-01 7.022030314373973736e-01 5.739784623220918203e-01 6.564812452705947043e-01 6.728127940592704137e-01
2.573000000000000000e+03 3.850798097821128696e-01 3.807578359654461564e-01 4.552862631911238078e-01 5.988926233680879063e-01 5.348597966611932097e-01 5.321583791653784479e-01 5.596030690113160677e-01 4.945550884973907158e-01 5.958119254426585965e-01 7.331535670535674898e-01
2.574000000000000000e+03 3.867210840049015164e-01 4.029779092702868715e-01 5.519064432135345477e-01 4.748191927325619011e-01 4.670306012540944018e-01 4.947571379769033495e-01 5.717698843462977187e-01 4.428644679741566836e-01 6.892988642294408663e-01 7.560230943924602931e-01
2.575000000000000000e+03 4.077626969068869345e-01 4.896762099960392245e-01 4.344654887016017875e-01 4.068618677289128072e-01 4.322284452931806631e-01 5.087963636662754530e-01 5.021288082527780583e-01 5.365968987419764691e-01 7.157013924208778244e-01 7.454591216845879442e-01
2.576000000000000000e+03 4.929579919815647027e-01 3.964203725130282518e-01 3.804348942601399330e-01 3.827368799270291500e-01 4.574476514985958975e-01 4.512634398376328404e-01 6.437946819530776521e-01 5.711962545360677046e-01 7.128062729742412618e-01 6.932399102749081665e-01
2.618000000000000000e+03 4.068431139492184601e-01 4.528867813295569533e-01 5.680296868606552474e-01 4.717882975793044054e-01 4.287109404502228438e-01 6.392600218252800781e-01 6.551925234487583349e-01 4.218622885944283141e-01 6.332203105346576599e-01 6.331786846859485118e-01
2.622000000000000000e+03 3.877136533807307717e-01 5.082642110320498841e-01 5.261469008842832862e-01 3.854147573063899657e-01 5.270820411210224155e-01 5.208084547074777193e-01 5.447278813128563213e-01 5.090827574756218166e-01 6.039628100641670772e-01 7.255767730386899483e-01
2.630000000000000000e+03 2.781949951257081666e-01 3.470645739853952527e-01 4.209926553185998066e-01 5.801737022809904110e-01 6.628560729384443961e-01 6.496656405085149411e-01 6.745868335221861800e-01 5.119089301806429848e-01 6.383989405929255678e-01 5.920624960796065928e-01
2.632000000000000000e+03 4.052915344203086301e-01 5.014554924376238842e-01 5.929723827856067109e-01 5.584040754539538742e-01 5.756791213477852054e-01 5.644102260408552230e-01 5.922996195102527839e-01 4.074333758966714458e-01 5.779897789827056487e-01 5.768542638489624341e-01
2.634000000000000000e+03 5.784549139172662224e-01 5.278771012519017924e-01 5.570931155047816885e-01 5.243278699325157888e-01 5.460480121894546457e-01 4.714960645635438707e-01 5.610444382820212184e-01 4.280066659901471948e-01 5.309131452909267024e-01 5.765893785930953364e-01
2.635000000000000000e+03 5.541092620598224716e-01 5.355768233941781142e-01 5.288013952599835976e-01 5.367510188243104219e-01 4.557353477383709883e-01 5.454515088683687951e-01 5.288922085875663592e-01 4.141897986681247201e-01 5.543597757625845501e-01 6.287308990875214443e-01
2.636000000000000000e+03 5.506877266660402670e-01 4.990441118226616179e-01 5.277168538574683598e-01 4.297777985657353361e-01 5.156131250051354531e-01 5.002156254806113811e-01 4.964340806500677772e-01 4.278929049335271628e-01 6.017716409799723776e-01 6.876567615643036646e-01
2.637000000000000000e+03 5.042610339618165405e-01 4.819932374059142655e-01 4.063985877503633604e-01 4.728866627942113210e-01 4.529121091609022431e-01 4.495573774527568123e-01 4.969954576862746221e-01 4.614694029138907139e-01 6.526243606437612810e-01 7.972819346880174463e-01
2.799000000000000000e+03 6.113785420117733294e-01 6.566721914367892321e-01 3.878192353094614964e-01 5.656339704526303080e-01 4.237294948587622678e-01 3.529315488733914541e-01 3.230462658298213219e-01 4.616433790210350274e-01 6.748260402570978034e-01 6.960061378804560661e-01
2.800000000000000000e+03 6.452786770780983838e-01 3.611729312029515193e-01 5.400692430078953832e-01 3.808072216615724370e-01 3.107493696852685061e-01 2.800293332379373834e-01 5.466295261323219634e-01 5.357366211346139551e-01 6.638025669515763560e-01 8.347453911287979755e-01
2.807000000000000000e+03 3.756302551621524821e-01 3.377582748484646014e-01 5.616710440695149575e-01 4.389952087180281071e-01 5.820235574503562770e-01 3.523344414710810057e-01 5.617015339021007581e-01 4.936073257974999406e-01 7.224329819727156599e-01 7.808817442496297501e-01
2.809000000000000000e+03 4.800851478561405372e-01 3.431518456009703955e-01 4.684580812872032873e-01 2.116849432412643006e-01 4.215217766042589909e-01 4.945008030966765444e-01 6.621332806882092026e-01 5.784357264550761268e-01 7.982917088641938719e-01 6.979596707532059741e-01
2.880000000000000000e+03 5.038196813920992057e-01 3.973281358760279991e-01 6.773034270525150058e-01 5.796865180591940225e-01 5.584289497771329769e-01 3.231076062849576047e-01 4.704919058598503456e-01 3.865468052952465428e-01 6.233804369913915622e-01 7.323385560348200096e-01
2.947000000000000000e+03 2.824031196174233704e-01 3.628590545829327718e-01 3.511603829628751616e-01 6.280864753751189689e-01 6.136044515541376754e-01 6.768380200184261897e-01 5.755635896410927765e-01 4.755223990798811973e-01 6.080073198773621179e-01 7.358801109743445812e-01
2.948000000000000000e+03 3.631818031061804231e-01 3.025756281883512644e-01 5.697671260438159635e-01 5.454653079410157757e-01 5.988872397828344241e-01 5.003060138959478653e-01 5.350602160109906302e-01 4.474578405525371227e-01 6.846567513381137671e-01 7.268896504038149242e-01
2.949000000000000000e+03 3.066588296982822315e-01 4.905624083302992933e-01 4.856906756782816692e-01 5.254658629478337062e-01 4.210315086845517474e-01 4.554651150095890833e-01 4.914916000376657879e-01 5.196226262032501708e-01 6.713768195361872193e-01 8.280383287521712043e-01
2.959000000000000000e+03 4.555427373348687747e-01 3.950424623519404044e-01 5.877501180837704231e-01 5.068648967049722565e-01 4.313891515819909817e-01 5.397166189289791527e-01 6.994090256665373984e-01 5.686804512532791511e-01 6.831876660519220490e-01 4.516418561734601433e-01
2.963000000000000000e+03 4.314424052604865500e-01 4.697053528848069148e-01 6.237570608848096443e-01 6.481629401215946995e-01 6.488062888276812101e-01 3.033873527617034771e-01 4.736275543143008693e-01 5.054983206721185285e-01 6.267883401595022441e-01 5.670243045261396109e-01
2.964000000000000000e+03 4.825442384610920676e-01 5.713143783004690501e-01 6.221884945169928738e-01 6.160087282551554022e-01 2.645040246806642514e-01 4.322370007896511046e-01 6.101044675400700834e-01 4.901097486160976291e-01 5.247773809227277431e-01 6.573333460217587465e-01
2.967000000000000000e+03 5.635742842460599311e-01 2.236934076832202412e-01 3.558194791863283912e-01 5.100412360170111237e-01 5.253269178296976483e-01 4.289596967993240528e-01 6.060648606013178119e-01 5.461548606046243703e-01 7.170485389310436997e-01 7.112846531999540423e-01
2.984000000000000000e+03 4.875708619462411075e-01 3.604444000775511303e-01 5.197090617786090938e-01 4.691660286907727295e-01 5.541066006117532083e-01 3.930793660289030877e-01 5.359938170447564598e-01 5.120403233493830975e-01 6.326593640181769063e-01 7.457122056463382220e-01
3.037000000000000000e+03 6.131292587404404415e-01 5.951824226399959894e-01 6.529754987025345736e-01 5.656368628427587142e-01 3.191746081450272943e-01 3.227986387588870909e-01 4.096766828916131309e-01 4.928992998145110827e-01 6.020835908160131478e-01 6.309382975153180473e-01
3.038000000000000000e+03 6.163191219141312960e-01 6.234011446185087069e-01 5.722453801674335372e-01 3.053708218253430307e-01 3.125364812440677431e-01 3.981862104899662747e-01 6.227689609509321489e-01 4.873274463747248042e-01 6.164865895639350946e-01 6.381828837822183242e-01
3.041000000000000000e+03 3.574167764567632855e-01 2.962550017789642998e-01 3.569216819943368812e-01 5.592526842155989275e-01 5.566443322633821689e-01 5.899888413833530576e-01 6.130804555791261601e-01 4.330790622465058304e-01 7.260538132871701134e-01 7.669909526659808297e-01
3.044000000000000000e+03 4.996956205713674048e-01 4.564973924265035565e-01 4.834020613974133185e-01 4.847393479720062404e-01 4.205863345606272730e-01 6.760499445398324703e-01 7.425498822987839365e-01 3.934955525487998651e-01 6.044169987945647859e-01 5.720502016424924285e-01
3.092000000000000000e+03 3.892103188126041502e-01 2.743848777895131485e-01 4.073740317120576049e-01 5.910518836509041085e-01 6.407926117154266743e-01 5.263771144423969872e-01 4.687635887524551070e-01 5.080344958504497965e-01 7.351182934940239111e-01 7.034363015668085861e-01
3.093000000000000000e+03 2.967322103960637891e-01 3.649264299747393969e-01 5.490656983443475969e-01 5.889593442885352470e-01 4.660176677607587026e-01 4.093411141297874645e-01 5.952323454695183091e-01 5.838762761625945208e-01 6.603891066200588966e-01 7.307429540037115867e-01
3.094000000000000000e+03 3.700798687144490340e-01 4.823326381774082905e-01 5.387967317359275699e-01 4.001817283800975233e-01 3.429138662130331028e-01 5.265135057852464717e-01 6.918700959003519779e-01 5.040066275608113822e-01 6.840179791219109795e-01 6.987359942081204922e-01
3.202000000000000000e+03 3.593545513365095645e-01 4.424896801874305674e-01 5.855714836547450952e-01 5.965778340844424266e-01 5.832855926155157134e-01 4.833500794355737318e-01 5.886157105429612457e-01 4.206408954434522895e-01 6.127448491821602117e-01 6.520769192065934972e-01
3.203000000000000000e+03 4.437925147302573259e-01 5.207490747589348379e-01 5.532867191453912925e-01 5.284909682595876346e-01 4.226565938443872517e-01 5.271799720856494842e-01 4.729999054690136040e-01 4.622156955789238908e-01 6.035457914947378599e-01 7.107296048451204884e-01
3.228000000000000000e+03 2.743897578078547950e-01 3.585182012977592980e-01 3.910056775759632730e-01 4.405429318695914809e-01 6.323185290050692409e-01 6.720735180564612055e-01 5.455566647795790924e-01 5.017658338392432249e-01 6.956344546272846818e-01 7.497183012983422712e-01
3.229000000000000000e+03 3.615202425225556015e-01 3.400350820028298360e-01 3.922631390772424176e-01 5.676731853784761084e-01 5.970398602788890008e-01 4.733971192578503850e-01 5.742524617857140967e-01 5.359684742382432310e-01 7.018420770323965385e-01 7.023293915252479813e-01
3.230000000000000000e+03 3.475331519201845243e-01 3.437101869136537369e-01 5.174573361556636941e-01 5.343744916805894807e-01 4.049522089868751173e-01 5.048322218646339454e-01 6.246313580761121420e-01 5.442778491963734533e-01 6.523960509773639727e-01 7.621501152403676871e-01
3.271000000000000000e+03 4.803740835104105544e-01 6.363327396990587914e-01 6.354884783487960709e-01 6.395846448544243446e-01 4.117390397087741238e-01 4.114119142428216969e-01 3.861831030027638723e-01 4.508958453326643578e-01 5.336140995448359625e-01 6.742684294584173621e-01
3.272000000000000000e+03 6.369761899049166676e-01 5.902334694876707477e-01 6.236391065505135778e-01 3.808974801993851855e-01 3.803179829089185504e-01 3.549306776573908917e-01 5.441004475004100893e-01 4.049573017026078525e-01 6.491339929031981759e-01 6.416911777660201377e-01
3.284000000000000000e+03 4.096265703275878134e-01 3.557166375977223183e-01 4.600216845310081126e-01 5.256194515478800344e-01 6.390382850608777865e-01 6.775901705997318114e-01 5.454551786063756014e-01 4.994368758470088543e-01 6.712913982648643918e-01 5.422568271651651006e-01
3.413000000000000000e+03 3.797981950356287828e-01 3.894485378700143774e-01 4.214591795934609086e-01 5.520691255081795479e-01 5.884906621819457895e-01 6.300686575076172025e-01 5.998090802088410500e-01 5.417732813196832753e-01 6.538603772011626347e-01 5.586142850937961812e-01
3.452000000000000000e+03 4.796759350478875805e-01 4.029140067048366247e-01 5.532261491951715460e-01 4.355968155137091569e-01 4.810382357194392666e-01 4.543839637602021808e-01 5.737948780483058675e-01 5.129373776104858562e-01 6.339469887132385129e-01 6.999477235028688238e-01
3.483000000000000000e+03 3.276158023034049793e-01 2.208123874875742298e-01 4.223519634498069109e-01 5.419452003468215873e-01 5.199812219579064143e-01 5.097532194030204300e-01 5.826308078779492972e-01 4.747014116558457286e-01 7.748297064633485887e-01 8.358501118229338944e-01
3.505000000000000000e+03 4.843054426715404093e-01 5.624510442308976454e-01 6.267718396496584354e-01 4.606092697996187479e-01 3.747208739814423817e-01 5.309871450862280184e-01 5.366738705762760242e-01 3.926164244026899564e-01 6.000465794579320500e-01 6.914360305151557862e-01
3.506000000000000000e+03 5.549833676682499606e-01 5.634195342796928241e-01 4.296011727575513861e-01 3.206840483290324673e-01 4.766545888715500445e-01 4.829258324997650620e-01 4.414455209923802692e-01 4.549665583833706339e-01 6.518681607091334484e-01 7.781521913396759471e-01
3.538000000000000000e+03 7.637249097470091286e-01 6.192682789927093090e-01 3.998203085314281369e-01 3.764160388583427941e-01 4.442821028412988760e-01 5.233671998482513077e-01 3.219449069548344644e-01 3.539050647529495275e-01 6.590558828127284219e-01 6.927828573150136560e-01
3.539000000000000000e+03 6.402079943879795954e-01 4.026483834066137413e-01 3.926519140985871292e-01 4.383791841947878298e-01 5.137086952014635610e-01 3.140532889022984997e-01 4.326746544196056754e-01 5.462695284732261847e-01 6.867061400311929020e-01 7.533670333825772669e-01
3.574000000000000000e+03 5.419364651180508252e-01 6.179738337551530236e-01 5.997750403525754503e-01 6.965609765078838445e-01 3.084658129890690548e-01 4.137296885879135910e-01 7.608515452639268428e-01 4.286614653553331156e-01 3.937868789037330397e-01 5.874731925373199992e-01
3.594000000000000000e+03 5.316210681897203250e-01 6.363512136298427047e-01 6.429837256493063924e-01 4.860256020027401425e-01 4.907949470010981030e-01 3.622643174983029013e-01 4.719424077678378571e-01 3.331117412129351862e-01 5.770630876648276120e-01 7.164482754948500176e-01
3.595000000000000000e+03 6.279456256755653332e-01 5.866242152310359170e-01 4.640633778132459697e-01 4.508386971598417059e-01 3.206413334542426163e-01 4.287208024070125467e-01 3.689753821514032972e-01 4.395847301666414020e-01 6.866746414556595957e-01 7.586510941235496963e-01
3.649000000000000000e+03 7.628165385321039604e-01 6.907581665907136514e-01 3.473684837859754571e-01 3.608591230243564096e-01 6.963078680984505775e-01 2.305059205472588524e-01 4.556705659372616291e-01 4.266869475711694282e-01 5.595762113904778623e-01 6.424444333404037977e-01
3.650000000000000000e+03 7.247254197350647686e-01 3.796882773658160626e-01 4.041519493707136923e-01 7.277661186499142509e-01 2.508707785398955337e-01 4.743513443487715198e-01 5.612612186670939973e-01 4.672368002596300474e-01 6.515159750586700937e-01 5.866359555271885018e-01
3.651000000000000000e+03 4.587523461700706573e-01 4.407992897543188682e-01 7.722344357277629578e-01 2.776356407650155123e-01 5.043444898124972431e-01 5.923789364688188952e-01 6.304469042750558971e-01 5.677757591186930464e-01 5.993506082153903236e-01 4.758534445280911407e-01
3.656000000000000000e+03 5.695493819307996253e-01 5.647132514117908508e-01 6.813846209865994652e-01 5.609080241882071771e-01 3.589732957155889470e-01 5.835212939729407244e-01 6.341637086614241303e-01 4.415467490668386619e-01 5.504170803483067198e-01 4.184621281185865183e-01
3.707000000000000000e+03 5.870319791350572247e-01 5.422900803618618815e-01 7.317248848935145045e-01 4.970017108818076124e-01 5.083150050789556618e-01 5.101500156570184519e-01 4.953247668247815483e-01 4.917602453131994511e-01 4.463498216132033014e-01 5.168915379363324680e-01
3.791000000000000000e+03 5.323605814008052217e-01 5.481412119469724065e-01 5.801174682478216216e-01 3.916650036780016109e-01 4.729402246548950473e-01 3.988886525531983862e-01 5.638659578861798805e-01 4.835073487641556311e-01 6.246223661007177519e-01 6.344887793159360578e-01
3.792000000000000000e+03 5.785953080425101369e-01 5.633787707073383277e-01 4.089587875194832245e-01 4.697060204665778338e-01 3.924333303635170744e-01 5.567914977934496079e-01 6.146964467541533583e-01 5.132794155028096439e-01 6.240064366435561505e-01 5.351607931088672165e-01
3.796000000000000000e+03 3.877079445611004704e-01 4.691482544010395772e-01 5.232417224565499847e-01 5.518237053146943794e-01 5.513444062238048726e-01 4.111356810918718185e-01 4.890371252519347678e-01 5.298424557082970221e-01 6.543859713625708174e-01 6.766528880200335383e-01
3.797000000000000000e+03 4.700128190548558127e-01 4.690562199293866752e-01 5.137840176544578030e-01 4.992302894311149153e-01 3.552265981637159342e-01 4.319489588282816039e-01 6.279930992506626009e-01 5.059668696637213969e-01 6.330104670096271535e-01 7.140864102723718521e-01
3.853000000000000000e+03 6.360697741710816810e-01 5.794182201394136866e-01 2.693821652362505259e-01 1.696079864055888564e-01 4.466094651429632356e-01 4.913557013357893188e-01 6.508150218389591180e-01 5.397237241916141848e-01 7.049017438982485562e-01 6.519945077857244309e-01
3.899000000000000000e+03 4.428378605948797841e-01 5.340335889801899327e-01 5.993276997119547644e-01 5.929359118903979597e-01 5.680701084858242877e-01 3.844857785106005621e-01 5.305242703244451574e-01 4.572181467720408121e-01 6.326204577758838266e-01 5.619728369423940828e-01
3.900000000000000000e+03 5.555011201390378517e-01 5.682797288830050420e-01 5.898817556246150895e-01 5.541863871215345627e-01 3.648224970263651001e-01 5.098201090557578086e-01 5.642654781037033107e-01 5.112047801792007906e-01 5.345514171592011810e-01 5.386804591893039618e-01
3.902000000000000000e+03 5.815135634556481969e-01 5.304553564381160324e-01 3.532287582109350232e-01 4.758250065269107321e-01 5.255038303051859927e-01 6.222577408559243350e-01 5.082675280146181640e-01 3.916764648878670596e-01 5.954488117677124714e-01 6.677508646720619057e-01
3.903000000000000000e+03 5.537046706965370602e-01 3.525439306429783426e-01 4.785235730330341664e-01 5.119254368519272624e-01 6.009728824705012906e-01 4.894163249523634796e-01 4.748849954788431638e-01 4.756498346087350004e-01 6.516335130655274144e-01 6.526967738640959693e-01
3.904000000000000000e+03 3.879196321342300302e-01 4.531971786521908907e-01 5.020636218442199317e-01 5.782581180706054536e-01 4.587230444421447895e-01 4.447686607173759743e-01 5.801112246684371199e-01 5.229636622004306679e-01 6.267258075415833574e-01 6.977862224119983914e-01
3.954000000000000000e+03 4.424403372280438229e-01 5.326602143309392412e-01 5.630813088555144397e-01 6.251162703357088235e-01 5.603108365212299269e-01 3.855604136827724959e-01 4.443517576840569361e-01 4.518793382045899754e-01 5.815036184861488433e-01 6.812977173362011474e-01
4.034000000000000000e+03 6.684366586695551504e-01 7.025221971664407095e-01 3.893735796618784661e-01 3.850352365867898974e-01 6.113579107574701466e-01 3.347700105971543327e-01 3.790685912222077625e-01 2.950952286620942000e-01 6.870706951258898076e-01 7.171926356725386587e-01
4.035000000000000000e+03 7.011513991716996630e-01 3.795474482606965849e-01 3.852735067954465298e-01 5.949525719565781356e-01 3.120026033561088541e-01 3.551385272923754943e-01 3.349452826137172545e-01 5.622826907909711514e-01 7.015456931686695485e-01 7.656660620559836428e-01
4.044000000000000000e+03 3.745848490231075689e-01 6.092660258888167313e-01 6.784376617731212589e-01 5.634368867861123675e-01 5.304416644642032663e-01 4.170132161512775104e-01 3.270602482609324957e-01 4.111018396787387008e-01 6.919942928069204857e-01 6.573798598939796234e-01
4.046000000000000000e+03 6.125548499921856793e-01 4.957286322647183052e-01 4.707682300564127731e-01 3.318583878294531497e-01 2.454743175895418572e-01 4.351111356538003294e-01 6.756786038188964394e-01 4.850072937327837286e-01 7.189354905872077373e-01 6.888554446244279372e-01
4.055000000000000000e+03 3.115037988390432222e-01 4.732522344582913987e-01 3.608081632166266206e-01 6.469392084316850644e-01 4.615020371168954694e-01 4.894076926679574724e-01 5.062571125575131559e-01 5.614547884916024634e-01 7.160825906591697931e-01 7.023597742365709218e-01
4.077000000000000000e+03 2.875298629648828097e-01 2.693003311600495331e-01 5.046999169007146957e-01 5.869364366123630550e-01 7.683474445227371774e-01 7.001571494482748959e-01 5.315236098930358200e-01 4.676120438269804058e-01 6.886550618220373954e-01 5.667119243392654271e-01
4.091000000000000000e+03 5.031783578861751538e-01 4.685250685512691304e-01 5.873365632842529882e-01 5.961963943621413353e-01 4.601572860033448786e-01 4.521518518440662548e-01 2.855906356628094001e-01 4.170135960397809982e-01 6.507021096653250458e-01 7.791756137048305719e-01
4.092000000000000000e+03 4.668510624994727798e-01 5.224774892508416979e-01 5.531185238086712141e-01 4.016660250306091084e-01 3.922013954816831460e-01 2.266674453202481287e-01 4.681732444396417558e-01 4.998455761510754991e-01 7.423449012181219109e-01 8.384921232260077462e-01
4.097000000000000000e+03 1.676734909259122996e-01 2.848180107891421509e-01 4.289439257241523529e-01 5.940204139556396479e-01 7.334153909652838532e-01 5.573074919451972420e-01 6.095784280623639528e-01 5.516940245481772864e-01 6.528098299929508963e-01 7.327598747390206002e-01
4.213000000000000000e+03 5.432217647395389815e-01 5.316674055250828479e-01 5.733396166001842875e-01 7.628470088462893095e-01 5.611794134839424020e-01 3.076137463875162070e-01 4.575488668552235572e-01 4.325775057596350504e-01 6.005089084440548008e-01 5.364506467400675938e-01
4.216000000000000000e+03 7.443934686879316587e-01 5.632967202244449911e-01 3.205205172451233708e-01 4.467458257847488068e-01 5.356905947409442703e-01 6.228908161920644337e-01 5.141739485956969835e-01 3.461903839675609107e-01 5.683428276237367793e-01 5.936196820402669383e-01
4.372000000000000000e+03 6.454145607767132198e-01 5.227563045899662475e-01 5.324867590332383882e-01 5.743789758025543701e-01 3.992982701363369524e-01 3.304338212698249566e-01 2.859066665193309431e-01 5.209106334376714109e-01 7.192989677072002541e-01 6.260085575603918651e-01
4.373000000000000000e+03 5.779154508354001907e-01 5.458946570866014536e-01 6.135840068471727360e-01 4.218902071446911095e-01 3.522004976698436818e-01 3.072688038568419100e-01 6.953261419343786942e-01 6.279189609934335836e-01 6.353489774400544743e-01 4.649344456138941317e-01
4.389000000000000000e+03 6.202013623846344137e-01 5.613082185271550673e-01 4.644658410083800648e-01 3.589893359293437336e-01 5.171066903410916904e-01 5.820608932461883711e-01 4.928486498935882865e-01 3.934588948241621309e-01 5.539358973901731265e-01 6.892453060092574857e-01
4.390000000000000000e+03 6.003220598457774670e-01 4.724727571236084778e-01 3.900661505324579670e-01 5.287851249743957815e-01 5.861149571966153271e-01 4.989612256191944262e-01 5.023346976466989133e-01 4.525496876042401362e-01 6.936234359177202435e-01 5.347562839903721166e-01
4.391000000000000000e+03 5.255361826339659537e-01 4.109256384279033059e-01 5.593130261466490172e-01 6.054801779071344869e-01 5.088896289177621268e-01 5.133705522150288081e-01 5.896767651718199943e-01 5.949122167350858748e-01 5.277304009972449972e-01 4.865218125885452105e-01
4.441000000000000000e+03 4.949175794945652185e-01 5.748274205043713003e-01 4.242627648999660050e-01 6.799170115554331595e-01 4.432608494302107127e-01 4.428726313465211062e-01 5.538773758825840110e-01 4.808786778841279141e-01 6.376703682258989536e-01 5.506439909724827331e-01
4.490000000000000000e+03 4.534683662099221468e-01 3.631495128041327125e-01 4.101951473321948649e-01 4.646024133629487740e-01 6.200748555523043493e-01 6.054274322046058199e-01 4.968815884756425660e-01 4.764949835057171734e-01 6.616822552760871501e-01 6.968628908866808525e-01
4.491000000000000000e+03 3.720864521449732121e-01 3.642877645210260695e-01 4.238035140928281264e-01 5.638614777437643832e-01 5.401051220151296128e-01 4.336503049791913256e-01 5.478784469206393615e-01 5.087119420486116983e-01 6.505499328059550779e-01 8.104788782129751512e-01
4.492000000000000000e+03 3.767133181213362936e-01 3.803846569162807612e-01 5.240433255626294473e-01 4.862588961726347359e-01 3.760415338512191896e-01 4.890170873144418784e-01 5.973435146665940776e-01 5.011995737546660612e-01 7.780388370334315740e-01 7.082867611520826667e-01
4.519000000000000000e+03 4.608911856510277127e-01 4.065621273207888353e-01 4.145190027928532528e-01 5.875585592579590788e-01 5.725442427701218362e-01 4.688744040027358340e-01 5.008145096171657817e-01 4.421824423942088966e-01 6.047457489068277514e-01 7.773808671175401752e-01
4.520000000000000000e+03 4.214114039444701310e-01 3.807091893110927106e-01 5.566174105241599168e-01 5.298178535696741465e-01 4.202949016882556732e-01 4.520925230830538100e-01 5.149908091254772335e-01 4.630866589741148287e-01 7.492569620580006307e-01 7.278157868488243087e-01
4.574000000000000000e+03 8.802549611689179931e-01 5.256085642862913243e-01 5.656711502271907221e-01 2.906410680205330777e-01 3.683838892478035754e-01 4.518833423570844943e-01 3.506091050051692304e-01 4.235258609688916098e-01 5.638079895747041270e-01 7.083674885769373208e-01
4.575000000000000000e+03 6.032187253444941666e-01 6.011264007614037785e-01 3.672113855906380397e-01 4.195320381735708204e-01 5.012498488133307895e-01 4.009388715649190860e-01 5.889825286358837397e-01 4.946031225470454706e-01 7.476390384148710044e-01 4.974199789316018916e-01
4.582000000000000000e+03 5.295841716577179836e-01 6.615680669136501102e-01 3.223052520341544991e-01 5.157928319574246467e-01 3.788420926214597917e-01 3.445422690884370476e-01 4.481435740063721695e-01 5.454326010531675983e-01 7.138717086820848268e-01 6.832182855466704119e-01
4.583000000000000000e+03 6.604197293431708360e-01 3.153258794667767595e-01 5.057070057170125477e-01 3.484090410022761541e-01 3.159346441641825431e-01 4.180744462181604781e-01 6.769794814457272825e-01 5.845189319349287649e-01 6.600412959055991236e-01 6.766449825029721143e-01
4.625000000000000000e+03 4.284504501157107570e-01 3.206608998380590103e-01 3.697363446442471502e-01 5.221415993331373073e-01 5.333621540416052520e-01 4.803462974666173335e-01 4.865914669378704760e-01 5.085538009095244005e-01 7.419765089971099847e-01 7.901576325028314418e-01
4.687000000000000000e+03 5.538667842829401167e-01 5.700465991940284471e-01 5.466554641560417149e-01 6.172773491245984179e-01 3.628760931501197606e-01 3.233655852170582157e-01 3.331054642395548937e-01 4.283410984973722857e-01 6.673925549857159245e-01 7.641260266849466687e-01
4.718000000000000000e+03 6.329643239039799418e-01 5.200722065094924851e-01 6.035995214427722910e-01 6.724641255948290430e-01 3.113976714134379375e-01 4.942449300196356532e-01 5.351992271184589089e-01 3.517347465620348501e-01 5.739434417935030952e-01 5.975936929018977883e-01
4.719000000000000000e+03 5.420273949908308575e-01 5.707424388985069541e-01 6.651924467446135303e-01 2.869880924452944959e-01 4.715597636339453058e-01 5.129872123405437856e-01 4.161031453687506487e-01 4.519855693687897524e-01 5.724553114749987293e-01 7.188668113778006186e-01
4.797000000000000000e+03 6.013076384794365792e-01 5.264112653090988747e-01 5.984185212880432925e-01 3.184189144588772113e-01 5.006433497119813225e-01 3.926321123127949342e-01 4.796688606739129002e-01 5.031246929656766342e-01 6.602674405053445827e-01 6.166958825937991495e-01
4.815000000000000000e+03 5.026816794744956018e-01 6.298912815081814109e-01 7.343261182499786210e-01 4.638805981125219691e-01 4.488202728135958774e-01 3.060289723777648296e-01 3.352354227389347519e-01 4.444062246951710482e-01 5.948796975272144794e-01 7.377498517371785525e-01
4.816000000000000000e+03 6.146093352909046681e-01 6.583970701492147803e-01 4.330770849002281153e-01 3.975137500357988074e-01 2.558251008583543040e-01 2.832296592585312189e-01 5.135955934417594237e-01 4.501008300574789733e-01 7.026679669657678318e-01 7.926182978686238112e-01
4.832000000000000000e+03 3.100746743547373452e-01 4.537671546786339327e-01 5.987574256629539793e-01 5.158760263378389110e-01 3.978466326974447465e-01 4.883714963197005599e-01 5.673465690431751529e-01 5.410331092677347353e-01 7.070709545745232916e-01 6.722157851770939052e-01
4.836000000000000000e+03 3.482119237643826470e-01 3.599849191914586410e-01 4.202138950382255933e-01 5.316727036227058001e-01 6.058517178027593708e-01 5.583849336859265655e-01 4.855289712515910017e-01 4.920036066525951823e-01 6.919456166298444399e-01 7.490628440228184193e-01
4.851000000000000000e+03 4.937513404665989092e-01 4.603005415928704269e-01 6.370726077785322516e-01 6.539507195100250359e-01 4.196094363412063988e-01 4.492063270708330225e-01 4.714668505101186069e-01 4.107393650393726392e-01 5.900617142143296245e-01 6.877913988118541377e-01
4.852000000000000000e+03 4.721551167240520819e-01 5.806349864164139785e-01 6.250313929510531441e-01 3.763922690566848250e-01 4.053161590252569169e-01 4.273672315175953695e-01 4.758278422310844857e-01 4.517980622275871716e-01 6.547132614503419212e-01 7.300610785608162567e-01
4.854000000000000000e+03 5.981579969434818178e-01 3.668985577368372164e-01 3.801941942108530981e-01 3.776418248988169801e-01 4.250961693527889329e-01 5.261160476449951995e-01 6.598485791328398964e-01 5.891477193574938820e-01 6.522281686908940612e-01 6.255521284201408516e-01
4.892000000000000000e+03 4.322988270195085025e-01 2.719567939809873214e-01 4.561366003849067208e-01 5.445960994030185631e-01 5.573909083875131509e-01 6.176464735387297011e-01 5.331396954906589825e-01 5.119876857474104925e-01 7.024574446905027525e-01 6.427231590952344753e-01
4.931000000000000000e+03 4.573535969526099088e-01 6.303828217330763595e-01 6.003496737447591158e-01 5.849124643444952865e-01 4.786967260142419578e-01 2.203421439170011042e-01 4.306310399701790415e-01 5.017674481746550175e-01 6.720653710479954634e-01 6.394918232064256136e-01
4.932000000000000000e+03 6.246010048214648558e-01 5.512154379324046838e-01 5.618127602727708281e-01 4.408379414281422548e-01 1.833598404620565836e-01 3.900953591783704599e-01 6.055335561311101511e-01 5.353346077858468499e-01 6.044005916714196847e-01 6.769290499727020904e-01
4.933000000000000000e+03 5.770971281356819249e-01 5.424333802596242871e-01 4.511539391733583315e-01 1.641845601341551664e-01 3.784472508101957566e-01 5.928562150586521584e-01 6.813222907400149353e-01 4.892677246271523450e-01 6.665021500831335155e-01 6.515216628368657448e-01
4.936000000000000000e+03 2.336760507630671890e-01 3.341924660436987882e-01 5.254111696344870852e-01 5.944996716525746683e-01 5.360338775118719257e-01 6.348329108977986968e-01 6.094349790027371316e-01 4.974555640405047274e-01 6.195723271889943540e-01 7.318188591696003220e-01
4.957000000000000000e+03 4.031562314552651349e-01 4.222895903234861747e-01 4.669735052332243397e-01 4.647930770696286351e-01 5.808876966671656650e-01 5.498589908197051290e-01 4.929953833167425858e-01 4.823912779991160749e-01 6.731540402551654534e-01 7.069668411686493847e-01
4.958000000000000000e+03 4.243378926636044435e-01 4.144952960612212634e-01 4.242871421532114495e-01 5.237550948630991243e-01 4.858240116647162821e-01 4.300984276427127218e-01 5.563559933874674401e-01 5.202614266975429391e-01 6.617955337642758007e-01 7.634980159954054546e-01
5.020000000000000000e+03 2.370565548204823791e-01 2.093706326861291267e-01 5.982038294965102976e-01 7.743681540149680576e-01 6.794564243381567836e-01 3.610838509522172335e-01 7.370056317639178678e-01 5.798742697795449264e-01 5.266342422851688632e-01 6.661724680756008210e-01
5.021000000000000000e+03 2.385559587237288670e-01 5.316900496992061909e-01 7.241987308033859261e-01 6.275040848538390170e-01 3.023428255723914493e-01 6.742353583163092079e-01 6.934744841473458044e-01 3.770372692661554392e-01 6.187775409292299855e-01 6.022564624904211961e-01
5.024000000000000000e+03 6.176158809717666731e-01 3.069636444517634954e-01 6.518192762662697870e-01 6.548649546574206726e-01 4.287106712242210182e-01 6.163133012740217298e-01 5.820967521171330761e-01 3.523594962025237143e-01 6.126940724819159856e-01 5.269095058549913002e-01
5.026000000000000000e+03 6.136404922577742838e-01 5.980150421714525155e-01 3.968023109376401236e-01 5.632029173097073960e-01 5.224980726116477125e-01 3.817131137893809978e-01 5.950264329820951215e-01 3.640397257837767464e-01 6.373009027228202505e-01 5.909233319731393985e-01
5.027000000000000000e+03 6.412840484544268804e-01 4.220276500036518330e-01 5.985433545155761648e-01 5.455350710215562948e-01 3.987957220003071068e-01 6.118912239022201716e-01 4.721923081904694786e-01 5.432897646264109870e-01 5.937148206154834185e-01 4.621713140262307395e-01
5.289000000000000000e+03 3.280945436817049310e-01 3.769301822386286749e-01 4.241517188135898730e-01 4.463946215426696784e-01 5.420016229270174790e-01 5.467303084615235953e-01 5.929849102042058506e-01 4.683221425022837670e-01 7.466886012450325572e-01 7.594728941315341819e-01
5.290000000000000000e+03 3.752891607261493179e-01 3.664249253781657334e-01 3.947742876783528199e-01 4.713347838056167749e-01 4.708765936373462968e-01 5.172343740274472079e-01 5.247527592649414707e-01 5.840001320438878984e-01 7.101118063576892236e-01 7.698922208960591318e-01
5.309000000000000000e+03 4.207387409922134780e-01 4.822915168711053857e-01 5.644047732671325646e-01 5.492212914962212311e-01 4.669394666291431517e-01 5.866452208557203507e-01 5.003846827947884268e-01 4.226326145472740770e-01 6.247223604294852572e-01 6.685070854489283398e-01
5.310000000000000000e+03 4.903087514940552838e-01 5.152236590966773333e-01 5.225242170900704641e-01 4.236751983035699776e-01 5.389611315114960499e-01 4.545231383962945459e-01 4.907434824016140840e-01 4.849202851139905457e-01 6.324788328298552864e-01 6.742057892488526605e-01
5.311000000000000000e+03 5.249016025186961087e-01 4.846475559011280132e-01 4.086393120807196300e-01 5.054817173460954827e-01 4.160859762168059306e-01 4.521493027131299747e-01 5.844792603236191875e-01 4.978586871395846991e-01 6.440358778036294751e-01 6.923919803990228328e-01
5.312000000000000000e+03 4.935081620560408666e-01 3.792726295253438518e-01 4.818173802235172221e-01 3.726251526392529989e-01 4.080887404804701690e-01 5.395463026486432279e-01 5.966049330646101545e-01 5.050822379283058661e-01 6.596464046104920653e-01 7.588032648376199507e-01
5.313000000000000000e+03 3.990451265442987450e-01 4.418815553978141519e-01 3.516852884245075250e-01 3.621960939732165041e-01 4.919590726816489568e-01 5.494458615632566989e-01 6.044641917462746372e-01 5.189563176023570534e-01 7.305999010044997855e-01 7.437064461158844342e-01
5.671000000000000000e+03 5.490463728544798805e-01 6.907167665091838993e-01 6.524340886168221720e-01 5.969783677379294495e-01 4.194446570553750919e-01 4.686536481780091412e-01 5.828457438976827332e-01 3.468187230091155926e-01 5.137851562509224701e-01 5.255085928548065555e-01
5.674000000000000000e+03 6.509733776525780113e-01 4.732780504777161501e-01 5.202679251219535228e-01 6.167439829647592964e-01 4.582940774153358987e-01 5.443603653610583626e-01 5.386302389041718319e-01 3.899831371589747575e-01 5.576597528112763325e-01 5.554617302453671579e-01
5.676000000000000000e+03 5.369749739250457843e-01 5.949121645962857086e-01 4.591043928035417609e-01 5.239980229952116986e-01 5.127779369256989517e-01 4.669057810793410535e-01 5.527964110555588784e-01 4.189684541462925238e-01 5.418855463018854568e-01 6.589550972257270933e-01
5.677000000000000000e+03 6.039029298865301598e-01 4.385314111385502645e-01 5.165182296242893933e-01 4.899333060013024155e-01 4.393343788530136296e-01 5.251240849126197485e-01 5.041978794719095269e-01 4.163485264797633367e-01 6.356573410643164834e-01 6.653905151566433807e-01
5.678000000000000000e+03 4.577479748273702298e-01 4.798589152583147555e-01 4.730985143962756490e-01 4.030949095162476015e-01 4.861500065277957749e-01 4.661031690999576371e-01 4.898503664288439419e-01 5.014252805741292729e-01 6.348277483277636746e-01 7.909185861121218464e-01
5.776000000000000000e+03 4.237684710844387692e-01 4.033266430309446204e-01 4.649907049651340607e-01 5.293755433363587226e-01 6.056029691010815785e-01 5.919369649767018959e-01 5.990727733421229440e-01 4.946590869031341486e-01 6.188235182491841346e-01 5.835833309340676678e-01
5.889000000000000000e+03 2.900217762243822994e-01 2.868209232025328292e-01 4.821901213578680401e-01 5.258817274559198784e-01 6.827287264906869435e-01 6.415304663322958234e-01 5.834075338159577795e-01 5.871747080362677007e-01 6.819585710801712164e-01 5.658458265856939340e-01
5.891000000000000000e+03 4.390965095335349067e-01 4.398429611738549072e-01 5.949327888163657985e-01 5.317920969743950010e-01 4.689783716871990804e-01 6.500485246133830275e-01 6.339236681165001386e-01 3.663074007533715370e-01 6.294648048611029001e-01 5.901608607533509465e-01
5.893000000000000000e+03 5.760124857038610990e-01 5.007232431878414491e-01 4.454200199004352267e-01 6.064170608592930334e-01 5.818090617048301549e-01 4.094897583344512260e-01 6.267718947939230345e-01 4.387360526322360288e-01 6.514063746705186508e-01 4.756365006048767774e-01
5.894000000000000000e+03 5.399684620935785162e-01 4.480236497974569021e-01 6.208230894283095491e-01 5.869102402967633081e-01 4.070530998323686478e-01 6.237883751456653192e-01 5.566404379981073625e-01 5.429562079274935504e-01 4.529854943984042981e-01 5.484657249266854384e-01
5.898000000000000000e+03 4.676039325488647869e-01 6.062089069430202093e-01 5.551859827430597472e-01 6.865290208733355604e-01 4.082224667321219247e-01 5.205793108015754900e-01 5.314403782111645214e-01 3.600350999631761195e-01 5.383063482673837719e-01 6.451818245922318340e-01
5.899000000000000000e+03 6.051934103896228212e-01 5.135455288448448341e-01 6.622154785852409908e-01 3.704751278932285063e-01 4.812277772277621657e-01 4.927346667337454411e-01 4.112051583893162054e-01 4.047757213223913686e-01 6.124059816607343443e-01 6.712315985131643847e-01
6.165000000000000000e+03 4.376270240205399897e-01 3.532602935761824936e-01 5.433230850063106576e-01 4.490017052570163814e-01 3.340968180269849319e-01 3.877588885682461961e-01 7.390730493344811469e-01 5.721772845521694295e-01 7.132433320684380407e-01 6.823125132857563724e-01
6.171000000000000000e+03 5.381585803808939250e-01 5.015899440705112733e-01 5.492933355544967755e-01 4.859111539961246118e-01 5.814818728551472971e-01 3.882840884017854655e-01 4.158610119338755351e-01 4.071874175977370780e-01 7.133320415715119767e-01 6.457427525655338174e-01
6.172000000000000000e+03 5.158779063648040175e-01 5.116409617553189237e-01 4.724779198249756673e-01 5.534229962892149857e-01 3.546728942332528223e-01 3.815435217513797883e-01 4.804361024660713797e-01 5.807074974456583050e-01 6.157799607777026951e-01 7.116298450707900791e-01
6.173000000000000000e+03 5.279498942325776545e-01 4.475277793556379224e-01 5.417212343828531340e-01 3.231096431818487047e-01 3.520903844175557462e-01 4.499061018936029721e-01 7.256873344808636439e-01 4.871841222727033571e-01 6.908941703844279081e-01 6.661444982412740856e-01
6.176000000000000000e+03 3.318423854103398907e-01 2.870302850211671197e-01 3.575613632969003031e-01 6.105678994143992622e-01 5.055537868702648652e-01 6.399100084156342794e-01 6.031441660155663076e-01 4.759248442645474531e-01 7.380709311135303929e-01 7.197737514051686381e-01
6.191000000000000000e+03 2.644146191617409714e-01 3.077373517454354834e-01 3.374298840245993358e-01 5.453390642245889985e-01 5.383517607225830615e-01 6.534180335221282387e-01 5.718753120836418402e-01 5.253979631256624483e-01 7.200198519271598929e-01 7.812457589776107270e-01
6.203000000000000000e+03 4.617970236061039180e-01 4.321562809770644331e-01 4.210529429433955140e-01 4.429198083865935609e-01 6.102669288596633823e-01 4.388677270143511722e-01 5.280592596544844142e-01 5.419167295124878159e-01 6.251839049579285268e-01 7.130362518655277704e-01
6.204000000000000000e+03 4.438852105922323488e-01 3.863890463052369051e-01 4.171863598154659791e-01 5.686863701860221942e-01 3.907000091435228195e-01 4.790705288707863829e-01 6.532621463988647070e-01 4.832279132596831728e-01 6.789291829115235988e-01 7.291561035736007224e-01
6.214000000000000000e+03 6.832366038221820981e-01 5.442538106001542086e-01 5.873652211451120264e-01 5.845223635119677352e-01 4.335092785382908542e-01 4.710501511208322056e-01 4.889164355817834928e-01 3.887348738127572867e-01 4.875256130516602560e-01 6.109438786912062547e-01
6.215000000000000000e+03 5.792920063577265966e-01 5.744715466794063641e-01 6.007241971178090001e-01 4.342598203425906411e-01 4.688956005704737473e-01 4.873925361897827879e-01 4.880864105008203557e-01 3.810982982351384663e-01 6.021087556087294512e-01 6.384852416010865506e-01
6.250000000000000000e+03 4.975903395850734823e-01 5.500344091551661041e-01 5.257559458664750052e-01 3.702478342555498014e-01 5.172638179510722356e-01 5.170781371956983952e-01 6.068046365632016048e-01 4.612260908134906967e-01 6.356867905085591408e-01 5.875419217093634794e-01
6.265000000000000000e+03 2.782193060226019199e-01 3.752065718526454430e-01 4.394382970924337606e-01 5.788056543711257440e-01 5.877847189242051407e-01 6.862100099729343539e-01 5.286461055503840489e-01 4.580945965667495012e-01 6.436906659737213765e-01 7.279131001111087684e-01
6.266000000000000000e+03 3.793886777918500930e-01 3.862496940477210816e-01 5.293830687206760865e-01 5.260943712328366439e-01 6.151176859447307077e-01 4.608311211414036768e-01 5.180172603971230361e-01 4.877852214479969084e-01 6.811961622123013926e-01 6.799649432067773613e-01
6.267000000000000000e+03 4.014552591652679747e-01 4.794986993337997383e-01 4.947185079308663025e-01 5.709880776858536899e-01 4.097230877481162215e-01 4.664729964814321450e-01 5.755143585294135722e-01 5.366740490543380204e-01 6.408782036958046158e-01 6.712756344072541292e-01
6.276000000000000000e+03 3.435938105277993038e-01 3.596349177373218686e-01 4.665089205273743600e-01 5.291230930758376028e-01 6.253671164501773960e-01 5.912916690895418936e-01 6.335607888498034912e-01 5.337845207172153827e-01 5.997250381602154956e-01 6.339136516283173650e-01
6.279000000000000000e+03 4.737491198532542969e-01 5.129109377233818101e-01 4.803013839812312891e-01 5.008888146846315337e-01 5.528508547679754637e-01 4.992943116375185286e-01 5.385394748619523053e-01 4.682999045848863506e-01 6.345343729637190622e-01 6.103305088780028864e-01
6.457000000000000000e+03 6.106453250693870682e-01 5.426710586084679822e-01 4.376362950349905745e-01 3.800838167591962247e-01 4.254311980577013541e-01 4.425986156156090923e-01 4.867458894689109528e-01 4.741517881723119054e-01 6.533874618301566128e-01 7.123214977153181637e-01
6.479000000000000000e+03 3.029255687184145840e-01 3.912385225978153858e-01 4.469710800952551022e-01 6.285699631771062279e-01 6.166915373965287106e-01 6.022984849878739722e-01 5.610257801892720719e-01 4.813539218975574352e-01 6.377749927096075799e-01 6.536245272810695672e-01
6.545000000000000000e+03 3.011530278565331953e-01 3.574930160125617817e-01 4.477148158098640529e-01 4.406788889770360540e-01 6.338652485958529148e-01 6.794944471044883638e-01 5.741018182507544587e-01 5.250283988549372394e-01 6.211485037595781966e-01 7.085912861533248952e-01
6.546000000000000000e+03 3.694723252755801046e-01 3.999851554496783312e-01 4.038351433344547492e-01 5.812929474271704144e-01 6.159620129119075527e-01 5.133795659392825783e-01 6.182758795385235873e-01 4.709515044325705002e-01 6.656410480393397666e-01 6.548466900697063053e-01
6.549000000000000000e+03 5.287318807984420221e-01 5.227801096440833906e-01 4.243019892213296118e-01 5.066312675928578146e-01 4.880127841492273855e-01 6.100422853015133873e-01 5.908037726809478585e-01 4.255576105432825051e-01 6.016716087772948640e-01 5.928214203832775642e-01
6.552000000000000000e+03 4.978859470678850263e-01 4.387075029283669103e-01 5.515164854951219997e-01 5.122538899064594808e-01 4.584141224463919584e-01 5.554232713430430346e-01 5.304428642758551860e-01 3.992054021273387932e-01 5.918943885391829696e-01 7.259879909497396477e-01
6.553000000000000000e+03 4.643070802051468826e-01 5.180250820626819408e-01 5.028812078177360423e-01 4.313192531407614716e-01 5.242412422570909003e-01 5.005505276732081787e-01 4.744026095051850911e-01 4.641842833181455408e-01 7.072604138817384367e-01 6.444955687385864884e-01
6.557000000000000000e+03 4.912834541663273491e-01 4.216762935869626805e-01 3.874413779535957891e-01 4.841995143078047792e-01 6.651702652107139846e-01 5.764231703554540953e-01 5.415638355762388834e-01 5.044158230514437236e-01 6.071099805611541722e-01 6.022367540466070368e-01
6.559000000000000000e+03 3.993556459094090849e-01 4.429600388466455319e-01 6.216376283600800745e-01 5.110451461094024372e-01 4.717024076624332096e-01 5.806543683114938625e-01 5.760119817430896516e-01 4.375051961880245255e-01 5.968226139278871578e-01 6.663075963458313655e-01
6.560000000000000000e+03 4.575787032549186173e-01 5.678410328759567749e-01 4.882058500201819085e-01 4.311408297224938457e-01 5.355451905500647758e-01 5.321744738185729684e-01 5.138909232012676132e-01 4.591467770424211281e-01 6.319171245768265832e-01 6.396857755274121260e-01
6.603000000000000000e+03 4.187680706824081778e-01 4.074036335559107491e-01 4.346846160657732994e-01 5.389534815446369587e-01 5.871938685287595439e-01 5.645042664025635704e-01 5.509024106541018373e-01 5.131270175322951710e-01 6.415653167326446082e-01 6.249740990246378525e-01
6.665000000000000000e+03 3.972449129919070065e-01 3.514714091959051934e-01 4.666845265407282284e-01 4.833939681919677822e-01 5.806494884784503263e-01 5.164933323909615126e-01 5.768042132512662956e-01 4.882294311681718013e-01 6.794539748750492159e-01 7.112194960115689746e-01
6.706000000000000000e+03 5.148925171039024917e-01 4.974309918435273481e-01 4.749118991198358342e-01 4.218113691812014898e-01 5.335047070764041832e-01 5.362368357258628926e-01 5.438317672402510627e-01 5.149960281738953372e-01 6.176879086089813731e-01 5.990191937743318817e-01
