3.220000000000000000e+02 8.888846990101666456e-01 8.725836668767459336e-01 2.908251549013253778e-01 3.118464269880091844e-01 5.850104102928651573e-01 5.850316409347213753e-01 4.658052794018129328e-01 2.298998493357828354e-01 4.380365697239437806e-01 5.823911415323840268e-01
4.390000000000000000e+02 4.250228455463680444e-01 4.139025517064688353e-01 5.250192687452095441e-01 6.117692844370220540e-01 6.632985555177981496e-01 5.764145592650944394e-01 4.493285895946838027e-01 4.063195018161729344e-01 5.634847967451366291e-01 6.815027469768120127e-01
1.551000000000000000e+03 5.638389552114663195e-01 5.356446636484984980e-01 4.926066260763709570e-01 4.704851216801559377e-01 6.187131503179776892e-01 5.467743391150750032e-01 4.397255034150736042e-01 4.588175673079952777e-01 5.834495012782463519e-01 5.678797866994350629e-01
1.929000000000000000e+03 5.844973810179114881e-01 5.347229360667187237e-01 5.024088670300350667e-01 4.903731468169525431e-01 4.946004493774137645e-01 7.206372020326647920e-01 4.740008924803204571e-01 4.762415349516017637e-01 5.283561571380163135e-01 5.092744833146133354e-01
1.930000000000000000e+03 5.798946001131087824e-01 5.095307201805119313e-01 5.211757427378016505e-01 5.095167496810758534e-01 7.270434805143386470e-01 4.841308292933374502e-01 6.217449070089190455e-01 4.300249107890915523e-01 4.990730361054713793e-01 4.780933132981817213e-01
1.933000000000000000e+03 5.806902658823686059e-01 7.422128911937624363e-01 5.305724044625698133e-01 6.512745015444945107e-01 5.676526352971055234e-01 5.189060937935713325e-01 4.614715061713457467e-01 3.701086600442282104e-01 4.909366367917205598e-01 4.495627123819124771e-01
2.024000000000000000e+03 4.414421594502911939e-01 4.089115131108384538e-01 5.906847708348350601e-01 6.879521046146109819e-01 7.319031937991806736e-01 5.963366144370040312e-01 6.018010450445504533e-01 3.419999486687274048e-01 4.834814871905654399e-01 5.445559342677337433e-01
2.025000000000000000e+03 4.439927882332069253e-01 5.594357852122568975e-01 6.802533783823796476e-01 7.223446583269196308e-01 5.722949939221058102e-01 5.794027035228912492e-01 4.026728606296298696e-01 3.624345336632067704e-01 5.144843995857270036e-01 5.458926118483738987e-01
2.026000000000000000e+03 5.833431909299018336e-01 6.459046601781430752e-01 7.218788421580575321e-01 5.657397217710118387e-01 5.639000938036081712e-01 3.894252153719279796e-01 4.394194158100887537e-01 3.991670032651392086e-01 5.220199112568107980e-01 4.969062293484677872e-01
2.447000000000000000e+03 4.343762038579901397e-01 4.351135970368336103e-01 5.082386246200625290e-01 6.021779923388304034e-01 6.953230231265313810e-01 6.025212070905265893e-01 5.363090137146879766e-01 3.601125212107779694e-01 6.102671647755035789e-01 5.764525468952359510e-01
2.448000000000000000e+03 4.600577427379351492e-01 4.786207485426147157e-01 5.882513483097620011e-01 6.749116034781086348e-01 5.692358114787052781e-01 5.049781950681335729e-01 4.186807267093166640e-01 4.813519337855051705e-01 5.426802584543426455e-01 5.960201886758025314e-01
2.540000000000000000e+03 4.536999280823364455e-01 4.847222986303763581e-01 5.091444981545688586e-01 5.873104550151658776e-01 5.570408683188675658e-01 6.199714902186455046e-01 4.930385506687695596e-01 3.924151408912979200e-01 5.834702603525347975e-01 6.362440709805889938e-01
2.633000000000000000e+03 5.204157797483420778e-01 5.554599162218831765e-01 5.483926879234316543e-01 5.536299169915143148e-01 5.340701727366273799e-01 5.630865613407400883e-01 4.868225601538420100e-01 4.511310017942610218e-01 5.448639712162586246e-01 5.551903556642323601e-01
2.889000000000000000e+03 5.118482466229762329e-01 6.187824845411000751e-01 5.361912285370615816e-01 7.299436313206433269e-01 6.247822592696691268e-01 5.307758897635098672e-01 4.189831307933087334e-01 3.881039759011704615e-01 4.595446212791437501e-01 5.454438307361733074e-01
2.890000000000000000e+03 6.300073169886065694e-01 5.122003157602713630e-01 7.217953811204749215e-01 6.124885223832722270e-01 5.086487715453545944e-01 3.983661154072896671e-01 4.677645725852526692e-01 3.394249078430611744e-01 5.161738522151565478e-01 6.031867849533911752e-01
2.961000000000000000e+03 5.621195724800560622e-01 4.701497966202387579e-01 3.973732229595510201e-01 4.829522972444082463e-01 6.353464331461369241e-01 6.786413050046696815e-01 6.898382544985256493e-01 2.809934757264400118e-01 5.094218408362988226e-01 6.435871779577204688e-01
3.045000000000000000e+03 4.829221997676940714e-01 4.612556348197526801e-01 4.800860012933914622e-01 3.960526226440322373e-01 6.468689209469924428e-01 7.154626330649688226e-01 4.702738191173523874e-01 4.793483031015471907e-01 5.416628466160365862e-01 6.228104723912967211e-01
3.046000000000000000e+03 4.796526508504881936e-01 4.498682673481819161e-01 3.849606001347365414e-01 6.201375594188627272e-01 6.759569475067296329e-01 4.348010381583894968e-01 5.797903025891315565e-01 4.101839012277310736e-01 5.900764762921600903e-01 6.672660364906708441e-01
3.270000000000000000e+03 5.396326003382088121e-01 4.558182181214713302e-01 6.843629704185645313e-01 6.483624963859969670e-01 6.584868539055012127e-01 4.399512055480950812e-01 4.395875699169791706e-01 3.348090110914343498e-01 5.775456013792540366e-01 5.663815029576508842e-01
3.285000000000000000e+03 3.937446432420114717e-01 4.403358866421862028e-01 5.192167063598359666e-01 6.217442939062540752e-01 6.480538385403885604e-01 5.189649984128247295e-01 6.171897672454444983e-01 5.453398852208166669e-01 5.088244838461358777e-01 5.438362139056074351e-01
3.287000000000000000e+03 5.258411205841100333e-01 5.873997484469191122e-01 6.357079046916895848e-01 4.843848153974737447e-01 5.767178662783727372e-01 6.687692334354574664e-01 4.720471985077222543e-01 3.967243649944391937e-01 5.269389432467654899e-01 4.868993759464274595e-01
3.288000000000000000e+03 6.185878611655957204e-01 6.185176607404981874e-01 5.053212873825129181e-01 5.842621402587867552e-01 6.655956154489418575e-01 4.720365280301308530e-01 5.006897181533300767e-01 4.212775719571434929e-01 4.671750984401656370e-01 4.875865354983512368e-01
3.503000000000000000e+03 3.474374753629367873e-01 4.966657763090733813e-01 5.145343128170141167e-01 6.433474272164837471e-01 6.883902212138894861e-01 5.449616102044338994e-01 4.605274542643018054e-01 4.815524086681630123e-01 5.916884504216396445e-01 5.727445271544975292e-01
3.576000000000000000e+03 6.095941512237625926e-01 6.751216690958961042e-01 3.223303726052398344e-01 4.042903363033288899e-01 7.449029191335606592e-01 5.341501926427694169e-01 3.401038180683823020e-01 4.635844589921812031e-01 4.934220783366728980e-01 6.457473482431902445e-01
3.592000000000000000e+03 3.610824096786443005e-01 4.716401309816359855e-01 5.775798115268320210e-01 7.325635589197301289e-01 7.067842066488697617e-01 5.720803313783791033e-01 5.813588620836914744e-01 3.607346342583619969e-01 5.460614764837936619e-01 5.190610211513120298e-01
3.593000000000000000e+03 4.814537534361001403e-01 5.274316011854278674e-01 6.998912297066491872e-01 6.721420567973287463e-01 5.253132547571915945e-01 5.356683789452358901e-01 4.055362586289594784e-01 4.076371287775607533e-01 4.697410569880837716e-01 6.164285174648204135e-01
3.652000000000000000e+03 4.665356038293662633e-01 7.131669444734995977e-01 2.769695690246137820e-01 4.793398627633387865e-01 5.611406356758611436e-01 6.005548232004652709e-01 7.091414105506615995e-01 4.719298942823927923e-01 4.340358249127073687e-01 6.062430596424329687e-01
3.654000000000000000e+03 3.513552476746457653e-01 4.825027335720080135e-01 5.676362371301594267e-01 5.872044681054583437e-01 6.860106224241434569e-01 5.861781412326422247e-01 3.877816729505050852e-01 4.781975994333811375e-01 6.207879363364048331e-01 5.800205193643664936e-01
3.898000000000000000e+03 3.015738145564648698e-01 4.276605383744240818e-01 5.849089909578828461e-01 6.280405716766448432e-01 6.299455886058431542e-01 6.153756305838810059e-01 4.290471015987157299e-01 4.506837502014024444e-01 5.960809170464024254e-01 6.680622946902439185e-01
3.953000000000000000e+03 3.679262721086259957e-01 4.356814056636017507e-01 5.930653127751042142e-01 6.004931584001828027e-01 6.708658319514483326e-01 6.173347208596656754e-01 4.398539552590043367e-01 3.956034572169001007e-01 5.978302973808600207e-01 6.278036989497127740e-01
4.090000000000000000e+03 3.652184686290984583e-01 5.190372475369524619e-01 5.364521672720666823e-01 6.426521886497278402e-01 6.592490639312942324e-01 5.318739908383330883e-01 5.233823802719114182e-01 2.927533428951302752e-01 5.745226382281949373e-01 7.022929747256025923e-01
4.211000000000000000e+03 5.648323444917144887e-01 6.362068536895236770e-01 5.064195790791087282e-01 5.200068608600314501e-01 5.504923846901681461e-01 7.555160397044697884e-01 5.655984909141590355e-01 2.594560487176091335e-01 4.726669048726526712e-01 5.533169131572872601e-01
4.217000000000000000e+03 6.187235079769972668e-01 3.635311500975724197e-01 4.960976518482901887e-01 5.700427647375426732e-01 6.478014769418002361e-01 5.416624463803619838e-01 4.577789507745629871e-01 4.823741531898256829e-01 6.043773169393993339e-01 5.157991748485222239e-01
4.331000000000000000e+03 4.659370705730904727e-01 4.402501696937549114e-01 5.738337436513990530e-01 6.491402573694780020e-01 6.349649178419710660e-01 4.680873006747243159e-01 6.045473448493245971e-01 2.954824107363532848e-01 6.058169423433806822e-01 6.180359361792751027e-01
4.518000000000000000e+03 4.869500098931403009e-01 4.551171478573332041e-01 4.480858896056259533e-01 4.444238284216709411e-01 6.327289699986503591e-01 6.280082186868389815e-01 5.220062815959718439e-01 4.350572667943480298e-01 5.867323862581471650e-01 6.479202920780121611e-01
4.578000000000000000e+03 4.749194366627241815e-01 4.987403230948011523e-01 4.000276491407745438e-01 5.673612755105531535e-01 6.076447647359309867e-01 8.121378247781246840e-01 4.419964559852485042e-01 5.115660246813895640e-01 5.198830887029973757e-01 5.123073119904280048e-01
4.579000000000000000e+03 5.242896749184978722e-01 3.922777553511430648e-01 5.651119255506293904e-01 5.950784316861251755e-01 7.863321108323897413e-01 4.215979795082519521e-01 6.397666068538114814e-01 3.994419381947716952e-01 4.801351777633266482e-01 5.679961896978074076e-01
4.716000000000000000e+03 4.382282502836563620e-01 4.869417046734710874e-01 6.706957119275844814e-01 5.572017542611139573e-01 6.299352715471349118e-01 7.174842315474544430e-01 3.608540372420919184e-01 4.294551841214991894e-01 5.648774429129883590e-01 5.116256417874778251e-01
4.717000000000000000e+03 5.059305704436700690e-01 6.220936555308689275e-01 5.450652363577250803e-01 6.075009377851018355e-01 6.826774028509926540e-01 3.306355651963847619e-01 5.152323054804694991e-01 4.365679680521241668e-01 4.719364290981071242e-01 5.981935007957893680e-01
4.849000000000000000e+03 2.954022372397659968e-01 4.423200089634699017e-01 5.407065041428656960e-01 5.375556062052166961e-01 7.129288445819966791e-01 7.495676527784410625e-01 5.206115483526024823e-01 4.324635149352663022e-01 5.544801625040013393e-01 5.989488107319570487e-01
4.850000000000000000e+03 4.467372784416329679e-01 4.848074392013057010e-01 5.004794558594717335e-01 6.664365879737699228e-01 6.882636638792172246e-01 4.637267645119468318e-01 4.934358446729807945e-01 4.075914404400658442e-01 5.485369319682411593e-01 6.286035032285385293e-01
5.022000000000000000e+03 5.376200333317525670e-01 6.603488870146090317e-01 6.028610179905600219e-01 2.585809831103003664e-01 6.300304749359425527e-01 6.513545448769012536e-01 4.323729965771722639e-01 4.826142786334434165e-01 5.637043183259202728e-01 4.804480420998024637e-01
5.023000000000000000e+03 6.688152255112934652e-01 5.734304369259776157e-01 2.692299099850941069e-01 6.207121715135331952e-01 6.302079654574784806e-01 4.143783690245544937e-01 6.019135888711358851e-01 4.445862652582560637e-01 4.469770087906196898e-01 6.098352872120761381e-01
5.025000000000000000e+03 3.582753703731937911e-01 6.183779846161020499e-01 6.539447846670630726e-01 4.142449748933107467e-01 5.975936203811055281e-01 5.654470914101163981e-01 4.226858292783313154e-01 4.945547797377283783e-01 4.992528562472815512e-01 6.699305448833006160e-01
5.307000000000000000e+03 5.277896771458265857e-01 4.627822719239020888e-01 4.081564680443035553e-01 5.233450487971891274e-01 6.008901505178456670e-01 6.069369265252168022e-01 5.297438776946213901e-01 5.037085954724827008e-01 5.470504318583286896e-01 5.838772341778355468e-01
5.672000000000000000e+03 7.115877919934877616e-01 6.351517601973101224e-01 6.163186966767932873e-01 4.232903388799922895e-01 4.700283713571020705e-01 5.846483554692443185e-01 4.332463511483224394e-01 4.097209147672403740e-01 5.110199145622904560e-01 4.957342686946545340e-01
5.673000000000000000e+03 6.726572250022863075e-01 6.147214789169265226e-01 4.610998152248199644e-01 4.890734834735001035e-01 5.975633422115539384e-01 4.483701644011403586e-01 5.339766879244278730e-01 4.163705127054793120e-01 4.877943518068906803e-01 5.624246302695057320e-01
5.675000000000000000e+03 5.209794297528645979e-01 5.201884679988003635e-01 6.376499604265621901e-01 4.658360158489174285e-01 5.469910094907026732e-01 5.427524288164858879e-01 4.955956637986260183e-01 4.548778024748982296e-01 5.454771081320485271e-01 5.741020718092045838e-01
5.892000000000000000e+03 4.567013046222529460e-01 5.464544602833130149e-01 5.106167831739042429e-01 4.308097153464359175e-01 6.062542614316631662e-01 5.921866391727599321e-01 4.175042941315039724e-01 4.932052266248903027e-01 5.505066001431064837e-01 6.604391592341005701e-01
5.896000000000000000e+03 6.233447277713717316e-01 5.783632302363481692e-01 4.177479016040629989e-01 6.156320776660331173e-01 5.405162282709126131e-01 6.893027491300147691e-01 4.184441423131495807e-01 4.186764642475018228e-01 5.320830332594818080e-01 4.920549431009279551e-01
5.897000000000000000e+03 6.125148732675045338e-01 4.279103326232632787e-01 6.347477066710947025e-01 5.492519127391941591e-01 6.883426463666681983e-01 4.210149979364091744e-01 5.337432175569841730e-01 4.281617163088436429e-01 4.746071692730595148e-01 5.603868111123372353e-01
6.209000000000000000e+03 3.868775998330096777e-01 4.749685831147144599e-01 4.422237554214400457e-01 5.435258882280631365e-01 6.095680977066696427e-01 7.191876015780110931e-01 5.861359773741466883e-01 4.840818399618952994e-01 6.011160303628749757e-01 5.125218880791023723e-01
6.210000000000000000e+03 4.993524797248753977e-01 4.250695455966156944e-01 5.370009243377958930e-01 5.917721395484784042e-01 6.895474295336605497e-01 5.599595839424070798e-01 5.963574571853390571e-01 4.762035968647449491e-01 4.766570885688374837e-01 5.202798155392496238e-01
6.212000000000000000e+03 5.507582390187889532e-01 5.744187522278393354e-01 6.915500376355728784e-01 5.409017553501613840e-01 5.704534642154239776e-01 5.874015267943445417e-01 4.419602182493142517e-01 3.814289656130387396e-01 4.997181012750599449e-01 5.170038056985108987e-01
6.213000000000000000e+03 6.070051168721271040e-01 6.677809573483199923e-01 5.598617364805505980e-01 5.776286658412358443e-01 5.851111823183874350e-01 4.418934315971108084e-01 4.792499928037652901e-01 3.941620411080171138e-01 5.000875263173226726e-01 5.108665139934213117e-01
6.454000000000000000e+03 4.962068267302507385e-01 5.472364786949713844e-01 5.766245054700257500e-01 6.601289003507142539e-01 6.092932648155905406e-01 4.975742169238109303e-01 4.637953075145077042e-01 4.037196633256655010e-01 5.216874169465141042e-01 5.659859698285085727e-01
6.550000000000000000e+03 5.517472338986695313e-01 4.206973514699870464e-01 5.144398642856807813e-01 4.794719810231853341e-01 5.951272441001275171e-01 5.778787737697486104e-01 5.282625343715976474e-01 4.863447245322309875e-01 5.741559406880096805e-01 5.670195041774409583e-01
