3.210000000000000000e+02 8.721518519464778185e-01 8.608902026165085042e-01 8.866935026644584550e-01 2.270634820769140694e-01 2.795519417810906071e-01 5.514459550551576994e-01 5.495269085040815904e-01 3.462345629920196566e-01 3.089256846730094042e-01 4.370505703067796843e-01
4.420000000000000000e+02 5.755855858187601815e-01 5.916709682881626797e-01 5.167893077820971959e-01 3.670588475062230849e-01 4.305691111311519270e-01 5.014586048429338083e-01 6.622827572813418939e-01 3.595402708327194996e-01 5.413847467847906492e-01 7.070745856127234052e-01
1.940000000000000000e+03 6.050343257661803253e-01 5.910095845854591579e-01 5.154871963035299043e-01 1.513967278661098870e-01 4.141953798747143312e-01 6.869361686408888001e-01 7.657593994913844959e-01 3.756512113604693059e-01 5.576933694030533628e-01 6.126070662782716614e-01
3.537000000000000000e+03 6.819546933741438277e-01 7.609618510697759852e-01 6.470901965885808016e-01 3.859972558259816000e-01 3.865748783668623290e-01 4.551406348883073605e-01 5.340889935402266531e-01 2.758730832406652289e-01 4.666634043540199284e-01 6.689872556903511125e-01
3.575000000000000000e+03 6.437979112678289262e-01 5.846829532270659824e-01 7.082249420808337526e-01 3.037389955404631858e-01 4.114512926098903289e-01 7.577188424879306439e-01 5.428274719829060402e-01 2.874505894058894673e-01 5.757449636441780427e-01 5.164269616393737383e-01
3.644000000000000000e+03 6.310376429547165378e-01 8.346041931739388575e-01 8.699777722162367333e-01 3.360904823256684049e-01 5.457129885000381320e-01 6.194238985471864911e-01 5.522486721904299456e-01 1.680900929210884243e-01 2.996795882505090547e-01 5.558251826977506083e-01
3.648000000000000000e+03 7.054271659950951401e-01 7.494748852478567702e-01 7.162437743976531879e-01 3.199474292012036702e-01 3.601608285019183842e-01 6.987030425769317210e-01 2.287755107432005719e-01 3.635830483862175777e-01 5.315536628256285478e-01 5.704055718013950615e-01
3.901000000000000000e+03 5.886096338767198288e-01 5.631981374420467201e-01 5.561391375875822662e-01 3.475304443226842621e-01 4.920324505576210705e-01 5.471346101472064349e-01 6.430947464486178600e-01 4.167002458722226521e-01 5.117435192186547965e-01 6.173769943446049124e-01
4.033000000000000000e+03 6.406470880741387264e-01 6.620423802970057947e-01 7.514783309723495064e-01 3.853907975848464007e-01 4.047493187378435886e-01 6.346538682830171751e-01 3.548056192815448040e-01 3.240973206383399030e-01 4.145837328204379224e-01 7.013673984095387670e-01
4.215000000000000000e+03 5.928892251154316284e-01 7.363162282849071705e-01 5.806623398187534812e-01 3.008367761385324912e-01 4.514161283760890209e-01 5.446834323532421251e-01 6.308213748061811676e-01 4.117644051095310509e-01 4.566541724736912222e-01 5.841215365425040940e-01
