4.330000000000000000e+02 4.085501372559007804e-01 3.557260186731560081e-01 3.284152687117136149e-01 3.139128625791429705e-01 4.725575576239500752e-01 4.857661511839425073e-01 6.652993448980815128e-01 5.532688726996278783e-01 7.508035828772889886e-01 8.166728664941248494e-01
1.946000000000000000e+03 5.480632913157293951e-01 2.562919434052418066e-01 3.285044738995812064e-01 3.668977465659825077e-01 4.905874809846088036e-01 4.542269227394209463e-01 4.983589054014535003e-01 5.308676695095564391e-01 8.597037818837622858e-01 7.763649560179495257e-01
1.955000000000000000e+03 3.477148136624353403e-01 2.357063720855216149e-01 2.732018613798219975e-01 4.327329657418720887e-01 4.942474413151728974e-01 5.499221109230780780e-01 6.460888991200089970e-01 5.335790640313282651e-01 8.000037018426839897e-01 8.526286622019009220e-01
2.357000000000000000e+03 5.637981996085178471e-01 2.840302131670302543e-01 3.202364859638266448e-01 4.012310221399882915e-01 4.001740689531574358e-01 4.999713971801639234e-01 5.605607051138814523e-01 4.898532583817074570e-01 8.704131560236938459e-01 7.410850528295255257e-01
2.545000000000000000e+03 4.489805432354279091e-01 2.867732690196437839e-01 2.621568827032518811e-01 3.512865198747154860e-01 4.152760929122256695e-01 4.715577994202529988e-01 7.487777540168837342e-01 5.752992737389142075e-01 7.539940459450713561e-01 8.254685953623279726e-01
2.546000000000000000e+03 3.066456739722845937e-01 2.360381590435147170e-01 3.170129303557795986e-01 3.549537478933472712e-01 4.108713785641201488e-01 6.859105046584351717e-01 6.871274865297017920e-01 6.015534935405556505e-01 7.925431075099946820e-01 7.923547562936653632e-01
2.641000000000000000e+03 3.257366327182556476e-01 2.529347535285688675e-01 2.682092515962357093e-01 3.331086982324553691e-01 4.480552237059965415e-01 6.574935828882516597e-01 7.066002615233790696e-01 6.030836738641353056e-01 7.414397279301432331e-01 8.363381055502335792e-01
2.802000000000000000e+03 4.981259611790955777e-01 3.327881240016974940e-01 2.431671834638995944e-01 1.835150650640032799e-01 4.512422084844862624e-01 5.978599402885349523e-01 6.277543471239271922e-01 6.698991635249388343e-01 7.019210903353626518e-01 8.011451760912960962e-01
2.810000000000000000e+03 3.588659578786900228e-01 4.205384370845605124e-01 1.859868981760271489e-01 3.648990568976513971e-01 4.368096269402325649e-01 6.034193204434037394e-01 6.949989474050122240e-01 6.478610285203505459e-01 6.560013171911697194e-01 7.991069455117858489e-01
3.232000000000000000e+03 4.282590121568993213e-01 4.037593265133482823e-01 2.705009406185862053e-01 3.426525583338919656e-01 4.600236742024156888e-01 5.408774709321918506e-01 5.431648259979970916e-01 5.413637841103561277e-01 7.848958988959119365e-01 8.151767518388930434e-01
3.233000000000000000e+03 4.035674727401780126e-01 2.366694476567943461e-01 3.010516731867834972e-01 3.931284719281895601e-01 4.712176011272065090e-01 4.740168620149431966e-01 6.321172061965851796e-01 6.262502664106665007e-01 7.754256549146669730e-01 8.218798353062528594e-01
3.275000000000000000e+03 3.860922353132126283e-01 3.242274828956884791e-01 2.784146091572075599e-01 4.416456268882076319e-01 4.079990907486046869e-01 5.974422917053074933e-01 5.810090775847946976e-01 5.815653560003162248e-01 7.735618843460282390e-01 7.894027757295579706e-01
3.555000000000000000e+03 0.000000000000000000e+00 2.144658375917375959e-01 4.422394311536511080e-01 3.402376343860089580e-01 5.418166458858255652e-01 5.910324491223092336e-01 8.483455077655549514e-01 7.785368794386230418e-01 8.120568593700838722e-01 6.909010754018857225e-01
3.562000000000000000e+03 4.412357991897835618e-01 3.014401290581560922e-01 1.206839248909127860e-01 4.548733539048009367e-01 4.272927107654312939e-01 6.076476195248470269e-01 6.627944488048619354e-01 6.337042131370496101e-01 7.371325462837093889e-01 7.684577450887359884e-01
3.563000000000000000e+03 3.057343844531495436e-01 9.616378514842430225e-02 3.987339460332676166e-01 3.488116013841731644e-01 5.264215125504906334e-01 5.821215181578497377e-01 7.492977330119567902e-01 5.714339933963045182e-01 7.167236367551280685e-01 8.973389491998676748e-01
3.843000000000000000e+03 2.920799149404736950e-01 2.763532816718151652e-01 3.063298918241846303e-01 3.886983455034243584e-01 2.289059954640767780e-01 6.529639362037863437e-01 6.924997499862712846e-01 6.475606230469461710e-01 8.620420409460298750e-01 7.959352207859491379e-01
3.860000000000000000e+03 3.282182523550213338e-01 3.269557410453726720e-01 2.317243845449218076e-01 2.774285797688443855e-01 3.939854589043134125e-01 5.677774561559344457e-01 6.481648064486691396e-01 6.110870985730956217e-01 8.459305910258433370e-01 8.719691619728201504e-01
3.861000000000000000e+03 3.300450632130323969e-01 1.958364316789938386e-01 2.306492970642833040e-01 3.170365055639710605e-01 4.897908906351224334e-01 5.701538975015918442e-01 7.205681946604696186e-01 6.805764742950872748e-01 8.313580445197060742e-01 7.807774525031880852e-01
3.862000000000000000e+03 2.068747842810139126e-01 1.858188642267370183e-01 2.583568527146211657e-01 4.048745069176752920e-01 4.815711195096490926e-01 6.310880116053221300e-01 8.057374839255376786e-01 6.582674173064085865e-01 7.240534496645767426e-01 8.477730832169297903e-01
4.018000000000000000e+03 1.959066699297227487e-01 3.183506003689567376e-01 3.380732848617759023e-01 2.069776485418733936e-01 3.561794129670015074e-01 4.847052690193328628e-01 6.341905918276401488e-01 7.216492515720888123e-01 9.470171956684801939e-01 8.667683376616855950e-01
4.039000000000000000e+03 2.003578654128223557e-01 1.524531183881480678e-01 8.946290445449155138e-02 4.498834873231010723e-01 4.904261518303784095e-01 5.874099274298695272e-01 9.380558449126823461e-01 7.504282961514550099e-01 7.858272888288989622e-01 7.594808183726288187e-01
4.058000000000000000e+03 4.853945651550488072e-01 2.839955250324350255e-01 2.839503273455596388e-01 2.723668396959937343e-01 4.921764189117697752e-01 5.579585293295730164e-01 5.410287829264088799e-01 6.251367759206288843e-01 7.926508075896857575e-01 7.787917805131822080e-01
4.059000000000000000e+03 2.890134361990392975e-01 2.379957436215737743e-01 2.215641492495990239e-01 4.137565325558444362e-01 4.758476879481158828e-01 4.596226703499302069e-01 7.355424026968688800e-01 6.248007939524207188e-01 7.265961859075970031e-01 9.482189678720179815e-01
4.063000000000000000e+03 1.837205086826795009e-01 8.131238615138015879e-02 2.902769031885397144e-01 3.434252385973216581e-01 3.374230929903199172e-01 6.630715963878039965e-01 7.265252269129616192e-01 7.571786223668560689e-01 8.562612276794107080e-01 8.873753843685229237e-01
4.101000000000000000e+03 3.937698586318011951e-01 1.812267121134446546e-01 1.907193078200545011e-01 2.643807772826778923e-01 2.610077794360134429e-01 3.705375551799950373e-01 7.115266267904767350e-01 7.587003361702537862e-01 9.158830865614248085e-01 9.463164629193144828e-01
4.102000000000000000e+03 1.967050015295907228e-01 1.537825947183327768e-01 2.112329494531751117e-01 1.729286669787127584e-01 2.893551597922663920e-01 6.257405504043701550e-01 9.174645369938103645e-01 7.442227173864174317e-01 9.069394105433079556e-01 8.830184459560117549e-01
4.104000000000000000e+03 1.261125797009333971e-01 2.423984937541604281e-02 7.102835465806504878e-02 3.742627008845825776e-01 6.551278624280274521e-01 7.238716843031297588e-01 7.985003802164921671e-01 6.052467116343808184e-01 8.463248363779116712e-01 9.577618764343349689e-01
4.105000000000000000e+03 1.622075915191834722e-02 0.000000000000000000e+00 2.601307993570101673e-01 5.187615724441912990e-01 5.776617020625356425e-01 6.526305012654673998e-01 6.458470180897329938e-01 6.323995554695617249e-01 8.751445360959250186e-01 1.000000000000000000e+00
4.135000000000000000e+03 5.153375194561221617e-01 3.626833487176411297e-01 0.000000000000000000e+00 2.952173109344864432e-01 3.532178314547240183e-01 5.470205966884462701e-01 7.059165808042118240e-01 5.440333354773357888e-01 8.793216809267306866e-01 8.598917262804718353e-01
4.382000000000000000e+03 5.085976438384884335e-02 1.186856653765783476e-01 3.829979050974574584e-01 4.307041010902488143e-01 4.335249512675762307e-01 3.908166206890066885e-01 7.883167900692131802e-01 8.260490137839996416e-01 9.106186925645447516e-01 8.171147559056326504e-01
4.383000000000000000e+03 1.278911589696234141e-01 3.064648819222722254e-01 3.526184489350165929e-01 3.315586855243376485e-01 2.909792786587224178e-01 6.826800413384709332e-01 9.909666896373617861e-01 7.249638534865920914e-01 7.522228290640164960e-01 6.913174932229836367e-01
4.510000000000000000e+03 2.932271485548264556e-01 2.854475714497018979e-01 3.443758128464893820e-01 3.234087139744181716e-01 4.390351426194515350e-01 6.115665150621978352e-01 6.128089987750788836e-01 5.879558940288081015e-01 8.275850420812450592e-01 8.286871184013041569e-01
4.511000000000000000e+03 2.908527894390832147e-01 2.917089710401580271e-01 2.713310847545435944e-01 3.597850794932735963e-01 5.291679210118050980e-01 5.314838749514197991e-01 6.848669023011209056e-01 6.597967066164424077e-01 7.814942840852214800e-01 7.715863340325668229e-01
4.586000000000000000e+03 3.022045087215183279e-01 2.004916889296556870e-01 2.638425204684404779e-01 4.952886000032091784e-01 5.736544241244438957e-01 5.330842431589809527e-01 5.539286196723721689e-01 5.127622243627915077e-01 8.612913944298261626e-01 8.676132277429497996e-01
4.588000000000000000e+03 1.833980025483188392e-01 3.138695436848107923e-01 3.726154647214964810e-01 3.044325647037413041e-01 3.268442753639539955e-01 4.317910631773423380e-01 7.601628871477760230e-01 6.057126392789665692e-01 9.194066501444717598e-01 8.970347947959304014e-01
4.628000000000000000e+03 3.669607507735003216e-01 3.171975668516720526e-01 2.421686454301192337e-01 2.185615265631322135e-01 3.876448981660637894e-01 5.586938963609379138e-01 6.369479213254448657e-01 6.635215026948976247e-01 8.575477081015286940e-01 8.356285457875093359e-01
4.629000000000000000e+03 3.181334713463446762e-01 2.012549461834732822e-01 1.698186096149541247e-01 3.060460222610706382e-01 4.765170163599653508e-01 5.545922001501099041e-01 7.885929571669061389e-01 6.887393321167639693e-01 7.884526067978487873e-01 8.425074125808413861e-01
4.667000000000000000e+03 4.292441756606957259e-01 2.338843044434745777e-01 2.526028637974634394e-01 3.348833873011021200e-01 4.615356328401250541e-01 4.738428544964323752e-01 7.089980133604126822e-01 5.611358963838005698e-01 8.285593282886911659e-01 8.405101574725201141e-01
4.668000000000000000e+03 2.511964237250755017e-01 2.174993308018096927e-01 2.896594025271753137e-01 3.905910446266386282e-01 4.014490880030430198e-01 6.343868701955982514e-01 6.553991962905589830e-01 6.663421188807254758e-01 8.000135860060527682e-01 8.474247516209318931e-01
4.705000000000000000e+03 3.865505812933524576e-01 3.501185290987635090e-01 2.395365113257543754e-01 3.763987135734458422e-01 3.880020286650731620e-01 5.769539196300531581e-01 5.960170840180146756e-01 6.207334895058972402e-01 8.610270553901914203e-01 7.400311155599502699e-01
4.818000000000000000e+03 4.307467279575505903e-01 3.646141810936354699e-01 2.082230913477369216e-01 2.071975492850887113e-01 4.390545575528084776e-01 5.002715426314127134e-01 7.019161601597346811e-01 6.395511120254396831e-01 7.817960410921365177e-01 8.244546339510695487e-01
4.826000000000000000e+03 2.784999394035175269e-01 2.657737527194053984e-01 2.008734710473721596e-01 2.752366616282537204e-01 4.670436540003504167e-01 5.842072712436956472e-01 6.312205819112667315e-01 6.741956640015551727e-01 8.953359033002935563e-01 8.337026032886947213e-01
4.827000000000000000e+03 2.799723020715936261e-01 1.728794666453050410e-01 2.332760329501154806e-01 3.972803874554468040e-01 5.107539498001576472e-01 5.582853339424299621e-01 8.129510331801514944e-01 7.329651105862046157e-01 7.933427712801424114e-01 7.062647045049704753e-01
4.884000000000000000e+03 2.237375532572920267e-01 2.021570816839576568e-01 3.946531540216451917e-01 3.664401122704907254e-01 4.203823911302137506e-01 5.890055779153816617e-01 6.517263989503087052e-01 6.894518943045238046e-01 8.651931132315886508e-01 7.663125891031482562e-01
4.910000000000000000e+03 2.095102115514465013e-01 1.999108249681106897e-01 3.052408522647125921e-01 3.159214528649323395e-01 4.154935978359471371e-01 6.617575104738152580e-01 7.577264422659291121e-01 7.215559166481352316e-01 8.091014186001479480e-01 7.812936590060677311e-01
4.961000000000000000e+03 4.180209300738382261e-01 3.322053038065326813e-01 2.567938556232540193e-01 3.543511704012523023e-01 4.677358247753222176e-01 5.160445463928730048e-01 6.638755168990831956e-01 5.739106248130003696e-01 7.585011100293364006e-01 8.069923756838329743e-01
6.235000000000000000e+03 2.611951498891462720e-01 4.018076604089290682e-01 3.778328243304248102e-01 2.156553925544266448e-01 2.616366635860793988e-01 2.241421028575514840e-01 8.406006374341827847e-01 7.523714161709024184e-01 8.243960197020956393e-01 8.957390934455468079e-01
