1.120000000000000000e+02 4.336880240504049633e-01 3.910662751269260440e-01 3.503373789227025026e-01 3.754857344168061051e-01 4.695107195342635986e-01 5.522864717398404677e-01 6.528833370281672543e-01 5.532464876298057721e-01 6.769798351789162449e-01 7.431650596324055336e-01
2.360000000000000000e+02 3.962982276446669339e-01 3.493756292898164140e-01 3.945342386983338723e-01 4.247794959345151389e-01 4.969568511853574844e-01 5.309940811578457431e-01 6.123729276533852461e-01 5.664673975731366884e-01 6.755418007713704931e-01 7.577228016945354305e-01
2.810000000000000000e+02 4.577633701596324767e-01 4.312589720311040264e-01 4.042378601444188146e-01 4.096320292310380862e-01 3.814581571946983329e-01 4.161647843713056627e-01 6.351983240129720487e-01 5.369569461185544901e-01 7.245878868028083897e-01 7.656467210721854544e-01
2.820000000000000000e+02 4.408078247238811365e-01 3.689982118595824812e-01 3.821896861268702095e-01 3.293723684744607194e-01 3.654526520290976022e-01 5.824863986642948577e-01 6.433469956914535937e-01 5.792931081266927684e-01 7.341519724581472284e-01 7.438294014454913672e-01
2.830000000000000000e+02 3.860021403215875280e-01 3.495976783073442284e-01 3.049002711578687741e-01 3.128613811035731440e-01 5.289959859586996771e-01 5.905929476909024256e-01 7.020778489550598689e-01 5.887553688871838276e-01 7.103440767356410390e-01 7.285263256580714053e-01
3.040000000000000000e+02 3.931097444723321566e-01 3.294844781368249098e-01 4.564686610294711455e-01 5.122342404508068991e-01 4.666900130611661979e-01 5.928915506962575410e-01 6.341751262175403525e-01 5.286682125432212720e-01 6.851149320871292581e-01 6.656727346412569801e-01
3.050000000000000000e+02 3.457150167585614775e-01 4.087004563746635677e-01 4.738589409677971265e-01 4.100019030871360770e-01 5.320312183490237823e-01 5.741731517960777520e-01 6.245049100960895494e-01 5.349787376249092175e-01 6.196789708735639390e-01 7.301674125514827640e-01
3.260000000000000000e+02 5.852844467075820623e-01 5.478775279234124884e-01 4.382456287514263082e-01 2.142088825338794578e-01 3.607412597958316591e-01 5.438369602241132084e-01 5.610097784937948528e-01 5.484792759684159469e-01 6.229493400311607587e-01 7.263790529686728892e-01
4.310000000000000000e+02 4.671621375833354683e-01 4.684465238865085923e-01 4.491603501763538064e-01 4.332372885759216419e-01 4.208858256538148268e-01 4.331975488819494458e-01 5.936534040926065847e-01 4.725316156154787950e-01 7.097017969726682196e-01 7.436995149714793474e-01
4.320000000000000000e+02 4.690758932850739860e-01 4.034996200391906540e-01 3.992102386526967250e-01 3.641771215709388998e-01 3.765013594041011769e-01 5.353793254401224555e-01 5.481249780432840835e-01 5.603041590126996985e-01 7.058636807853609918e-01 7.879104864480218628e-01
4.350000000000000000e+02 3.072527641076941429e-01 2.458154165275082403e-01 3.695770316199353811e-01 3.566986844163184678e-01 5.321364928101331992e-01 5.863593468911476592e-01 7.109640264175601798e-01 6.242211665025118039e-01 7.762664499284271935e-01 7.082086996374306054e-01
4.360000000000000000e+02 2.798213292167515687e-01 3.410982793170412863e-01 3.341694585859017463e-01 4.880508213666424067e-01 5.358018255195908797e-01 6.608113715204516625e-01 7.674915087591585028e-01 6.326147140748409337e-01 6.736946045429512697e-01 5.901081518038436835e-01
4.450000000000000000e+02 3.451457993322545326e-01 3.336552108263002858e-01 3.827540143470909428e-01 5.198741417289194366e-01 3.069857798303620711e-01 4.100462792332231765e-01 6.382929471549561029e-01 5.927614532280300885e-01 7.639248909195281989e-01 8.503173453100302259e-01
4.460000000000000000e+02 3.322271008257544067e-01 3.243180723702186463e-01 4.588420246846330874e-01 2.224982387256377314e-01 3.302629441687869316e-01 5.554456022212780342e-01 6.902123687896454252e-01 5.960917460820570613e-01 8.040909296604014100e-01 8.258899449157027783e-01
4.470000000000000000e+02 3.424521449356305869e-01 4.122593351996741151e-01 1.966004408897261968e-01 2.709362268767915860e-01 4.969110390079603534e-01 6.315051819815686862e-01 7.196903804742684763e-01 6.537462977352046511e-01 7.957551466117889216e-01 6.651714920111201357e-01
4.480000000000000000e+02 4.126188184929341918e-01 1.734500876056469798e-01 2.340772783244652322e-01 4.332663650590846127e-01 5.622514226613591903e-01 6.511705281373710852e-01 7.898842547462766595e-01 6.384992686125182670e-01 6.134195067767207465e-01 7.323106842912843195e-01
5.550000000000000000e+02 4.734632200994825513e-01 3.271067161525625933e-01 4.053889578219310730e-01 4.076440067038110127e-01 4.881490035811720807e-01 5.909766930480253588e-01 6.567935053532880652e-01 5.358131035580072643e-01 6.422331015491156148e-01 7.047624190075374440e-01
5.560000000000000000e+02 3.544125917450619556e-01 3.760608859295779816e-01 3.871305540024487235e-01 4.466629600543330358e-01 5.442713136046277711e-01 6.110002707833388502e-01 6.488682646748055172e-01 5.030058123296161643e-01 6.728617862662991111e-01 7.150736464974944973e-01
6.300000000000000000e+02 4.085088898421950221e-01 3.899191505680034142e-01 3.598819748919276362e-01 4.026191747249333042e-01 4.288803120023360615e-01 5.180625565786269870e-01 6.544435313769040308e-01 5.331602900279510671e-01 7.168250189389226978e-01 7.740835718832650425e-01
7.590000000000000000e+02 3.904909680402887107e-01 3.669365421237638092e-01 3.224667270068636293e-01 3.853081930149263035e-01 4.362960074854252412e-01 5.010624677734186738e-01 6.060777890240024446e-01 5.726586222788306868e-01 7.858077365621896071e-01 7.847250989649657837e-01
7.600000000000000000e+02 3.777513770532326398e-01 2.897542245443845421e-01 3.505042595230161151e-01 3.774162000292966002e-01 4.406117113443752120e-01 5.450737743170386285e-01 6.842486690403446481e-01 6.335371974362227210e-01 7.486694503466806427e-01 7.352090804319639794e-01
7.610000000000000000e+02 3.124754319543544545e-01 3.174183471158256720e-01 3.463111262378182897e-01 3.854054980339476910e-01 4.872940200307835368e-01 6.261753431463419339e-01 7.721984060359448065e-01 5.994300288631089213e-01 6.972369309944044247e-01 7.024382318459886365e-01
7.810000000000000000e+02 4.897510100226316054e-01 3.368286804134767998e-01 3.893595564872932013e-01 4.112505723844367966e-01 4.825798776299991544e-01 5.823921354807946038e-01 6.450055399677552259e-01 5.181479806981856839e-01 6.733607181207296177e-01 6.966061039473308014e-01
8.100000000000000000e+02 3.688296883786331692e-01 3.986944477979927348e-01 4.311855980417211853e-01 4.643037529236017646e-01 5.098008108270857264e-01 5.774364210601179437e-01 6.307806658126623445e-01 5.328305068053055260e-01 6.373681444962533416e-01 7.053549972032633342e-01
8.250000000000000000e+02 3.184451594745688063e-01 3.046164075947435101e-01 3.466465992604172430e-01 4.762883001629914514e-01 5.273981761853053785e-01 6.061485046626337025e-01 6.845141844279913901e-01 5.783202921821759546e-01 7.081797877799795859e-01 7.006098990590751141e-01
8.260000000000000000e+02 3.181041469905010466e-01 3.055490666743708172e-01 4.317933764285314391e-01 4.648894029833391950e-01 5.375326167433407409e-01 6.164650746097477541e-01 6.855927935776214843e-01 5.521932503180886354e-01 6.521936490257881358e-01 7.096753540976867836e-01
8.270000000000000000e+02 3.174224651906461525e-01 3.787032713558243779e-01 4.188734912763882878e-01 4.733060338376808285e-01 5.456894115625132713e-01 6.155246044522463267e-01 6.473813677655424481e-01 4.954827609994555404e-01 6.606079255619516921e-01 7.215514290200693015e-01
9.160000000000000000e+02 4.125037928874463189e-01 3.650509533555693076e-01 3.957327504065091817e-01 4.587642995682255642e-01 5.560414271191358448e-01 6.105782762755520565e-01 6.327826993965866009e-01 4.868344802807354488e-01 6.404957155161116189e-01 7.053045503438186703e-01
9.210000000000000000e+02 3.816140873350223339e-01 3.379584201719497694e-01 3.121357167457792792e-01 3.498845043524807519e-01 4.382498004858709773e-01 5.526025349406303855e-01 7.273738767768682667e-01 6.092675133853431291e-01 7.291356737171649227e-01 7.467936457388326676e-01
9.220000000000000000e+02 3.498628645174540752e-01 2.779594660949112339e-01 3.133340451861826859e-01 3.762283772207798416e-01 4.881312696795652717e-01 6.622434005825509340e-01 7.317545883487873715e-01 5.752460272379738004e-01 7.049422099826906374e-01 7.465853202047045833e-01
9.290000000000000000e+02 3.524852210887440274e-01 3.129519142984039659e-01 3.516191870197113989e-01 4.221303382445327768e-01 5.323820665647057693e-01 6.081377461482354585e-01 6.958321026089585581e-01 5.528634099013900460e-01 7.051091938337846754e-01 7.103049881749317063e-01
9.780000000000000000e+02 4.845067879599174732e-01 3.920129848775572579e-01 3.176724997978832565e-01 4.364999011368436710e-01 5.080632956750178453e-01 5.475247122360329399e-01 6.755798786220524876e-01 5.739314434974019941e-01 5.892587084601040859e-01 7.014978948736899644e-01
1.560000000000000000e+03 4.016551138493673623e-01 3.243790450974644024e-01 4.147194929286966425e-01 4.767153584830429169e-01 4.428422742415527025e-01 5.276777955847795631e-01 6.211407136852524768e-01 5.913004733218687470e-01 6.963221657798133180e-01 7.154579254929162024e-01
1.561000000000000000e+03 3.402879454026442319e-01 3.708970299262489001e-01 4.384537769544869512e-01 3.841417102988438081e-01 4.667339960248586550e-01 5.599940635067417460e-01 7.100563128283340353e-01 5.451426955868508006e-01 6.730827450596965633e-01 7.453934233776471352e-01
1.562000000000000000e+03 3.702200602532071949e-01 3.792571876825417410e-01 3.352305399261861774e-01 3.940869082854955296e-01 4.841940538330762323e-01 6.335808303089409677e-01 6.313979285710286105e-01 5.116225695522558237e-01 6.949981172499599680e-01 7.789430614460322033e-01
1.563000000000000000e+03 3.852517284134842068e-01 2.972175931277546423e-01 3.546636727058477545e-01 4.223644878584227325e-01 5.664487881435701366e-01 5.657834145149339689e-01 5.952169656359520555e-01 5.406399327209235883e-01 7.390879607402743856e-01 7.439039924874147891e-01
1.564000000000000000e+03 3.148939386030965015e-01 3.163526955826272413e-01 3.841989957704876057e-01 5.096348675040014431e-01 5.022118360628673450e-01 5.322763993175659847e-01 6.378309862811246678e-01 5.859163850206070556e-01 7.026421834916781739e-01 7.428270020056430001e-01
1.947000000000000000e+03 3.000386231581396168e-01 3.174667180635015185e-01 3.582537995032517020e-01 4.600385971979472077e-01 4.201743043977070324e-01 4.641724478178159141e-01 6.528093110317312320e-01 7.260082593509123994e-01 7.590226859834592332e-01 7.169621419136683604e-01
1.958000000000000000e+03 3.235410253673681735e-01 3.090897556703897098e-01 3.388788632367980003e-01 4.083950971895519699e-01 4.507951153410988399e-01 6.674370284539127285e-01 7.603582258361537560e-01 6.190557489833986571e-01 7.669801974721297544e-01 6.118843607713070343e-01
2.366000000000000000e+03 2.173676390499677813e-01 3.331276576550115109e-01 4.102615196202158421e-01 5.851781613243787206e-01 4.481799331739891312e-01 5.921239319467463957e-01 6.889037979194310157e-01 5.473281766331058451e-01 7.082393000566316044e-01 7.417610728191448288e-01
2.369000000000000000e+03 4.370009611879608347e-01 2.695162084631794741e-01 3.804050944315821581e-01 4.518323193927791803e-01 4.698396684824614478e-01 5.439571834764284075e-01 5.961790714556421955e-01 5.584288102545121868e-01 7.854970224892784403e-01 7.033435998447677973e-01
2.420000000000000000e+03 3.513289908472424505e-01 3.406857363077845369e-01 3.590780898910113650e-01 4.651319561474332454e-01 5.900990987992856818e-01 6.226698365525658030e-01 6.468554826125337831e-01 5.059324256445933976e-01 6.550055247937988101e-01 7.284453313860844714e-01
2.439000000000000000e+03 3.005705964017058029e-01 3.816324882660932505e-01 3.430707773045543196e-01 3.924477744704217841e-01 5.864065204663724273e-01 6.086811446879712983e-01 7.181514235665082957e-01 5.704462168479049744e-01 6.570186504093425972e-01 7.036867910909292423e-01
2.440000000000000000e+03 3.836133917047840902e-01 2.999070060189816811e-01 3.483001202164145993e-01 5.227495998680803391e-01 5.371339465312152672e-01 6.468800465061170790e-01 6.717235349860607441e-01 4.995731600602411615e-01 6.533994011355804821e-01 7.114767400383186224e-01
2.465000000000000000e+03 2.999761745322950812e-01 3.373014249960510358e-01 4.433474804854951601e-01 4.559272256114098587e-01 5.293425712507855430e-01 5.958001922184245069e-01 6.142167595911448563e-01 5.580220138611581282e-01 7.299479826851799080e-01 6.896015178218054542e-01
2.467000000000000000e+03 3.983478864499599426e-01 3.684740438732591050e-01 4.287597049762738588e-01 4.711003145100112199e-01 4.852195538749307646e-01 5.958052143041373538e-01 6.853845382454929469e-01 4.895296637669849793e-01 6.369182682947901464e-01 7.083907234949282650e-01
2.543000000000000000e+03 5.105314621243718376e-01 4.453815120813961470e-01 4.997484093487293277e-01 3.501412965277913014e-01 3.525492030258820519e-01 4.684111340628634990e-01 5.332437633068215499e-01 4.610000084374705209e-01 7.694488727706944031e-01 7.630159460852590225e-01
2.544000000000000000e+03 4.529599695080395727e-01 4.527711486997285095e-01 3.245322093863043933e-01 2.991545884220940255e-01 4.164611127723187867e-01 4.808670654535153743e-01 5.376311108718719867e-01 6.233565290783078527e-01 7.310060073946329506e-01 7.934388589781153911e-01
2.577000000000000000e+03 4.232037890380412892e-01 3.628145600273843252e-01 3.730302079555542494e-01 4.252499743675067778e-01 4.167529356126802864e-01 6.083029282364805779e-01 7.083012722332686639e-01 5.802387639889000637e-01 6.677596874053469689e-01 6.705733236441727696e-01
2.627000000000000000e+03 3.210043098106076243e-01 2.710836341306923081e-01 3.508951663198296433e-01 3.090451187053139814e-01 4.767587602358280829e-01 5.720612998304795971e-01 7.541310167165934386e-01 6.453002744683389302e-01 7.406134994533628557e-01 7.526487371742494048e-01
2.628000000000000000e+03 2.901154828754515802e-01 3.109947464389502536e-01 2.728433833045716406e-01 4.146961594111894800e-01 5.060274412195999716e-01 6.875388249704147414e-01 7.804159698283884561e-01 5.856720083654348707e-01 7.104131799091144561e-01 6.997798638805230453e-01
2.638000000000000000e+03 4.844639002610734990e-01 3.697636255742159372e-01 4.418185990803642493e-01 4.018083509186615165e-01 3.969955002083063178e-01 4.439252294927876208e-01 5.373277708877512993e-01 5.072127405117374810e-01 7.677041435102147648e-01 7.936116015536167634e-01
2.639000000000000000e+03 3.816450196300926745e-01 3.963663198335197757e-01 3.681947327183074936e-01 3.387388533174749417e-01 3.862841166655411329e-01 4.786939844478952377e-01 5.954161826475568020e-01 6.170252102857562981e-01 7.597465013825822622e-01 8.081782987210375246e-01
2.643000000000000000e+03 2.282305250950685815e-01 2.250654796883849174e-01 3.030229937571119470e-01 4.861960483848190018e-01 5.293466703814270202e-01 6.109540467695646626e-01 6.540242783548774197e-01 6.133182965589814017e-01 7.714093226725800001e-01 7.932230641674393734e-01
2.644000000000000000e+03 2.295318775892837559e-01 2.459239114870342968e-01 4.168527731935152691e-01 4.414998603274251643e-01 5.175934861514851493e-01 5.611644711806490493e-01 7.086395269237549810e-01 5.962411225000449067e-01 7.346088485243318367e-01 7.812205444071788074e-01
2.647000000000000000e+03 3.087677747062138600e-01 3.051692345756215063e-01 3.223094370713662227e-01 4.422549443327399854e-01 5.071689110301926817e-01 5.506880948949072208e-01 6.256465530888144499e-01 6.989213390248693036e-01 8.318000613455504011e-01 6.139265712096364513e-01
2.684000000000000000e+03 2.434957335947050827e-01 2.019196972923649747e-01 2.966782652427299993e-01 3.529104848931949312e-01 5.871596666949832066e-01 6.923647459518857961e-01 7.969949953385708774e-01 5.612686991318858176e-01 7.131157511000117966e-01 8.022592912328601056e-01
2.702000000000000000e+03 3.869449120663441821e-01 3.078945962463998098e-01 3.473702948581016692e-01 5.295997059356505332e-01 4.640303564937423575e-01 6.296745242496419870e-01 6.433385733295682307e-01 5.625863608080799994e-01 7.213387101970474280e-01 6.583997860242382094e-01
2.703000000000000000e+03 3.286318282827145887e-01 3.148781934910201419e-01 4.930777906259116716e-01 4.098321376993429022e-01 5.706919913034422809e-01 5.858198933831242350e-01 6.740950688566079707e-01 5.726173535664546010e-01 6.136048438338175259e-01 7.091324685033632003e-01
2.722000000000000000e+03 2.437184155086625503e-01 2.118473659687102051e-01 3.192227833495697720e-01 4.242674205349344918e-01 5.287404451320260046e-01 5.819548696283464162e-01 7.010532603578411015e-01 6.581612873449731449e-01 7.555266203027263261e-01 7.812414714126806325e-01
2.723000000000000000e+03 2.200678450479575388e-01 2.625838783858507886e-01 3.601997034111761309e-01 4.437914501710007453e-01 4.920001091580759600e-01 6.106009679704775817e-01 7.735593377000743454e-01 5.827011011230091020e-01 7.237001178980055904e-01 7.775823932680179240e-01
2.761000000000000000e+03 1.579304826807897133e-01 3.184047320920709856e-01 4.218293338203825127e-01 3.005936699218419994e-01 5.448955585111896482e-01 6.463065378498508151e-01 6.391745797025136788e-01 6.631770378188170945e-01 8.101788400131187950e-01 7.176000827842673457e-01
2.766000000000000000e+03 3.427555144529454978e-01 2.690761409139654226e-01 4.623275471520863489e-01 4.938055582625611728e-01 3.711910906492089657e-01 5.447510598231247725e-01 5.599632879379371486e-01 6.274603811869197134e-01 7.880091517731104833e-01 7.285716598508310549e-01
2.801000000000000000e+03 3.994900769672075636e-01 5.120374549254675944e-01 3.806352590790063606e-01 2.832979830215512917e-01 2.575064542485527297e-01 5.213592237178585886e-01 6.688868447931454186e-01 5.388179218539655979e-01 8.297477341226606740e-01 7.483123165672198596e-01
2.803000000000000000e+03 3.732437402645825131e-01 2.486882206730166855e-01 1.886612885550522090e-01 4.270716675677142526e-01 5.691390012540707977e-01 6.005141644666011080e-01 8.537489221497491787e-01 5.754142283496005428e-01 7.917990568398425300e-01 6.256196784980401215e-01
2.811000000000000000e+03 4.240051349983140483e-01 1.686707925610403669e-01 3.297053853220582864e-01 3.767441587302370887e-01 5.400031798550439799e-01 6.321199150013619983e-01 7.872558662603613699e-01 5.044787547868065936e-01 7.634729172337431091e-01 7.141035761996327169e-01
2.882000000000000000e+03 5.931058472833141693e-01 4.886719454250699202e-01 4.750830666758708021e-01 2.125186017510783398e-01 3.624306392973954405e-01 3.776041099650290223e-01 5.574322291629294490e-01 5.485106088905280508e-01 7.839046366446131842e-01 7.075921128367810287e-01
2.884000000000000000e+03 4.534552921120204583e-01 1.963341102697623575e-01 3.018880905144188942e-01 2.901853789618913382e-01 4.691857924678260461e-01 6.230451709190105714e-01 8.002058753296903415e-01 5.380956628508466455e-01 7.982548505391462434e-01 7.259938960379580530e-01
2.885000000000000000e+03 2.464901740834943011e-01 2.932171357830842262e-01 2.833742301247654805e-01 4.369823143326169168e-01 5.854999832825450445e-01 7.634548109204146726e-01 6.619238211304059316e-01 6.645133273576314670e-01 7.032746761959349779e-01 6.374997274557185900e-01
2.945000000000000000e+03 2.465335371971379974e-01 2.854660027955549517e-01 3.094951828437336183e-01 4.661041459260713005e-01 4.673712727334742301e-01 7.675933862363309990e-01 7.628354017889109606e-01 6.291461886458863395e-01 6.618286392611801849e-01 6.877175323694069142e-01
2.968000000000000000e+03 2.748787257352288127e-01 3.456638590606441741e-01 5.010485295382511861e-01 5.008459725791826189e-01 3.999682718682469051e-01 5.760993015116117055e-01 6.789003767667337597e-01 5.883276301330971902e-01 6.914053488029653360e-01 7.016896706704770503e-01
3.011000000000000000e+03 3.216118142775363786e-01 2.590390655056380442e-01 3.949208790165918970e-01 4.552772463671795888e-01 5.521837631681623115e-01 5.353056055407823255e-01 5.888264842993393700e-01 5.957431736139721101e-01 7.529809652028791600e-01 7.519617678769943137e-01
3.012000000000000000e+03 2.623269974901105139e-01 3.299888040492166552e-01 3.910706711105631506e-01 4.690634623451849228e-01 4.473766248232175502e-01 5.006126332203747475e-01 6.883991228059334055e-01 5.810160138119503381e-01 6.926637876498111801e-01 8.404392589478354436e-01
3.014000000000000000e+03 3.320548190546658840e-01 3.501097878326233093e-01 3.141256358792466896e-01 3.401012459667231980e-01 5.236536660246350339e-01 5.929329456497719475e-01 5.997945726429309010e-01 6.266612282839135739e-01 7.444063822817672538e-01 7.561437143020628415e-01
3.015000000000000000e+03 3.530093816913203453e-01 2.711947762792078498e-01 2.942483923576457716e-01 4.541621764684537488e-01 5.178961658151066683e-01 5.256875743649180865e-01 7.456650209908092242e-01 5.829993578465811899e-01 7.077465775451745600e-01 7.630437569234952422e-01
3.016000000000000000e+03 2.847525086474286260e-01 2.549705760024916779e-01 4.053381733472771753e-01 4.497155040531829462e-01 4.533343800608168883e-01 6.717693453742181742e-01 6.867048193085082408e-01 5.479032551285972774e-01 7.163496525145931493e-01 7.728990022592123754e-01
3.017000000000000000e+03 2.617917325260029626e-01 3.426206417758353995e-01 3.896961031384951757e-01 3.714147510989277423e-01 5.851746882193360477e-01 6.016086470325032742e-01 6.263522199432769444e-01 5.478894176735027433e-01 7.184629386143047691e-01 7.826976612908554953e-01
3.018000000000000000e+03 3.380120922946409090e-01 3.280395485002576828e-01 3.135243431916144297e-01 5.061639755880806835e-01 5.154033324032862851e-01 5.408450672605797926e-01 6.253367612204039361e-01 5.492519025373873154e-01 7.283998722656902514e-01 7.681583583537783255e-01
3.019000000000000000e+03 3.334250305492743038e-01 2.704532421312475510e-01 4.536576854510581680e-01 4.454055351378276573e-01 4.665302626420393950e-01 5.507574079679136148e-01 6.382470559867285953e-01 5.670261907614999597e-01 7.206540039999496106e-01 7.699046145348149572e-01
3.030000000000000000e+03 2.583577058573457985e-01 2.057985826888263092e-01 2.299049272140774314e-01 5.086376635373166533e-01 5.330219370677731217e-01 5.428161179405095460e-01 7.083214456228578149e-01 6.500180109571467302e-01 7.692077097899393534e-01 7.921846318701049050e-01
3.089000000000000000e+03 3.533819144308031346e-01 2.455503305018030547e-01 2.903377287139318197e-01 5.072070867831411922e-01 4.408115833935813965e-01 6.065830255199357035e-01 8.143786361842378918e-01 6.646434767582767300e-01 6.854615828480427053e-01 6.471504810879801228e-01
3.225000000000000000e+03 2.578400378814673655e-01 3.655065110952053220e-01 4.365614472752008535e-01 3.300470951305568557e-01 5.154404891937994782e-01 5.673485496266603700e-01 6.416226431709234346e-01 6.418611259842531558e-01 7.764560782699440056e-01 6.837324685650998379e-01
3.226000000000000000e+03 3.659348566843362849e-01 3.781088182431865952e-01 2.838072662287526859e-01 4.448839770730065868e-01 4.919987789038097747e-01 5.663489139392687832e-01 7.658891961427204409e-01 6.140265698690490215e-01 6.282503042923889280e-01 7.014433790307994521e-01
3.231000000000000000e+03 3.405724698056053490e-01 4.420625800652637771e-01 4.721404704142883602e-01 3.227427836463594990e-01 4.225937407400543466e-01 5.412687428513899279e-01 6.224894893436334620e-01 4.856810136241271891e-01 7.076039477098304831e-01 8.319455102087728315e-01
3.262000000000000000e+03 2.952120277829639039e-01 3.132596205817839707e-01 3.146904278480276984e-01 4.062821713005015933e-01 5.402505874854516277e-01 6.268025731002998535e-01 7.209852792764996909e-01 5.483574777409958578e-01 7.575610687660900844e-01 7.187886644037491113e-01
3.264000000000000000e+03 2.719718048116960829e-01 2.958013739468809411e-01 4.045159235655848007e-01 4.659984374657986650e-01 5.537820294686902622e-01 5.466148994448006837e-01 6.867392042385059847e-01 4.949200647210475479e-01 7.744397827707054649e-01 7.532560656576239300e-01
3.273000000000000000e+03 6.014218337835048889e-01 5.855615454738255510e-01 3.804757291698505628e-01 3.550321641750909252e-01 3.310715942724878347e-01 5.185894283748753164e-01 4.868444578564721237e-01 5.241043206528093190e-01 6.183262048700022273e-01 7.423857355222043264e-01
3.276000000000000000e+03 3.378772813465826252e-01 2.484019363516864753e-01 4.017472278940314445e-01 3.451489394186378346e-01 5.322953124989617812e-01 5.171509570184698035e-01 6.934952503001615698e-01 6.191982858860882732e-01 7.515041388826071422e-01 7.498585565438329326e-01
3.447000000000000000e+03 3.079241951249757636e-01 2.216085763289763755e-01 2.545481697734444659e-01 3.532012364692781459e-01 6.434984365184508448e-01 7.174539500274942361e-01 6.858874163891656162e-01 6.500668556834083844e-01 6.859342703326194446e-01 7.192065679338391915e-01
3.479000000000000000e+03 3.053459857157095891e-01 4.637788194058844460e-01 3.650872674871555312e-01 3.401535974549435570e-01 4.886322611856390163e-01 4.456511364520267526e-01 6.907719655272555048e-01 6.364225636728200186e-01 7.317003754101922830e-01 7.203123888672662289e-01
3.480000000000000000e+03 4.551066830924567763e-01 3.184520280193652297e-01 2.970909492370057414e-01 4.209928366546661360e-01 3.761582258651827715e-01 6.187768308367493919e-01 7.621234786105244297e-01 5.725762746734111008e-01 6.708249943072448485e-01 7.215300752427382669e-01
3.484000000000000000e+03 2.297072843865026193e-01 3.551473155429250572e-01 4.755296112089498206e-01 4.371905090350223788e-01 4.235569421832525161e-01 4.957294612052768890e-01 5.222868255515681346e-01 6.034665183316147985e-01 7.849076878673041380e-01 8.381650536213968161e-01
3.485000000000000000e+03 3.387822173278864923e-01 3.917001502892367149e-01 3.634849305966461608e-01 3.261090415955954502e-01 3.983439415761906299e-01 4.243398181519442147e-01 6.884287350886796331e-01 6.047638316206916942e-01 7.786636543147736900e-01 8.220964411108596659e-01
3.486000000000000000e+03 3.933146334096603303e-01 3.188146094097172312e-01 2.855859913264430228e-01 3.300016241249092430e-01 3.572489461303504643e-01 6.185356504785035625e-01 7.203897995884219752e-01 6.204389151661868773e-01 7.833127731392364179e-01 7.388809352198557612e-01
3.487000000000000000e+03 3.330472418471107088e-01 2.546319910731729697e-01 2.942315257454390931e-01 2.927103533653014344e-01 5.529239141648556455e-01 6.553446490997127949e-01 7.472639335055599741e-01 6.287580794939700013e-01 6.963345139801128125e-01 7.568928969292862963e-01
3.500000000000000000e+03 3.177054821794780826e-01 2.202832754220003242e-01 3.872764299183741876e-01 3.865512838259881900e-01 6.327600432974402889e-01 6.525244073748757145e-01 8.012993483706828401e-01 6.529336515806292152e-01 6.523590052359413693e-01 5.992033999513021181e-01
3.507000000000000000e+03 5.607092537163006485e-01 3.952877157155021415e-01 3.009627123771922430e-01 4.323142029445848356e-01 4.355844932669004632e-01 3.946012405421644997e-01 5.342311657419999138e-01 5.107609153087858678e-01 7.512162591899432806e-01 8.031367146956981395e-01
3.508000000000000000e+03 4.087295535286393222e-01 2.776103677556666094e-01 4.035111896092420380e-01 3.847125448795817859e-01 3.437292554074445339e-01 4.816803364286862399e-01 6.064736303362423531e-01 6.052145860754797324e-01 7.746796470339939455e-01 8.394963729193968272e-01
3.581000000000000000e+03 3.949427129873118170e-01 1.682858335847069453e-01 3.721045847726469069e-01 2.413622251378142181e-01 4.433580427267963531e-01 6.366605828830846914e-01 7.884054833184382938e-01 6.178125182244154079e-01 7.795865934347107062e-01 7.440054103737022695e-01
3.589000000000000000e+03 2.943383874142546652e-01 1.860504687018061931e-01 4.068641995493649244e-01 3.681782304715285892e-01 5.682042806030295212e-01 6.802861486391029722e-01 8.524701766320760266e-01 6.397262163755349507e-01 6.456040213902431990e-01 6.556343993355419064e-01
3.596000000000000000e+03 5.901911140346259854e-01 4.357522102587325086e-01 4.378123408782432779e-01 2.828731030444040506e-01 3.936554355481911016e-01 3.340751819779596010e-01 5.245784120651192373e-01 5.537010131558236514e-01 7.385869179557861264e-01 7.975308733544926865e-01
3.798000000000000000e+03 4.784366032846311678e-01 4.703893136052529900e-01 4.740763967689512470e-01 3.079982753914343729e-01 3.865135820225040764e-01 5.810356458522545342e-01 6.060976083427157546e-01 4.929129531694191879e-01 6.820574041346633143e-01 7.201538648821068644e-01
3.844000000000000000e+03 2.936901691971220418e-01 2.705947101288363466e-01 3.481045399978579535e-01 1.576736902622278558e-01 5.840845923997228795e-01 6.249748947753893669e-01 7.821016425041055209e-01 7.044972813862214744e-01 7.565667232539210474e-01 6.824722692997184925e-01
3.845000000000000000e+03 2.960455195861919631e-01 3.157990090380932702e-01 1.353017983585952932e-01 5.340621953910920094e-01 5.663906472759615562e-01 7.238977244605390160e-01 8.711658123238706919e-01 6.076545399275832260e-01 6.401101920947236401e-01 6.235091310983018609e-01
3.854000000000000000e+03 5.982368526057639802e-01 2.799484566249997308e-01 1.843766959490871493e-01 4.319487900039432615e-01 4.735604233803821783e-01 6.330706592868640126e-01 6.824922176866018431e-01 5.853544941673176627e-01 6.356179456456849675e-01 6.915419804139762983e-01
3.858000000000000000e+03 3.121182124584541695e-01 3.764695239100186996e-01 4.092144082097225466e-01 4.656836905424617257e-01 3.871590612070514026e-01 4.620634621591006574e-01 5.787366009408019263e-01 5.799888803426538342e-01 7.456969672840551011e-01 8.421601573703724197e-01
3.859000000000000000e+03 3.578669215510225099e-01 3.339762409708059709e-01 3.913193690491896248e-01 2.891868002387008585e-01 3.658676997314965207e-01 4.806899115085024876e-01 6.565097832708803871e-01 5.665360855443060117e-01 7.833886103112177590e-01 8.926731417276001501e-01
3.863000000000000000e+03 1.873464511986434877e-01 1.978816475591537449e-01 3.286364968550184451e-01 3.817734065872634419e-01 5.270071603149736328e-01 7.007306891380421510e-01 7.600952485627574529e-01 5.419681029536196348e-01 7.861565336436238116e-01 8.257918381776309102e-01
3.882000000000000000e+03 2.631587900235999866e-01 2.404328422973653345e-01 2.485656451559557778e-01 4.534419113584720606e-01 6.034179379468638249e-01 6.241224116538074407e-01 7.200987459739675023e-01 5.141848929898842346e-01 7.800552595142580259e-01 7.893934496536740841e-01
3.883000000000000000e+03 2.549734673906242088e-01 2.117060370211746589e-01 4.010583622735520715e-01 5.341069261538953228e-01 5.463245398340571546e-01 6.427187808421729320e-01 5.877307634753701215e-01 6.165419415751854926e-01 7.423396671536037772e-01 7.147861523802687689e-01
3.950000000000000000e+03 2.835198951675386159e-01 2.286041448772242746e-01 2.537585705703914729e-01 4.347915190475474256e-01 5.833783058460102477e-01 7.537316045952273669e-01 7.797170640123183283e-01 6.551240873435829615e-01 7.207298398946518914e-01 5.990185203565552285e-01
4.056000000000000000e+03 4.506468293739577247e-01 3.003662479276937858e-01 5.754901454241692083e-01 3.761004218349602857e-01 4.027526928900960757e-01 4.192318682423158971e-01 6.413679966067648008e-01 5.449346487753107260e-01 6.389521586680934062e-01 8.291006003981304939e-01
4.057000000000000000e+03 3.131881659885061286e-01 5.054172502502259912e-01 3.338932952189110348e-01 3.347802320894601169e-01 3.524589115302158016e-01 5.720969467653499452e-01 6.377621575387713015e-01 4.827257998093916203e-01 7.911216149025305233e-01 8.377302823215473371e-01
4.093000000000000000e+03 5.290819545625391473e-01 5.091061481958348844e-01 3.846115837172843777e-01 3.508916412047177746e-01 1.890506846397939644e-01 4.268610257333273483e-01 6.023040336544260853e-01 6.044447562546607644e-01 8.214330842653991827e-01 6.888608352678852187e-01
4.094000000000000000e+03 5.228739630236662883e-01 3.668494879279493581e-01 3.427118122627580976e-01 1.481464961935486102e-01 3.931248307668600561e-01 5.674490560980374187e-01 7.548985834985606491e-01 6.880514581753628400e-01 6.632735143263427391e-01 7.005445450231488902e-01
4.095000000000000000e+03 3.914257478395572476e-01 3.231056673339024465e-01 1.395672861329298187e-01 3.511579251728276230e-01 5.237295959139075530e-01 7.111655710757763815e-01 8.628536591862194793e-01 5.257349236761790223e-01 6.702001026839229381e-01 7.433475208352434693e-01
4.127000000000000000e+03 8.073417546513360632e-01 4.434429873626491436e-01 7.978701799122057958e-02 2.312165275655494734e-01 2.436945581862949850e-01 6.061980157546165149e-01 8.677124278026532300e-01 6.516586410762842396e-01 6.437620883689426643e-01 5.647189769768802270e-01
4.141000000000000000e+03 2.910873994252693997e-01 2.170186361728442814e-01 4.799031705369952716e-01 4.538433686054342275e-01 4.704644891721085909e-01 5.255534341160904566e-01 6.414534412916923500e-01 7.014176456725458308e-01 8.028287457601538391e-01 6.381570906495249718e-01
4.142000000000000000e+03 2.485067571454055435e-01 4.313512886039553296e-01 4.199485647235521313e-01 4.162729686058878054e-01 4.681661816979842961e-01 5.837508752264499723e-01 8.663629797748343409e-01 6.529750076842508744e-01 5.913706512472421961e-01 6.243352941925899291e-01
4.384000000000000000e+03 2.958052121420174374e-01 2.835814181103163412e-01 2.617768199998761203e-01 1.893860552633623295e-01 5.810691137473230627e-01 8.875940414768570541e-01 8.558933603201293039e-01 5.723121675153556298e-01 6.186958494015593057e-01 7.333630722629340681e-01
4.495000000000000000e+03 4.063983337423059949e-01 2.546899708592737510e-01 3.349780155001035320e-01 4.172118003793179319e-01 4.630392987295010032e-01 6.953464033117860987e-01 6.031732462720550414e-01 5.477527580366279292e-01 7.101314922212292879e-01 7.737734732904976154e-01
4.512000000000000000e+03 3.007629810422008942e-01 2.325412891674463467e-01 3.119815727848856413e-01 4.585958614828036239e-01 4.563835858194493222e-01 6.087845768278616898e-01 7.902801658546575458e-01 6.186819130801832767e-01 7.236641594777113440e-01 7.336220694850230650e-01
4.584000000000000000e+03 3.623433896491051742e-01 4.855264234591864514e-01 3.536222548134920762e-01 2.930569445840324194e-01 3.978152188714637050e-01 6.555266378821650308e-01 7.411623813659604654e-01 5.382866970833241060e-01 6.599809982037403433e-01 7.352246731874932939e-01
4.627000000000000000e+03 3.025845137723910949e-01 3.799693428110350601e-01 3.823057338244947867e-01 3.022267943075684915e-01 3.107676164649809669e-01 4.763659368686081752e-01 6.495167390158260723e-01 5.600000750354920953e-01 8.382228964027277351e-01 9.048369893019934107e-01
4.630000000000000000e+03 2.214501519397523988e-01 1.435306795547041381e-01 2.605458512750259414e-01 4.045755348517629524e-01 4.792887538988439555e-01 7.118339439803278434e-01 8.305827833811841865e-01 6.257166906513241811e-01 8.011148236309277859e-01 7.566433447605432905e-01
4.631000000000000000e+03 1.635526875702814908e-01 2.150344846080471661e-01 3.458274151186104262e-01 3.976118831758276850e-01 6.239422933667654325e-01 7.435828364893137810e-01 7.334529888637038031e-01 6.310529900543154769e-01 7.003777960445696227e-01 7.292177743451087046e-01
4.665000000000000000e+03 3.860688565054560262e-01 4.202143109609833282e-01 5.133929466079150128e-01 3.276037978937958450e-01 3.815871062138690983e-01 4.917470919898401238e-01 6.207218725360357237e-01 4.914369311589523726e-01 7.699556526597175488e-01 7.768814928935957598e-01
4.698000000000000000e+03 2.991719818936541264e-01 2.936760834409712917e-01 4.188832966614725595e-01 4.426482508154149231e-01 3.453460974022322105e-01 5.326781316123336829e-01 8.098023288134096331e-01 6.325030106141409370e-01 7.615131358697109221e-01 6.905600782881147204e-01
4.699000000000000000e+03 3.012402569205414604e-01 3.607722742865522858e-01 3.900114774784353977e-01 2.675027985353230497e-01 4.559204533777825308e-01 7.309267842634765699e-01 7.507975557880978146e-01 5.977485204684084286e-01 6.341529926845286269e-01 7.512384886624414726e-01
4.706000000000000000e+03 3.572038244116524930e-01 2.103380007198492052e-01 3.345310407789701124e-01 3.199348510333162587e-01 5.076748164044805334e-01 5.274815588487162810e-01 7.431117595622084293e-01 7.021636125665936534e-01 6.942844858447827505e-01 7.780815843949673294e-01
4.707000000000000000e+03 2.334482684782550332e-01 2.928836945461209540e-01 2.791111677611584629e-01 4.421597281001172774e-01 4.579730096968632203e-01 6.722047482047457390e-01 8.547148793496895935e-01 5.367607542126688891e-01 7.349166685463268678e-01 7.587733740936338789e-01
4.711000000000000000e+03 2.716486543303762158e-01 3.770419698377896478e-01 5.374607482385213020e-01 3.597630862305096766e-01 4.815520452883215174e-01 5.231117065286660095e-01 6.435135251021357750e-01 6.348114326319598266e-01 6.715181393258625731e-01 7.271813367308365139e-01
4.791000000000000000e+03 3.130293176682521494e-01 1.880240599868824303e-01 3.235489488631502764e-01 4.277821133223219108e-01 4.578655399956341743e-01 7.150761157192636608e-01 8.618136509525605726e-01 6.210444287535152874e-01 7.783920044685057604e-01 5.970685165165141584e-01
4.817000000000000000e+03 6.517723509256956316e-01 4.065544991397118113e-01 3.842598415208007823e-01 2.136947572354214175e-01 2.483163343651843824e-01 4.757318708451195866e-01 5.370033657715055364e-01 5.679370969191505081e-01 7.740985801648971876e-01 7.987938420728541988e-01
4.819000000000000000e+03 3.772259240728140783e-01 1.909345092191833404e-01 1.809995256684132636e-01 3.822886135282344000e-01 4.417987951890571807e-01 6.422065987544085530e-01 7.790076080005591264e-01 6.310534050444879250e-01 7.935101657956790122e-01 7.590902304907610754e-01
4.820000000000000000e+03 2.155876746947219258e-01 1.569918332032962938e-01 3.380325943855991278e-01 3.731545556660144092e-01 5.695406559535766133e-01 7.067076233513545080e-01 7.551326409097754988e-01 6.338863576927592502e-01 7.134147275426862000e-01 7.832912415968209530e-01
4.823000000000000000e+03 2.257067237927489201e-01 3.128454323800216597e-01 4.205360512201175016e-01 4.443213489365806512e-01 5.146212968637081664e-01 4.786443869155234121e-01 5.847541280204088254e-01 5.979563075986704668e-01 7.916360283263923492e-01 8.144356081429842131e-01
4.828000000000000000e+03 1.970417621359873972e-01 1.998973480442691186e-01 3.489431447300417877e-01 4.405777734820941482e-01 4.836111382784668566e-01 7.367002307984893417e-01 8.925367939555560737e-01 6.310638595328456057e-01 6.531817581056711397e-01 7.181265773129796859e-01
4.846000000000000000e+03 2.866158603159338902e-01 2.265869767582621153e-01 3.001588034844004382e-01 3.231492943365518178e-01 5.768925913435042352e-01 6.856726781409064886e-01 7.027037030250038452e-01 6.757217952442523545e-01 8.074480685764152676e-01 6.435873699401661874e-01
4.847000000000000000e+03 2.563623262326008567e-01 2.725138566435498233e-01 2.933885342716667788e-01 5.253361976806184552e-01 6.247793346000729553e-01 6.437902998526023879e-01 8.299624371428100389e-01 6.569787625604737169e-01 5.967434391733337229e-01 6.249459227544371664e-01
4.950000000000000000e+03 3.014968072065827287e-01 2.475744606358999678e-01 4.016025438593694985e-01 4.616161241576664520e-01 4.940775972465797361e-01 5.959672595210773194e-01 6.200541094270347608e-01 5.713526775907038502e-01 7.455903611609669968e-01 7.776548206825765197e-01
4.951000000000000000e+03 2.623058509220018708e-01 3.473942906321574875e-01 4.102992573948617272e-01 4.228779759380146275e-01 5.200926178163187696e-01 5.449780075233887633e-01 6.682928706275770292e-01 5.835863231523649164e-01 7.305998646160849486e-01 7.404994747486117745e-01
4.952000000000000000e+03 3.425929177793439750e-01 3.465734866864315089e-01 3.634584990488801681e-01 4.396787968887688192e-01 4.603833630320365855e-01 5.829006506705349810e-01 6.752329966928758420e-01 5.615913929813113326e-01 6.828395410734947601e-01 7.654697007071350479e-01
4.953000000000000000e+03 3.587335985247611103e-01 3.245697886740516180e-01 4.014086533408404711e-01 4.007907395118791571e-01 5.195797875504545305e-01 6.122351407226152009e-01 6.674314758193147235e-01 5.307847005264761941e-01 7.265808162443083695e-01 7.011530720738503586e-01
4.959000000000000000e+03 4.181610503020773417e-01 3.777163224756039384e-01 4.819020024605119024e-01 4.266042867658842441e-01 3.690544793906270216e-01 4.938525995266080382e-01 6.097296583413595039e-01 5.096957877161805150e-01 7.241150798847973968e-01 7.770486433015673100e-01
4.960000000000000000e+03 3.819386164456362587e-01 4.239794185918632219e-01 3.834268362115358375e-01 3.010212101164700393e-01 4.266856139351142274e-01 5.417016058883040719e-01 5.899443922291439657e-01 5.674926147560697132e-01 7.351027829904621669e-01 8.026358853564492524e-01
4.962000000000000000e+03 3.576965128089008017e-01 2.437924359306069266e-01 3.342172640315806409e-01 4.239533010416792758e-01 4.689836519910416945e-01 6.164281435410907672e-01 7.001126898314060654e-01 6.168024552503457159e-01 7.833398910026694306e-01 6.750423597867689640e-01
4.963000000000000000e+03 2.833666717733992479e-01 3.160457586692070886e-01 4.059149001353680175e-01 4.300466292195193052e-01 5.724176159313825174e-01 6.572147601995934618e-01 7.644645583670606204e-01 6.448574485081591812e-01 6.427013510504885341e-01 5.919426185662559625e-01
4.987000000000000000e+03 3.022079558646343922e-01 3.620140218535537469e-01 2.830016730908705980e-01 4.059133912850738102e-01 4.010008381949759504e-01 5.518223188497751730e-01 7.082431259817538738e-01 6.231484538326130806e-01 7.431985813720600742e-01 7.950345958688835868e-01
4.989000000000000000e+03 2.467238060472658756e-01 2.945674033101839950e-01 2.656893292779822779e-01 3.891709672724321667e-01 5.403350826192251377e-01 6.480254539184108209e-01 6.660566391427247268e-01 5.759822397159907181e-01 7.832985431403721721e-01 7.955629283646470373e-01
5.079000000000000000e+03 2.727800353501678154e-01 2.223430034393144017e-01 2.823592051096054378e-01 2.069297849795802002e-01 4.579489397470540291e-01 5.843082106594614800e-01 8.525991753298516329e-01 6.760995979462361971e-01 8.467179200315230192e-01 7.627202350667553477e-01
5.286000000000000000e+03 1.993083669824712301e-01 3.641463713758323895e-01 4.436585749209830398e-01 4.180769768022213340e-01 5.519826741131129699e-01 6.170915384775900181e-01 6.632585906747263671e-01 5.863506252029435650e-01 6.955443394523928013e-01 7.261111124781092219e-01
5.291000000000000000e+03 3.717603118747050961e-01 3.470828810896867123e-01 4.261300135767490671e-01 4.056772859485110461e-01 4.493211764207315495e-01 4.570917823661343471e-01 6.925288408973213627e-01 5.534300253041888329e-01 7.270551351428712339e-01 7.662214528902925315e-01
5.292000000000000000e+03 3.534126803190552057e-01 3.731245854244179538e-01 3.612455414267216058e-01 3.816568663462921451e-01 3.885347126244508287e-01 6.217019756266354280e-01 6.483897946765173614e-01 5.688525918190551200e-01 7.217364583013792245e-01 7.738837217343644825e-01
5.679000000000000000e+03 4.817825794174571130e-01 4.275767632949198926e-01 3.735838323012309892e-01 4.350576609496225600e-01 4.122378255226299415e-01 4.357912382680393382e-01 5.916817211596183679e-01 4.888666763142045513e-01 7.599778437229258721e-01 7.582581581998224518e-01
6.182000000000000000e+03 2.636937767114128639e-01 1.926629643536698355e-01 3.587646969412144338e-01 3.118086111088445023e-01 5.505149566551222895e-01 6.131049243274719895e-01 8.491027587227717444e-01 6.803224364526545553e-01 7.483054298808182736e-01 6.768117769670979333e-01
6.189000000000000000e+03 4.708503344070704144e-01 3.744579189549402387e-01 2.642557778252683232e-01 3.779158280021018279e-01 4.312653856254410889e-01 6.628287216696284734e-01 6.624744341451823670e-01 5.953933853421663480e-01 6.424269608423397449e-01 7.187316220713209081e-01
6.272000000000000000e+03 3.149679568685285203e-01 3.370666352532086241e-01 4.333104094424898300e-01 4.067507407268302067e-01 4.433805171735974437e-01 5.405517761634294205e-01 6.681659794912943040e-01 5.777340400928753228e-01 7.607516776085663235e-01 7.298825281157794720e-01
6.273000000000000000e+03 3.459450065011399622e-01 3.809654894149995807e-01 3.640055706004620695e-01 3.773241544785788659e-01 4.722145734269707629e-01 5.993255515067714700e-01 6.838475998357461672e-01 6.034084850701632030e-01 6.834323739389216446e-01 7.121674461398018741e-01
6.274000000000000000e+03 3.884409048949597487e-01 3.244324325890952099e-01 3.406994019498296722e-01 4.122643294089780586e-01 5.350025839261342009e-01 6.200562605137442951e-01 7.246446657985512463e-01 5.308439604945269785e-01 6.679067431077181372e-01 7.085634559567020041e-01
6.458000000000000000e+03 5.521347534206868524e-01 4.132300178988647099e-01 3.704476934357544549e-01 3.921221687543647860e-01 4.081977130429257916e-01 4.520871751540728178e-01 5.734901831090903901e-01 5.214138549391117428e-01 6.886035816347925165e-01 7.764991065482643728e-01
6.469000000000000000e+03 2.754196315587663646e-01 3.211607498121262783e-01 4.085517263728539739e-01 3.617604367768724738e-01 4.945117371634733527e-01 5.322778942479323705e-01 7.050249947282573038e-01 5.906757234074346830e-01 7.184350178811594878e-01 7.975463228723025377e-01
6.470000000000000000e+03 3.208568936282413797e-01 3.465210476565760422e-01 3.064246312325745181e-01 4.150880370456320190e-01 4.496220569005925372e-01 6.210188398835762014e-01 6.867906519684785493e-01 5.508622728852019534e-01 7.462325501751786438e-01 7.666875552332470534e-01
6.476000000000000000e+03 3.060848492324509951e-01 2.579391139594823801e-01 3.440482436528950472e-01 3.551672178003115188e-01 5.399779659293435508e-01 6.115918349310351942e-01 8.153870805802813093e-01 6.206011539111536690e-01 7.152614394355595318e-01 6.852647475294271207e-01
6.667000000000000000e+03 4.102434967540839472e-01 3.847329029972993975e-01 4.717094559939131182e-01 3.825605458543471782e-01 4.408202869832286708e-01 4.917909953177099780e-01 6.081361842901270576e-01 5.069159444059117003e-01 7.578082261093840311e-01 7.398333346115023579e-01
6.668000000000000000e+03 3.967227884457459886e-01 4.248430911362874318e-01 3.521107767974210323e-01 3.865006302313437336e-01 4.357797759714218677e-01 5.514903681279365033e-01 5.975359341258772439e-01 6.090979078483493847e-01 7.029269480205472265e-01 7.262801158371281485e-01
6.669000000000000000e+03 4.290073938139466470e-01 3.161842506092619187e-01 3.520477113985109874e-01 3.772944546247252728e-01 4.905578435413874283e-01 5.370035255590756007e-01 7.351653622435391222e-01 5.519830783952336395e-01 6.852100205698389290e-01 7.383181227101032196e-01
6.670000000000000000e+03 3.365888884376539436e-01 3.197466724077323574e-01 3.472954556472133136e-01 4.381010641897399305e-01 4.804756476632291440e-01 6.778658320991745034e-01 6.602841738117914971e-01 5.375664268305524462e-01 7.014672476276544444e-01 7.415164728045208209e-01
6.695000000000000000e+03 3.266174651788953942e-01 3.167177567386658676e-01 2.985310851209169170e-01 3.959390813463263825e-01 4.865275840726904222e-01 5.816525399290034537e-01 7.693603464217937393e-01 5.198744557392519505e-01 7.396619101956497522e-01 7.839319020892606682e-01
6.699000000000000000e+03 3.164106883755442023e-01 3.261239644439760665e-01 4.855599331494622750e-01 3.672633057504046117e-01 5.179791260067050374e-01 5.908077582731852129e-01 6.683607493362097030e-01 5.779349212712632244e-01 7.079474625088808537e-01 6.901347870242670046e-01
