2.680000000000000000e+02 2.933476903179947359e-01 3.088093116973377739e-01 4.506191533856586662e-01 3.795393890924264046e-01 5.909347728950471446e-01 5.361554841660360893e-01 7.969521298511841323e-01 5.705218417469400949e-01 7.662579475360171699e-01 5.944388075078409495e-01
2.690000000000000000e+02 3.310531368616121961e-01 4.076025648896849929e-01 3.506911472708763577e-01 5.430016381758093758e-01 4.808888760762163317e-01 7.404970481423729378e-01 6.872751878525675817e-01 6.185724507113071757e-01 5.453647160926923254e-01 6.120506049283555017e-01
2.700000000000000000e+02 4.101808601402548438e-01 3.108153101954548858e-01 4.979373074198778504e-01 4.189557201635636940e-01 6.714564473254663879e-01 6.212155619638934922e-01 7.433868605454261314e-01 3.929199682183155407e-01 5.570865309429762213e-01 7.087890882275960092e-01
2.710000000000000000e+02 3.274470282638156093e-01 4.430696178620381898e-01 3.816856297667464148e-01 6.187654632291375023e-01 5.574431306004822284e-01 6.800910198931545692e-01 4.339179134152426065e-01 4.067709934544159744e-01 6.649196050432737426e-01 7.603891336200426787e-01
2.750000000000000000e+02 4.610424936257669914e-01 5.134526327229833598e-01 2.769066498732985493e-01 3.294816880359672240e-01 5.356193785680629649e-01 6.758202386276278562e-01 6.551900520304484443e-01 5.292897610633159333e-01 6.209763232532753419e-01 6.468374905714127099e-01
2.770000000000000000e+02 3.277209036169648759e-01 3.276540265460855528e-01 5.111707923601002124e-01 6.318377457149498833e-01 6.018408118739216883e-01 6.341659515873596664e-01 6.142411203167641442e-01 4.995607102997938198e-01 5.856922651339225849e-01 6.186790405199281695e-01
3.270000000000000000e+02 5.592442899366771858e-01 4.165875074099071318e-01 2.135890965722930801e-01 3.285179006880691310e-01 5.110944818009871549e-01 5.292052841723819956e-01 6.800339958192082035e-01 4.936559313850918951e-01 7.063862547011506843e-01 7.338124769895785215e-01
4.430000000000000000e+02 5.920422615721467885e-01 4.793224600551099224e-01 3.537458559015407844e-01 3.931329543931763593e-01 4.619800748865682261e-01 6.223829783283606476e-01 4.100866255367713320e-01 4.075089379176008997e-01 6.797299250644484037e-01 7.709071400255703699e-01
4.490000000000000000e+02 2.067939796629889582e-01 2.111563866744336493e-01 3.957061724793147217e-01 5.063673489035962483e-01 5.871233813114552502e-01 7.264886011044201508e-01 7.744976200539598343e-01 4.625822613867831556e-01 6.907652830485143669e-01 7.610255288618219538e-01
4.880000000000000000e+02 3.300008468378558546e-01 4.324731003428929355e-01 4.770219408848936915e-01 4.402312722494368669e-01 4.350364067362268439e-01 5.028567824288380228e-01 7.447523884374388503e-01 5.647101499406419478e-01 6.728924788401857704e-01 6.610583539765728656e-01
4.890000000000000000e+02 4.362629692727709174e-01 4.267050909927249669e-01 4.044597538724286068e-01 3.772466654875379355e-01 4.434706164922849747e-01 6.838269983228631999e-01 6.743669877488644993e-01 5.228390302817110813e-01 6.145762252217407129e-01 6.741295576822630142e-01
4.920000000000000000e+02 3.680725788388330422e-01 3.623777597290396280e-01 5.813157825235845122e-01 5.528231497794653393e-01 5.483474986079630575e-01 5.300028385464335967e-01 6.093751825294992930e-01 5.150834754319614239e-01 6.577004218096440535e-01 5.892192267271809669e-01
5.490000000000000000e+02 2.897450236462209006e-01 4.313100840388980894e-01 4.188232696493743301e-01 5.914877751844970222e-01 5.365234501607873963e-01 6.000390535562749594e-01 6.999978909806775507e-01 4.587081699740318541e-01 6.391795394751726977e-01 6.613717812492766468e-01
5.500000000000000000e+02 4.307977293618152625e-01 3.704742187695760913e-01 5.442835560913771298e-01 4.760218376001926210e-01 5.332031885479943112e-01 6.335279719887272343e-01 5.216017567192438031e-01 4.853129633901039353e-01 6.106484914623805382e-01 6.736250379363025731e-01
6.230000000000000000e+02 4.041013510300141554e-01 4.280714381291401693e-01 4.647387172595618399e-01 5.069550398377286049e-01 5.034635319534185305e-01 5.451113828319147370e-01 6.258941844417830191e-01 5.083083066730317290e-01 6.487936047370972403e-01 6.406271981749220856e-01
6.240000000000000000e+02 4.429919359605993812e-01 4.279318655303793739e-01 4.823677615556705711e-01 4.619962124162284023e-01 4.986774211742418528e-01 5.798146714699538018e-01 6.102153906171696729e-01 5.091447739077387125e-01 6.024526817391325784e-01 6.557102111546012635e-01
6.250000000000000000e+02 4.481195491264288178e-01 4.494314052683371918e-01 4.457923831221926037e-01 4.640545482845806480e-01 5.396152864957184381e-01 5.711370100035992881e-01 6.183225277487546245e-01 4.683009654812045897e-01 6.239731154831068549e-01 6.486151728465158195e-01
6.260000000000000000e+02 4.637310442439178115e-01 4.134158648198171249e-01 4.434925191552071544e-01 5.019099148382190068e-01 5.267628617798206792e-01 5.748149405347294794e-01 5.572246517273771182e-01 4.864257973585532357e-01 6.130201100427798977e-01 6.798842124608611703e-01
6.370000000000000000e+02 3.659463567457719169e-01 3.915373450138117661e-01 4.649264109815319790e-01 5.024674392010698432e-01 5.256561020374828086e-01 5.828305437740790573e-01 6.408401265513455902e-01 5.222012767416661649e-01 6.548108317050158611e-01 6.372992691337844295e-01
6.380000000000000000e+02 4.066402212877048838e-01 4.233485865094429035e-01 4.726466773808657984e-01 4.793300597629722715e-01 5.303662151564642047e-01 5.891532917802201341e-01 6.239518935556518375e-01 5.111039791739252491e-01 5.948074582681339706e-01 6.549547402838743482e-01
6.390000000000000000e+02 4.377055289571119556e-01 4.336187118616422476e-01 4.542953694146705801e-01 4.882809882984339156e-01 5.405441108498834080e-01 5.764023023651544397e-01 6.126042369644818519e-01 4.546945714507494296e-01 6.170205510492390300e-01 6.670091613290068944e-01
7.620000000000000000e+02 3.290336772198380055e-01 3.048819498162357866e-01 3.439449151937617466e-01 4.230940325023532234e-01 5.567682182778385114e-01 7.029950613969672135e-01 7.143909386530583605e-01 5.410746762782617791e-01 6.538671138261068494e-01 7.069785520445910354e-01
7.730000000000000000e+02 3.119331686925795877e-01 3.749715017347383661e-01 3.487081301255011145e-01 4.252786916480265633e-01 5.232655041644026506e-01 6.034518930899517297e-01 7.205201557322853390e-01 5.975918245626217207e-01 7.198214597290106820e-01 6.355284418027363769e-01
7.740000000000000000e+02 3.870615730320337566e-01 3.153740123978074350e-01 3.918623806153865297e-01 4.701551748791753527e-01 5.441330033556293078e-01 6.616346498129482834e-01 7.218148445658880696e-01 5.705355956370022907e-01 5.880645727963911273e-01 6.466962561134945719e-01
7.750000000000000000e+02 3.429558312629760186e-01 3.628658595419644861e-01 4.459163663462259453e-01 5.029810623544281878e-01 6.123068124599675421e-01 6.741082402042259947e-01 6.955439845608001326e-01 4.483675645201798954e-01 6.083451935773201980e-01 6.465561201322633789e-01
7.760000000000000000e+02 3.782834784725378485e-01 4.030609574243869120e-01 4.691020440831725757e-01 5.645850953684267148e-01 6.160336081654316231e-01 6.393401757043682965e-01 5.174285237431669460e-01 4.622075063128098793e-01 6.019091542219927593e-01 6.594063513648454888e-01
9.150000000000000000e+02 4.446726423603457046e-01 3.953227845650930106e-01 3.954663701757411554e-01 4.192422990418605000e-01 5.024588308733762831e-01 6.055919613274243218e-01 6.590386136252133209e-01 5.261419328179111066e-01 6.278130034341459220e-01 6.769056708914494846e-01
9.770000000000000000e+02 4.511578391224206896e-01 4.757015934940476698e-01 4.245321338221019203e-01 3.366370170454900390e-01 4.793510250895089420e-01 5.552317700473002882e-01 5.939808889726597707e-01 5.558347205927040013e-01 7.147410206064556126e-01 6.289350725504961881e-01
9.790000000000000000e+02 4.183350563948077805e-01 3.063695517585389161e-01 4.236221306249646212e-01 4.762677620792799549e-01 5.102615489123123460e-01 6.386113536712839656e-01 7.107857850830463509e-01 4.570287790633743019e-01 6.758350541708159076e-01 6.708652993817711963e-01
9.800000000000000000e+02 3.374122706116379211e-01 3.935755110418215352e-01 4.549171399941021043e-01 4.712198096553175675e-01 5.928036426860945340e-01 6.663529800603797959e-01 5.412240732150842559e-01 5.374607820983965389e-01 6.370693760251633364e-01 6.552935666896552158e-01
9.820000000000000000e+02 4.232537932411121195e-01 3.995179316841493411e-01 5.124299122909903303e-01 5.640916240668714110e-01 4.346184784400262680e-01 5.886018496602146710e-01 5.794295556801070113e-01 4.677588445450879262e-01 6.387137093561193746e-01 6.708168831707889135e-01
9.860000000000000000e+02 3.692499444168843570e-01 4.380563285513381921e-01 4.224125908732574430e-01 4.190089334888834061e-01 5.044667776854160346e-01 5.465183646199445189e-01 6.753620953157447593e-01 5.564001068112102155e-01 6.888941068979851368e-01 6.357817931775953113e-01
9.870000000000000000e+02 4.497265040861604946e-01 3.883157477117140099e-01 3.949766243271846666e-01 4.602848838953949584e-01 4.974026817158437863e-01 6.262472244445296266e-01 6.742120932866170202e-01 5.468249346682028111e-01 5.951862712177977688e-01 6.409080372191238162e-01
9.880000000000000000e+02 4.136766223643944529e-01 3.729390030484047713e-01 4.447561165447230236e-01 4.633737152333119447e-01 5.859405645254455175e-01 6.353954207512859664e-01 6.712751635743581247e-01 4.615640571134807524e-01 6.082531306096301549e-01 6.508453004601219005e-01
9.890000000000000000e+02 3.894653835706741174e-01 4.046777396896736878e-01 4.339570445279744559e-01 5.404977530555583609e-01 5.810085676579360703e-01 6.183202460149213042e-01 5.387890775700068247e-01 4.643256277076733274e-01 6.088259281076016105e-01 7.042267464384110998e-01
1.556000000000000000e+03 5.240041555103672755e-01 3.874450551980352375e-01 5.189895798053381082e-01 5.247083670313305026e-01 4.821485201866767545e-01 4.624760193230095240e-01 5.772360336031727712e-01 5.130727387991018684e-01 5.969179591543366525e-01 6.619778673548867287e-01
1.557000000000000000e+03 4.150066265480437666e-01 4.846579248545134777e-01 5.096011204207611112e-01 4.504102536654127076e-01 4.274281764621635782e-01 5.417342449369455526e-01 6.271955976147066680e-01 4.652731654670524963e-01 6.333074314413504879e-01 7.007542984856846013e-01
1.565000000000000000e+03 3.371247552871825537e-01 3.484871959612523273e-01 4.752251259191989652e-01 4.506521986491032195e-01 4.763347289355018832e-01 5.817497502760928807e-01 7.078545696727521763e-01 5.551646245541222990e-01 7.067686778188352337e-01 6.359900772921717182e-01
1.671000000000000000e+03 4.363436077199096541e-01 3.374249690349107600e-01 3.613574600187009489e-01 4.132603366663527567e-01 4.595734384041160747e-01 6.493843673876315004e-01 7.440364612819272416e-01 5.078916540460807205e-01 6.647885251465456280e-01 6.836425045259201250e-01
1.928000000000000000e+03 5.740440439620013713e-01 5.457324822533391462e-01 5.374323719135722932e-01 4.777489183797553607e-01 4.826780596747073382e-01 4.920666023463441952e-01 7.176609154181639028e-01 3.750178572896853413e-01 5.797167140924610607e-01 5.403441001344625461e-01
1.941000000000000000e+03 6.059411418079269085e-01 4.944284208435607564e-01 1.636634557748383734e-01 3.950855015199653542e-01 6.631661956923453616e-01 7.442399491864456484e-01 4.510252441982133820e-01 4.370940800206808974e-01 5.901110211324056554e-01 6.835052516380585308e-01
1.959000000000000000e+03 3.341742285625221021e-01 3.125063983397870504e-01 3.821999675462224855e-01 4.022067591476568005e-01 6.137311149512205688e-01 7.080331196434003216e-01 7.584687351726967508e-01 6.220957005184860611e-01 5.671847352341071735e-01 6.158391794471752556e-01
2.021000000000000000e+03 5.721458741564403594e-01 4.837462395665003134e-01 3.170354043433816771e-01 3.749225205281024320e-01 3.995152382124472767e-01 5.935723872435603177e-01 7.070474053625094291e-01 5.851788978158439791e-01 5.906339014229232687e-01 6.028894522461940575e-01
2.022000000000000000e+03 5.318911422518984855e-01 3.422438884614146248e-01 4.057305676578875642e-01 4.070340178384362351e-01 5.977354407535279135e-01 7.129778795107055700e-01 7.697902802276801459e-01 4.891755805729864903e-01 5.990677322667825599e-01 4.898932269585724586e-01
2.023000000000000000e+03 3.984247060629765858e-01 4.113007261069537290e-01 4.261364547665513203e-01 6.014778327647825051e-01 7.047948650252083835e-01 7.644864948306362429e-01 6.249787103306222447e-01 4.896455052870700153e-01 4.672543672276381344e-01 5.202567983008709041e-01
2.370000000000000000e+03 3.093709143920454485e-01 3.605664231894127880e-01 4.371436172941165488e-01 4.354398694106805801e-01 5.054772740055420988e-01 5.583587438997158481e-01 6.879452552428007017e-01 6.502725704646389326e-01 6.769003270877471667e-01 6.360569547263358325e-01
2.371000000000000000e+03 3.698051082085023200e-01 3.879811487335046438e-01 3.957305318576634368e-01 4.456465561644723516e-01 4.938593913797268975e-01 6.232006318918683618e-01 7.886465414171555111e-01 5.237281084830668343e-01 5.842228001096956280e-01 6.813499011453244547e-01
2.372000000000000000e+03 4.048698160771043719e-01 3.639606534183813524e-01 4.196683498775296561e-01 4.483195909831927395e-01 5.718374385200166721e-01 7.377766047295311047e-01 6.278801041239647773e-01 4.426297565781645571e-01 6.442192551523965305e-01 6.474754248164550363e-01
2.374000000000000000e+03 4.129990838274961718e-01 3.994827993111311204e-01 5.137382215196431012e-01 6.597938852233901086e-01 5.413964857846660372e-01 4.803599313951893990e-01 6.118775311490441959e-01 4.755839218430021331e-01 5.836582985033091919e-01 6.364164990155595225e-01
2.444000000000000000e+03 4.122345595539783081e-01 4.470121697413421691e-01 4.654006444732833314e-01 4.152980724724158468e-01 4.773423816027312361e-01 5.593326153234575715e-01 6.726492298628232724e-01 5.944893921658012115e-01 6.311359378351313332e-01 5.922540512305827232e-01
2.445000000000000000e+03 4.775485081880287974e-01 4.487659739076044207e-01 4.168864419794071074e-01 4.587595669912918894e-01 5.357249937993538991e-01 6.498427331104388305e-01 7.536394469824280185e-01 5.086568224988460285e-01 5.666181141444750491e-01 5.202028610503246497e-01
2.446000000000000000e+03 4.724079965548415583e-01 3.983973379333038967e-01 4.502719323809799556e-01 5.102584634731958113e-01 6.162461933997587238e-01 7.215983712782532145e-01 6.254671049619437984e-01 4.384305690441032688e-01 4.814561146577977513e-01 6.323664852772642453e-01
2.453000000000000000e+03 4.978293214083407414e-01 3.758815407657065677e-01 5.574535662750089715e-01 4.754767418718653382e-01 5.315105128421212521e-01 6.448428736866950173e-01 5.823338123871303340e-01 5.085193395798055516e-01 5.338001731403611005e-01 6.022076613898403874e-01
2.454000000000000000e+03 4.126207141949501667e-01 5.275524275415371944e-01 4.722193486360996562e-01 5.119437660822407921e-01 6.172050941332579699e-01 5.570972563843608061e-01 6.312547900325512495e-01 4.101915952197022208e-01 5.754546085214703455e-01 6.144575951702612171e-01
2.466000000000000000e+03 3.480305805618519321e-01 3.919391533112714932e-01 4.137439340211634953e-01 4.684936751799260168e-01 5.289214091488991798e-01 5.483119782980810930e-01 6.590672364019766194e-01 5.748303111837638202e-01 6.413447700422636455e-01 6.835314153551531602e-01
2.537000000000000000e+03 2.977452212564299372e-01 3.962911787116806805e-01 5.920653396159937243e-01 4.666680835986344866e-01 5.585698728459734808e-01 5.855716838546067837e-01 6.835915894503739043e-01 5.114036916173513303e-01 6.624360253614224314e-01 5.802861570087766152e-01
2.538000000000000000e+03 4.160001357781132336e-01 5.412550615346930494e-01 4.448388598743330813e-01 5.202723769718262670e-01 5.397848508294273984e-01 6.384777017403125976e-01 6.158433578687103616e-01 5.235962784785445079e-01 5.374998300369906445e-01 5.521282245270100475e-01
2.539000000000000000e+03 5.502276550162407132e-01 4.188424774655780114e-01 5.048249450304070907e-01 5.094860537215568641e-01 6.002187338256753657e-01 5.796232258364905077e-01 6.413011123718795892e-01 4.061058213880336942e-01 5.128484833116889741e-01 6.067650928313762515e-01
2.549000000000000000e+03 2.979467262666752880e-01 2.730416655518606572e-01 5.130917896941100675e-01 4.930806492673011077e-01 5.845994125180546952e-01 7.006866733146905890e-01 7.142840147880549218e-01 5.120644978277921755e-01 6.481334659462019143e-01 6.106430778367040180e-01
2.571000000000000000e+03 2.104745591397543247e-01 3.671955759264435293e-01 4.340900768906657547e-01 4.786459822031510214e-01 5.640434396388609439e-01 7.301228689225705004e-01 6.733223776989482046e-01 5.175812345511958679e-01 6.439162923884449441e-01 6.997004123557055699e-01
2.621000000000000000e+03 4.558756316099248918e-01 3.686172673696080371e-01 5.597222497802287755e-01 5.563113119041054322e-01 4.330804928044590940e-01 5.778290601607372068e-01 5.703624548275547657e-01 4.638864373097069671e-01 6.515480998635154730e-01 6.445756401501242516e-01
2.631000000000000000e+03 3.628449328715399047e-01 3.793780278062187095e-01 5.414295721349171586e-01 6.146760676728459938e-01 5.899988883782447679e-01 6.164946566518535453e-01 6.034913752570910672e-01 4.904328486809099164e-01 5.409629188620576068e-01 6.136649884800901011e-01
2.704000000000000000e+03 3.373006577526141969e-01 4.460193530997462186e-01 3.810336468158185275e-01 5.233348013133728438e-01 5.308949334813369836e-01 6.197228924093076685e-01 6.914009141398734792e-01 4.686102037645362706e-01 6.714355851498884364e-01 6.363749552623989558e-01
2.705000000000000000e+03 4.530402176309827889e-01 3.477092812697261115e-01 4.907193258936551339e-01 4.826409570273141325e-01 5.646039837512444315e-01 6.372936071564715421e-01 5.475528068439873275e-01 5.260355337468053394e-01 5.922942096738176287e-01 6.418163566355492566e-01
2.763000000000000000e+03 3.479900776161544140e-01 1.991953549658761757e-01 4.005382716887925243e-01 4.767617317883017791e-01 4.656840140232241798e-01 6.950841455420220250e-01 7.495482873457023354e-01 4.872818750980595359e-01 7.224281117770503524e-01 7.298109370043841526e-01
2.804000000000000000e+03 2.729641923173135032e-01 1.711796394136436972e-01 3.897194917663119318e-01 5.134467502206423450e-01 5.373317387280172053e-01 7.898366885722667430e-01 6.870476198894530651e-01 6.387126341925035700e-01 5.743633051094365616e-01 7.258696000110138602e-01
2.805000000000000000e+03 1.940518615543232184e-01 3.356556132753655830e-01 4.586430678637223313e-01 4.659147775439517192e-01 7.088350812349484276e-01 6.098648181623175235e-01 7.599968840342388177e-01 4.135982365337237954e-01 6.730580979056395297e-01 7.241526874510231249e-01
2.886000000000000000e+03 3.221427826024087504e-01 2.658339339502949761e-01 4.122652671138233305e-01 5.439458228327270772e-01 7.107373789288501387e-01 6.128682305757819915e-01 8.241747619413363202e-01 5.610204939436128635e-01 5.970412949841107375e-01 5.308699288448185394e-01
2.887000000000000000e+03 3.039520901797841401e-01 3.861576909539806146e-01 5.231149804706697326e-01 6.814646496434269007e-01 5.704484004474364989e-01 7.821076703095916072e-01 6.886060296266852676e-01 4.617044088611280128e-01 4.862895663598452156e-01 5.505365405998580153e-01
2.946000000000000000e+03 2.988443450436162885e-01 2.701306127315180050e-01 4.188400610925751000e-01 3.997272004785769051e-01 6.928413491563332194e-01 6.908824338105788998e-01 7.527040454135197622e-01 5.040992395695292894e-01 6.357688899165643281e-01 6.649022460821624181e-01
2.960000000000000000e+03 4.326503527369131019e-01 5.578801154415077290e-01 5.065611503170396324e-01 4.124892892475726658e-01 5.176489646508376508e-01 6.777771166298964811e-01 7.190544075312992334e-01 5.611619481523609787e-01 4.136374936156591020e-01 5.513626904252515448e-01
2.966000000000000000e+03 5.778393533116034098e-01 5.505132197493483037e-01 2.170409121856860524e-01 3.590074910685454590e-01 5.336931084955011118e-01 5.556873664089172493e-01 4.576561425281532314e-01 4.933532615195846405e-01 6.740655760402695096e-01 7.343703723910344205e-01
3.032000000000000000e+03 2.391161400268345116e-01 4.199278578186494970e-01 4.401685327043790008e-01 4.254459219798912284e-01 5.847699980131793041e-01 7.303050676397411234e-01 7.471608062147333529e-01 6.058045362184993898e-01 6.616200883398329902e-01 5.016509395963544282e-01
3.033000000000000000e+03 4.394742259935387474e-01 4.104317416403517882e-01 4.085085508095637197e-01 5.509035958434842506e-01 6.856595726442401562e-01 7.051761762968780101e-01 7.504034698417538785e-01 5.253213758183782334e-01 4.540950519518769379e-01 4.781964959178052754e-01
3.039000000000000000e+03 6.471928865076533866e-01 5.587651741679919848e-01 3.281243523437432086e-01 3.061517399049957788e-01 3.943487885439910245e-01 6.182028767092913046e-01 6.227145698895077963e-01 5.071517276136778829e-01 6.300161577973395488e-01 5.944635144635441737e-01
3.095000000000000000e+03 5.080557719247885684e-01 5.127915527779826066e-01 4.014400884683182458e-01 3.187438299112494988e-01 5.025188713874457758e-01 6.680995343464255498e-01 6.269530257204307677e-01 5.604144209154403589e-01 6.825161114958810948e-01 4.875972197606092684e-01
3.096000000000000000e+03 5.591424212336950639e-01 4.186635543592194253e-01 3.533125828674746338e-01 5.159591774831508992e-01 6.733811641335761822e-01 6.350719372448550004e-01 7.373251924738961627e-01 5.819019758417132149e-01 4.740317509985096378e-01 4.197704615474748824e-01
3.198000000000000000e+03 4.193813348480812664e-01 2.806000480328279534e-01 4.210119456112746406e-01 4.645378725563842348e-01 4.195951431215462213e-01 5.914660731718147657e-01 7.447930977634691363e-01 5.928236937782164206e-01 6.958057346068190485e-01 6.268873336699034571e-01
3.227000000000000000e+03 3.844576588861497446e-01 2.522329120131511226e-01 4.038150251774519917e-01 4.307029939187947964e-01 5.006976083883649675e-01 6.994922007340540482e-01 7.373794231005627031e-01 4.749520018508546770e-01 6.547817869735568230e-01 7.383242998081194219e-01
3.266000000000000000e+03 3.770784464220616194e-01 3.869888935044935030e-01 4.644009930994347224e-01 4.330316017793865990e-01 5.673676650694218226e-01 5.206364503386621267e-01 7.580800363315122192e-01 5.665518882983421323e-01 6.880630809660382985e-01 5.406369251633822426e-01
3.267000000000000000e+03 4.203815166360849176e-01 4.431109462612075056e-01 4.286166525890429679e-01 5.463006156092446997e-01 4.921658187863771627e-01 7.293036595348519890e-01 7.091957705282049274e-01 5.610320288478922723e-01 5.061436284653273443e-01 5.222448632811360625e-01
3.274000000000000000e+03 5.866875035856665699e-01 3.592068906945681817e-01 3.421873149777772127e-01 2.903332474756223913e-01 4.788796592441785238e-01 4.480030831156492921e-01 6.386097660189923308e-01 4.836593600002962456e-01 7.183500734247941777e-01 7.938847383850150541e-01
3.283000000000000000e+03 4.042686317098296289e-01 3.741728284265973814e-01 3.646367732963176067e-01 4.648318095874670042e-01 5.466596445008833349e-01 6.689761272927273739e-01 7.053757802482728545e-01 4.482082888924525110e-01 6.253325989097404669e-01 6.911117287832776457e-01
3.448000000000000000e+03 2.500346138060635104e-01 2.301602299761363046e-01 3.197884165292301795e-01 5.913891976210267076e-01 6.534105390364447485e-01 6.244703376327397359e-01 7.917274061614445468e-01 5.350443439027608994e-01 6.773345971959210399e-01 6.599849008575676690e-01
3.455000000000000000e+03 4.189032449900784716e-01 4.034761985347374291e-01 3.655607540148882451e-01 4.607357049162457696e-01 5.441968144899570481e-01 5.658658819140467422e-01 6.576321681940034969e-01 5.397851494492325042e-01 6.840688276084319064e-01 6.214464474912219094e-01
3.481000000000000000e+03 3.456234239622130167e-01 2.793352203300454306e-01 3.984865676112127053e-01 3.294151010595190443e-01 5.700915393869349090e-01 7.140989988737580507e-01 6.983167579480662468e-01 5.301540781972807759e-01 6.900374799521321600e-01 7.080091066662674848e-01
3.482000000000000000e+03 2.839805134476635073e-01 3.375142505161025097e-01 2.751619622623934780e-01 4.927219106743213062e-01 6.277383759927699369e-01 6.141773706242216191e-01 6.028705654796455704e-01 5.227272559752377257e-01 6.485906344749025054e-01 8.307243710960169336e-01
3.492000000000000000e+03 4.247655087349898606e-01 4.459319563532696540e-01 5.142089267429716948e-01 4.391294971580479989e-01 5.253674318077586891e-01 5.334001070727762972e-01 7.087247683796634723e-01 5.566335684844367915e-01 5.831114235705171511e-01 5.716152645694340118e-01
3.557000000000000000e+03 3.188848288397604924e-01 1.822500899849367195e-01 3.395447810389539134e-01 3.608291262711031400e-01 6.095176604855818692e-01 7.921751866461792524e-01 6.915673609678205658e-01 4.157701050265980580e-01 7.918990543416793981e-01 7.659169576147351055e-01
3.570000000000000000e+03 3.066183902615500223e-01 2.789469190541315480e-01 5.127705865516231087e-01 5.541247380085702057e-01 6.161139174380051431e-01 7.540985388924569266e-01 7.186628944958122212e-01 6.346569931211205606e-01 4.621562101025732394e-01 5.536525386543245109e-01
3.590000000000000000e+03 2.318558617982400261e-01 3.793348069662647037e-01 3.513260993000714150e-01 5.317103356946361048e-01 6.344154087473887760e-01 8.077869083409757733e-01 7.954191598125099905e-01 5.080049049339122602e-01 6.208758436006789339e-01 5.401983709158368896e-01
3.591000000000000000e+03 3.908295583196862433e-01 3.175968398269462534e-01 4.942322815442460326e-01 5.847622735603779098e-01 7.448493785728873551e-01 7.358866703031444745e-01 5.975276101484222613e-01 4.727262420699588907e-01 4.839715108049154058e-01 5.754379257999575614e-01
3.793000000000000000e+03 5.913994850087488375e-01 4.113691768960692774e-01 4.835692320226993024e-01 3.854060889720337668e-01 5.474303867551637559e-01 6.066037605616412254e-01 6.552792586074710490e-01 5.120468246261012935e-01 5.145380959080343430e-01 5.820384284231168159e-01
3.794000000000000000e+03 4.441850817541797003e-01 4.626353685771207869e-01 3.855875770458114249e-01 5.287515482478886142e-01 5.798456318346596472e-01 6.300338259502521465e-01 6.364880448457838069e-01 3.913457988128814513e-01 5.536226759650159090e-01 6.966390486207212351e-01
3.795000000000000000e+03 4.744674068293818769e-01 3.593588666906709084e-01 5.046969244299601698e-01 5.422762879126433733e-01 5.835518076301555723e-01 5.916904585288781382e-01 4.492456277660938357e-01 4.160031390257830086e-01 6.646242504427084530e-01 6.835098478973341551e-01
3.846000000000000000e+03 3.643134756922133399e-01 1.602732391198666562e-01 5.349364140923025257e-01 5.544278563269339211e-01 7.013521252931926853e-01 8.509898461695274419e-01 7.754339507158827249e-01 5.200321912485490472e-01 6.033213595932522821e-01 3.947496253168520930e-01
3.855000000000000000e+03 3.225504739028740575e-01 1.922372865411026699e-01 4.231525500728648970e-01 4.446645081891740237e-01 5.984584644780441831e-01 6.495265524666425927e-01 7.307285392911414545e-01 5.058152308138703646e-01 6.679012285794134751e-01 7.486655951962994937e-01
3.888000000000000000e+03 4.502388885100757632e-01 3.497225450725825469e-01 5.432033200223601588e-01 5.493074826253633303e-01 5.093774105978277067e-01 6.156944526326425526e-01 4.930860726953694151e-01 5.142495025220908955e-01 6.334653174263442654e-01 6.241752169254906057e-01
3.896000000000000000e+03 3.600503011575690304e-01 2.766706484468407501e-01 3.032910887551775736e-01 5.100822258749555527e-01 6.712496200935661461e-01 7.350055738120108151e-01 7.469715589040373249e-01 5.609625694721325218e-01 5.313553671240588416e-01 6.431808770520320850e-01
3.897000000000000000e+03 3.059734984516282452e-01 2.815615251890828397e-01 4.806031225522070516e-01 6.303143320159633189e-01 6.806314812471204734e-01 6.952028018499457618e-01 6.783560922815564664e-01 3.895372092320395496e-01 6.016909635708265203e-01 6.458053349753687389e-01
3.905000000000000000e+03 4.663242447664321944e-01 4.621747417919337408e-01 5.526340611403356418e-01 4.173673916301094966e-01 4.014956568823869754e-01 5.358900320545501028e-01 6.321367711784363630e-01 4.884606998232202679e-01 6.660432118396694134e-01 6.316030669252603591e-01
3.906000000000000000e+03 4.786717340813417820e-01 5.117893042093983880e-01 4.032311622439961329e-01 3.640924848317194096e-01 4.968546116767734722e-01 5.934171076466472350e-01 5.900894109168820512e-01 5.315692308629950125e-01 5.979783226256871753e-01 6.666320210520988443e-01
3.951000000000000000e+03 2.605578213395075005e-01 2.344310278746513654e-01 4.040329014403387653e-01 5.353446439876180518e-01 6.949059868413461905e-01 7.235264266897443175e-01 8.047291087761403450e-01 5.736899768459687854e-01 5.504649601597356723e-01 6.023779878012465172e-01
3.952000000000000000e+03 2.576157042521646234e-01 3.574252179775092020e-01 4.902215175556959292e-01 6.393148015374852111e-01 6.544353820498044483e-01 7.373736268656154724e-01 6.808465900996990561e-01 3.977007686506739970e-01 5.462808397851195430e-01 6.477499793193051136e-01
4.041000000000000000e+03 1.227784280296342762e-01 3.612685476064113610e-01 3.877643962551112211e-01 4.601274795189558287e-01 7.983466605625352264e-01 8.577953737353979369e-01 7.593419528864108203e-01 5.629961716535438754e-01 5.850087788571521896e-01 5.341233865736455533e-01
4.096000000000000000e+03 3.434906301265465700e-01 1.336296902417618560e-01 3.231723210783060130e-01 4.734320044882898149e-01 6.527296666977276951e-01 8.057312842204318315e-01 6.249765402389091395e-01 5.235191649872522612e-01 7.077509391429251950e-01 7.012451370230778913e-01
4.210000000000000000e+03 4.555901270886236198e-01 5.450567429887589466e-01 6.767913057872010363e-01 5.070375639825028813e-01 5.355628482880019359e-01 5.733470192976888313e-01 7.778023688325506058e-01 4.585503840822235389e-01 3.789258946156129348e-01 5.057766474878703233e-01
4.385000000000000000e+03 2.949840695898617304e-01 2.256874107299549070e-01 1.499123433361873869e-01 5.139356048791950959e-01 8.076800031077699948e-01 7.801609161214584365e-01 6.710216699452296041e-01 4.594133530548782929e-01 6.833566863782423173e-01 7.269747131765533776e-01
4.458000000000000000e+03 3.549785391014450009e-01 4.288362563822962770e-01 4.823840227046877760e-01 5.073713794997053439e-01 4.256986389744978339e-01 6.747471234957589381e-01 5.914387595977984580e-01 5.354606183066527025e-01 6.189378146544352033e-01 6.627066400078701625e-01
4.459000000000000000e+03 4.503078730854017109e-01 4.510272176573029146e-01 4.913405514072375913e-01 3.904655800912146812e-01 6.348748541793182154e-01 5.542943501325913180e-01 6.567074792269654848e-01 4.859329801396864990e-01 6.329576008632166184e-01 5.583882110247277986e-01
4.460000000000000000e+03 4.734575487472563182e-01 4.629952667444090508e-01 3.831717561241965719e-01 6.115369150035776524e-01 5.209165121903259754e-01 6.239190389248321367e-01 5.926510764346996085e-01 5.032122163714568552e-01 5.223229309497982031e-01 6.154179823716714459e-01
4.494000000000000000e+03 4.622792886508518828e-01 3.958404428473617509e-01 2.785157981251553672e-01 3.648998764171847986e-01 4.707061786654734847e-01 5.196576523474114584e-01 7.531755868024524458e-01 5.110782048581765658e-01 6.958120469457823587e-01 7.465246851112761206e-01
4.516000000000000000e+03 3.129186939122147182e-01 3.716888129327357015e-01 5.314181566493461073e-01 5.309099230536264979e-01 5.224079264298789882e-01 5.426847177056788318e-01 7.382940817478177431e-01 5.618684626848183816e-01 5.909627989278435356e-01 6.211340577443027477e-01
4.517000000000000000e+03 3.867148698784486083e-01 4.790863872052407713e-01 4.968602551114428278e-01 4.726860419125216706e-01 4.877129690083639169e-01 6.826735902425170588e-01 6.756948133747247009e-01 4.456668289450486653e-01 5.748027465164995409e-01 6.270916980376847194e-01
4.537000000000000000e+03 4.308580717200440890e-01 4.157115066724390018e-01 3.341583575679242246e-01 4.062006893173087385e-01 5.841786232499016629e-01 5.563631689481211007e-01 6.656474043348291625e-01 5.681334152911013957e-01 6.858654645649390202e-01 6.048013782063370591e-01
4.538000000000000000e+03 4.385322956110732084e-01 3.201224053267763270e-01 3.935088990731246961e-01 5.540231972411908679e-01 5.180633704780830406e-01 6.278145893893971596e-01 7.018061221135402095e-01 5.519643173189571206e-01 5.694644026127254621e-01 6.282240562725627253e-01
4.539000000000000000e+03 3.627641972691625361e-01 3.821327384346001610e-01 5.471901056277628239e-01 4.971474597685403007e-01 5.995671342471152743e-01 6.751429943595345096e-01 6.907696768443003510e-01 4.448951119931887077e-01 6.032901923553682932e-01 5.663947402572629963e-01
4.576000000000000000e+03 6.210154578323375807e-01 3.703323441273167482e-01 4.303481586908035617e-01 4.932641487110706047e-01 3.889291115390164366e-01 5.761429083646163463e-01 6.244195941390978666e-01 6.311378432840322183e-01 4.697162973138773734e-01 6.336144692921628074e-01
4.577000000000000000e+03 4.299273665158375168e-01 4.406584148135075929e-01 5.181735691139588429e-01 3.938986630790801691e-01 5.784060441104544870e-01 6.283724724451805743e-01 8.316597585497342848e-01 3.675661562941078819e-01 6.312149195616789665e-01 5.469759461952379276e-01
4.585000000000000000e+03 4.587299945234324383e-01 2.910489616204794960e-01 2.322662205347721942e-01 3.070035892889738105e-01 5.621095763590566730e-01 6.482676356567654841e-01 6.057788962247548925e-01 4.871007546068671923e-01 6.721272321264099014e-01 8.960331564913631697e-01
4.597000000000000000e+03 3.409609782202550066e-01 3.846384468569724047e-01 5.760495206951115055e-01 3.740192032406082223e-01 5.413936340052661889e-01 6.523724094893948999e-01 5.953162058383364430e-01 5.278496349053277692e-01 7.246213795561901039e-01 5.772113146019762775e-01
4.713000000000000000e+03 4.934680904740350038e-01 3.119884287505349518e-01 4.097848251612752346e-01 4.269742687753931287e-01 5.425194799239437815e-01 7.309320261172190802e-01 6.348651410458178157e-01 5.512495408161319776e-01 7.198085603103766550e-01 4.800288032132075666e-01
4.714000000000000000e+03 3.589054813831391577e-01 4.002866906040535300e-01 4.288545517806159890e-01 5.269459184699161192e-01 7.055776967620984719e-01 6.129373915235666326e-01 6.942379820228973264e-01 5.970309105075042311e-01 4.443007249904132316e-01 5.889667686794755053e-01
4.715000000000000000e+03 4.217936321720578974e-01 4.000392619235012548e-01 5.058811173369521796e-01 6.752459890213801108e-01 5.696686239112982442e-01 6.520750014960945418e-01 7.377258817646686895e-01 3.099971262849681719e-01 5.491548198679988557e-01 5.887953792847181456e-01
4.792000000000000000e+03 2.187654775874684487e-01 2.888944175936776770e-01 3.893127876650369079e-01 3.975226880658640494e-01 6.487671383071593745e-01 7.966981226223022183e-01 7.491427015506625375e-01 6.246504109413512085e-01 5.424072823159007406e-01 6.786863879514588582e-01
4.833000000000000000e+03 4.631754263374481817e-01 5.431862674785783440e-01 4.878057086297151734e-01 3.496569058893070903e-01 4.397163902181870365e-01 5.184347192091639522e-01 6.523787898934306773e-01 5.644233005089757116e-01 6.346020669980291240e-01 5.908812243995903435e-01
4.834000000000000000e+03 5.500748854159162038e-01 4.546378961534726648e-01 3.379322178261456866e-01 4.035930606112687058e-01 4.796655680350056516e-01 6.135362820884241453e-01 6.955593309939115398e-01 5.004552474407343299e-01 5.534648561247776932e-01 6.638441605313464278e-01
4.835000000000000000e+03 4.740280145202082629e-01 3.247715525374098022e-01 3.925009089933430007e-01 4.475497963012946001e-01 5.758764542776798612e-01 6.591166042807969916e-01 6.093803624869037483e-01 4.220608543002690727e-01 6.351359031422321166e-01 7.259466906579870038e-01
4.841000000000000000e+03 3.603688821194514502e-01 2.332107353116089909e-01 3.422649053068496094e-01 4.447473753378727857e-01 5.253054370422270969e-01 5.795221470759212012e-01 5.971428924686534856e-01 5.471066412716821814e-01 6.910543620776152807e-01 8.661203097941209128e-01
4.848000000000000000e+03 2.963782723005631281e-01 2.661012712916363543e-01 4.875089373296259687e-01 5.742059833283095216e-01 5.830907943392731330e-01 7.695678887975088145e-01 8.034331338693289082e-01 4.484575264124944782e-01 5.760131502860724728e-01 6.010649471760501905e-01
4.855000000000000000e+03 4.097846912114334605e-01 3.768986114212314886e-01 3.843127707234141321e-01 4.086121731700698145e-01 5.068065209982526298e-01 6.410126477518756083e-01 7.501721209123217715e-01 5.323828213898116335e-01 6.059003073783215676e-01 6.638039433762884522e-01
4.856000000000000000e+03 3.923891752498083751e-01 3.508226107696910678e-01 3.804893793661541235e-01 4.580408046080802764e-01 5.857959780984286491e-01 6.959219859328672486e-01 6.362590103268184194e-01 4.614641961702145023e-01 6.224294472133112821e-01 7.052584510165351706e-01
4.859000000000000000e+03 4.143567253231623115e-01 4.710815525744972421e-01 5.746495327246397000e-01 4.952534426537287815e-01 4.467120570751542674e-01 5.220682152477059690e-01 6.371962803621527005e-01 5.530519150707025045e-01 5.861490493243359801e-01 5.920372913381464208e-01
4.860000000000000000e+03 4.932528051209388864e-01 5.388751994229081799e-01 4.869765559023455093e-01 4.197297846376129571e-01 4.918847136844443080e-01 6.072769347018714958e-01 6.886882714363881108e-01 4.588627965216443005e-01 5.611217484094319641e-01 5.662820062797867537e-01
4.954000000000000000e+03 3.498794778009183815e-01 3.699332679319116690e-01 3.775560442424824026e-01 4.760314853363479259e-01 5.621712329470737179e-01 6.185051317500227519e-01 6.388112221507156185e-01 5.841814040058338486e-01 6.666757716585514082e-01 6.306389262256341111e-01
4.955000000000000000e+03 3.830558336433959599e-01 3.412466459093123072e-01 4.412768829515008040e-01 5.108822714038449009e-01 5.594858061117817805e-01 5.810935958010058355e-01 7.037987608894198388e-01 5.184482592880426122e-01 5.831413989074162307e-01 6.772891953256002795e-01
4.956000000000000000e+03 3.567355359872387277e-01 3.960995802300214530e-01 4.734312443662853642e-01 5.066585026704382155e-01 5.213147596328766564e-01 6.441712770548054801e-01 6.112356639891549648e-01 4.349020506880345027e-01 6.330050945513188143e-01 7.157293762358800659e-01
4.964000000000000000e+03 3.414831276265782867e-01 3.728870119309580233e-01 4.045910136703485538e-01 5.293963911191772453e-01 6.052392893388226502e-01 7.137051645293012170e-01 7.958656089638106446e-01 5.004008543014056842e-01 5.465527876189719692e-01 5.701802342631850928e-01
4.965000000000000000e+03 3.934017113020300549e-01 3.738352845298311133e-01 5.027237167415296026e-01 5.658107602256154944e-01 6.632454987877379748e-01 7.473959004974156661e-01 5.979436121181418429e-01 4.071205236872885713e-01 5.245684329936183277e-01 6.073526851544067684e-01
5.028000000000000000e+03 4.852872204110410537e-01 6.005125300450311343e-01 5.812319959253280377e-01 4.168749748938671007e-01 6.262303434711903316e-01 4.889978752705908538e-01 7.220425564583551337e-01 4.998208762826890084e-01 4.521954902123359599e-01 4.883310361958398405e-01
5.140000000000000000e+03 2.229251779933314193e-01 2.536562434380296716e-01 4.336887099828481973e-01 6.165692812377779886e-01 6.960032043147004188e-01 7.058952769802672167e-01 7.454850756023395641e-01 7.087442149832782201e-01 4.034868616272869191e-01 6.064097239430855657e-01
5.287000000000000000e+03 3.611851820395173829e-01 3.802930579295306091e-01 3.638526023273810917e-01 4.777496108168257649e-01 5.361693040026972445e-01 5.830733116484180245e-01 6.842718998795030982e-01 5.307855150359392926e-01 6.709616200123225127e-01 6.777177869494456219e-01
5.300000000000000000e+03 3.977584905974712037e-01 4.072499423636429805e-01 5.476453941175239981e-01 5.258041496379688429e-01 5.430490749919995030e-01 5.379915876929858287e-01 5.964415174626738203e-01 5.331373393840692643e-01 6.211214600099621563e-01 5.922915816736370465e-01
5.304000000000000000e+03 4.799971933558888071e-01 4.248915859966294062e-01 4.736213109670701082e-01 5.467219313666129565e-01 5.156153148067533776e-01 4.646032178331147566e-01 6.020196214711270866e-01 5.303179507881995436e-01 6.394867474838742405e-01 5.925435359739903429e-01
5.305000000000000000e+03 4.494380876720623919e-01 4.462654225353039905e-01 5.326673524207705679e-01 4.869036695742116616e-01 4.313386516665940751e-01 5.682421149204009980e-01 6.530252533691039973e-01 5.087513337360606291e-01 5.587480169585593570e-01 6.498730020957941278e-01
5.306000000000000000e+03 4.741904685800285013e-01 5.050645137348358515e-01 4.825564854648781710e-01 4.075706810799743507e-01 5.410220030623961174e-01 6.267510165670409084e-01 6.308647902274748809e-01 4.343950821209190960e-01 6.270928828829186452e-01 5.752364901339306336e-01
5.308000000000000000e+03 4.877038038140216747e-01 3.940000124746463883e-01 5.163669497106354589e-01 5.815916552861937205e-01 5.777795731249786293e-01 5.026671123814054898e-01 6.224575252416802984e-01 4.218126383293719361e-01 5.538778496945664376e-01 6.541667426160779897e-01
5.314000000000000000e+03 4.633999048172057211e-01 3.375918537289845367e-01 3.533613044048174445e-01 4.610833302176768900e-01 5.135721988162834650e-01 5.693351665393417971e-01 6.358935746825378210e-01 5.979577672277796019e-01 7.230437334313154496e-01 5.852605981515016653e-01
5.315000000000000000e+03 3.720118074937173724e-01 3.397111429085498679e-01 4.494778736948731868e-01 4.841923501228139193e-01 5.338941607512094345e-01 6.013449563165425005e-01 7.463840274643800399e-01 5.910277931547786023e-01 5.503577597617793637e-01 6.385396352333717607e-01
5.756000000000000000e+03 5.640924882066969959e-01 3.415144055229649700e-01 2.758764254913218528e-01 3.487013346616055776e-01 6.016592483781021405e-01 5.896920519351708245e-01 6.621202007308576443e-01 5.321657866279826399e-01 6.677208027926310185e-01 6.404947329656719424e-01
5.775000000000000000e+03 4.023565901934132993e-01 3.962761782999987270e-01 4.254905039413608425e-01 4.771507766044803533e-01 5.572546223973177115e-01 6.421434901311541266e-01 6.264205137921043942e-01 4.918937197516219384e-01 6.256700680934084158e-01 6.478701284109339431e-01
5.890000000000000000e+03 3.044500156579116878e-01 4.270389567307540934e-01 4.821132204972899959e-01 6.277999546002763775e-01 5.749082844559356698e-01 5.188321061138018164e-01 7.005564882317553144e-01 5.282463816399397549e-01 5.071745562760998638e-01 6.679873264634423879e-01
5.895000000000000000e+03 4.890928406831810960e-01 5.981824032968402483e-01 5.964020960013993733e-01 4.000734042220143727e-01 6.130735034167792419e-01 5.482550229915397200e-01 6.961068138452782827e-01 3.420595542864928174e-01 5.287711953220124439e-01 5.501601602336259056e-01
6.167000000000000000e+03 5.083237973160177336e-01 3.992866339538390652e-01 2.760609665350794439e-01 3.029877131064582230e-01 6.492543459045228005e-01 6.581826496124730808e-01 7.057302978769409707e-01 5.125794916450379102e-01 6.931617313062680141e-01 5.618988433014523443e-01
6.168000000000000000e+03 4.400140450692224259e-01 2.867816392243634493e-01 3.142821609272232752e-01 6.429159062870800634e-01 6.391591888022354340e-01 6.888771082771141252e-01 6.458437588362619941e-01 5.745206775673342703e-01 5.377665360407082318e-01 5.698539414006946746e-01
6.169000000000000000e+03 3.276358976738107387e-01 3.057362955819127870e-01 6.254429350380881214e-01 6.146370392742926958e-01 6.521735613709594981e-01 6.118122660364636589e-01 7.144063779908479406e-01 4.080508684002261965e-01 5.339240150403499197e-01 6.140542582266291793e-01
6.174000000000000000e+03 4.743608538220972504e-01 5.119777361755718514e-01 3.232495377821916760e-01 3.243283462067205747e-01 4.232083015697497563e-01 6.978227315585995294e-01 5.996438354936443060e-01 5.643803685904505985e-01 6.439900580789479356e-01 6.533868121323770373e-01
6.175000000000000000e+03 5.115673154121520572e-01 2.973488818315733195e-01 2.996404705555021364e-01 3.720731529499103352e-01 6.419831853540138855e-01 5.467760060893396279e-01 6.809744941622680736e-01 4.993488549592930981e-01 6.113031927327218229e-01 7.611680431326772744e-01
6.190000000000000000e+03 3.897924394571690709e-01 2.446213077026042071e-01 3.503506717281913430e-01 3.794553576815727913e-01 6.066573430172325088e-01 6.082395042991945999e-01 7.230421653868079890e-01 4.971315553532022480e-01 6.819548348226245338e-01 7.636652275798041511e-01
6.199000000000000000e+03 1.473271780425929878e-01 1.331495786703614237e-01 3.383079270922865756e-01 6.369291494179530888e-01 6.610327208496262763e-01 6.899571022627944972e-01 6.864664863341448653e-01 5.629616063823170702e-01 7.974626965158504444e-01 6.703133739752623610e-01
6.202000000000000000e+03 4.705182498619732701e-01 4.490892231465208329e-01 4.691607012794647424e-01 4.429442176304157486e-01 4.846235558557432377e-01 6.581600780543320761e-01 4.836681030072532139e-01 4.488300678535062649e-01 6.816556319273824327e-01 6.611824364424699896e-01
6.206000000000000000e+03 3.979375839794475067e-01 4.866573962727812619e-01 3.165173410760294126e-01 3.792462610871331075e-01 5.491073055574066109e-01 5.190865107788750210e-01 6.420249862919421568e-01 5.512121966495382441e-01 7.362063676139567470e-01 6.433140642121940589e-01
6.231000000000000000e+03 3.254986734973672746e-01 3.898610789997156711e-01 4.597552015917926727e-01 5.536028590406839589e-01 4.915642879162757106e-01 7.502217196202789484e-01 7.375489189351437380e-01 4.673601042691076790e-01 6.039874552533486263e-01 5.873864947506135525e-01
6.268000000000000000e+03 4.823280369985293303e-01 4.475852781396446600e-01 5.363732084677306222e-01 3.573016406330394856e-01 4.137020812975534811e-01 5.219728350331095390e-01 6.416980921412299699e-01 4.956625335498998086e-01 6.302143932231597523e-01 7.008727131848819791e-01
6.275000000000000000e+03 3.517884340130036369e-01 3.187663693113977348e-01 3.912363216279848288e-01 4.947034010736269805e-01 5.725275639601721256e-01 6.780640448601026327e-01 6.416130342764302386e-01 5.281346814113681010e-01 6.767517886201956934e-01 6.408896869288644993e-01
6.277000000000000000e+03 3.778653108843195163e-01 4.239596632824562672e-01 4.974316965271409208e-01 5.813577582359759077e-01 5.377929337845642754e-01 5.810159103553904636e-01 6.391040246716599427e-01 4.560055507066002600e-01 5.904506776337667961e-01 6.404127541164165160e-01
6.278000000000000000e+03 4.356581416809319762e-01 4.525057219519256768e-01 5.492477158152484495e-01 4.924908228532199339e-01 5.291904531423634594e-01 5.880482357994438747e-01 5.327538236118317672e-01 4.479374190637787079e-01 5.986574973561409330e-01 6.618890856227006569e-01
6.280000000000000000e+03 5.300528694519450745e-01 4.555364152182673210e-01 4.922892310943736138e-01 5.293924673271966919e-01 4.693253275399297264e-01 5.089860268790707964e-01 5.707921501487560612e-01 5.066797839927464908e-01 5.810378617034657189e-01 6.204673298426234274e-01
6.445000000000000000e+03 3.173155733616588869e-01 3.989171775529131159e-01 4.602189346608583920e-01 4.779296185408388742e-01 5.808205981796866757e-01 5.602278058297598395e-01 6.397028991462170300e-01 5.654340604728720354e-01 6.569827352001892384e-01 6.306458928409018894e-01
6.446000000000000000e+03 4.063265023072508697e-01 4.114520788573625132e-01 4.402161271516145113e-01 5.271161221806791586e-01 4.993107743294828982e-01 5.790227524476770915e-01 6.748214386506610207e-01 5.067320558466014147e-01 5.810002329546724020e-01 6.660555494882032246e-01
6.447000000000000000e+03 4.292012402680763783e-01 4.072927389698338674e-01 5.028967473297387691e-01 4.588411859548796046e-01 5.331395176098188138e-01 6.295559620138365675e-01 6.091534745197783041e-01 4.429139212923339231e-01 6.310470523216512584e-01 6.508957467953943032e-01
6.448000000000000000e+03 4.237105083371867087e-01 4.604318430626789804e-01 4.347422976735233480e-01 4.913426230429156494e-01 5.804770320414005536e-01 5.618932763375573680e-01 5.181836104780643826e-01 4.906649486338717225e-01 6.127289091417076339e-01 6.860872393658606905e-01
6.449000000000000000e+03 4.765883374252558036e-01 4.072514532495623563e-01 4.738615678726600944e-01 5.483669930113334035e-01 5.217461298951180382e-01 4.794055430887792513e-01 5.924301019544981894e-01 4.783002624697190730e-01 6.570028809956217630e-01 6.327064119159842015e-01
6.450000000000000000e+03 4.464939291343340000e-01 4.608332008892404019e-01 5.506177282738766721e-01 5.101294622937593282e-01 4.621394479477072270e-01 5.752892600459859063e-01 5.974261666467253207e-01 5.381479976012876199e-01 6.147700690710050653e-01 5.457236364249608007e-01
6.451000000000000000e+03 4.945293896645980292e-01 5.294356344692892069e-01 5.146071829688301236e-01 4.493609251483218769e-01 5.576226481343310448e-01 5.812089475151474005e-01 6.816293903025305578e-01 4.969687447498709609e-01 5.202094622970259152e-01 5.128841308078050387e-01
6.477000000000000000e+03 2.792545121060733826e-01 3.057716980008765573e-01 3.181245245339309746e-01 4.808484384992745553e-01 5.457754545017774461e-01 7.492575695509163802e-01 7.471503005120567753e-01 5.613272039118448742e-01 6.376146066361644271e-01 6.807037168318996745e-01
6.478000000000000000e+03 3.182977203832882407e-01 2.795350726194873459e-01 4.351083891040685714e-01 4.827251762717863492e-01 6.769706982103932402e-01 6.774854881681379171e-01 6.609466932427406904e-01 4.817497491706341228e-01 6.296868747105256459e-01 6.812182431017272943e-01
6.480000000000000000e+03 4.042740468014057731e-01 4.051459813354148509e-01 5.913634606914727199e-01 5.704856155245249250e-01 5.467711568157747060e-01 5.071190260892270985e-01 5.645117679670517141e-01 4.922566335497464141e-01 6.106040921974371649e-01 6.153072456954808978e-01
6.547000000000000000e+03 4.219905587314378703e-01 3.785144616666726303e-01 5.588761368589058032e-01 5.832619847800588619e-01 4.722901335047605120e-01 5.771777703786042935e-01 5.633160155103410505e-01 5.293863863350722898e-01 6.215880490495645505e-01 5.945720158250681342e-01
6.548000000000000000e+03 4.041550313272073702e-01 5.164022007858372065e-01 5.621917545506583958e-01 4.362360530851115414e-01 5.364905460192695985e-01 5.239730350468175812e-01 6.458855190850119055e-01 4.868449235707552059e-01 5.567626824149802811e-01 6.330171317668311648e-01
6.551000000000000000e+03 4.558423994583690186e-01 4.937863074040044209e-01 4.808109866287461620e-01 5.827195347295514027e-01 5.559755363444177645e-01 5.080767795818883492e-01 6.052824339447056001e-01 4.536411653395701626e-01 5.404457646065907728e-01 6.335719496849246957e-01
6.554000000000000000e+03 5.357569604371739125e-01 4.768015626190338363e-01 4.266721059476969447e-01 5.013787770420227163e-01 4.720838157631679910e-01 4.467071802934841074e-01 5.666296884664862032e-01 5.798249077057049394e-01 6.195417200997652696e-01 6.025155539676387839e-01
6.555000000000000000e+03 5.005736744018075557e-01 4.109006637390157368e-01 4.958085223059737756e-01 4.489882337026523396e-01 4.205467622989084719e-01 5.400286813090643401e-01 7.289112580990046997e-01 4.940787855866661249e-01 5.747441558742268919e-01 6.573473418024973203e-01
6.556000000000000000e+03 4.412198987711891118e-01 4.705272272102359321e-01 4.436857492339006948e-01 3.940613075165873558e-01 5.109388227846367592e-01 6.999340896884139740e-01 6.081348473238809005e-01 4.485673537050886006e-01 6.335714772964947672e-01 6.353737529542582418e-01
6.558000000000000000e+03 4.500903694220584339e-01 3.742036318596335120e-01 4.768488654087174039e-01 6.462754907594654430e-01 5.459711209937678777e-01 5.126695588884896404e-01 6.216590899998399866e-01 4.800148934805148482e-01 5.726774831318613979e-01 6.321079693195977844e-01
6.604000000000000000e+03 4.295600491190947334e-01 4.068728921785194075e-01 5.193948231717514519e-01 5.549206150764124379e-01 5.239418577487638951e-01 5.115563302577169624e-01 6.232345365713940488e-01 5.065546518746053550e-01 5.899338783017956667e-01 6.305825592913187894e-01
6.649000000000000000e+03 4.186375754278304218e-01 4.000896302464630461e-01 5.103595455149588789e-01 5.940368294429065887e-01 5.023481440152939292e-01 6.333736458769831934e-01 5.646654410059551710e-01 4.475801826309844800e-01 6.065450543975949849e-01 6.372355775671516565e-01
6.661000000000000000e+03 4.610536409156438253e-01 4.844382417214135317e-01 4.976002326468907944e-01 5.269952195952373186e-01 4.398089990969039631e-01 4.567518797354698235e-01 5.929982286315698126e-01 4.907144228723849255e-01 6.721477466326228889e-01 6.294637672885530222e-01
6.662000000000000000e+03 5.003073818131976713e-01 4.655546595713173086e-01 5.115295544067993694e-01 4.063500221260835654e-01 4.215172947676472659e-01 5.571283831867144265e-01 5.958595106805935071e-01 5.395214131601444585e-01 5.975557887293619919e-01 6.458916275086529213e-01
6.663000000000000000e+03 4.864727024175353187e-01 4.810315473058910385e-01 3.987559366666793004e-01 3.911531674088746802e-01 5.239694313972802497e-01 5.636550590483626610e-01 6.673671934350260404e-01 4.683586013942255821e-01 6.182060269656600715e-01 6.587485654636154875e-01
6.664000000000000000e+03 4.923073430596420219e-01 3.727942189058983113e-01 3.741559591135656948e-01 4.867190984408470422e-01 5.203443503779413559e-01 6.245223362739119599e-01 5.582653852790250282e-01 4.814151304134662301e-01 6.247926228498908996e-01 7.084970574534534826e-01
6.700000000000000000e+03 3.462738999071727775e-01 4.383365573449793384e-01 3.388437457287264420e-01 4.676669244283057636e-01 5.345854932639718671e-01 6.127924985655754941e-01 6.975269585738250733e-01 5.609381074872291650e-01 6.497947720775060221e-01 6.329096696313166737e-01
6.705000000000000000e+03 4.711531214309651605e-01 4.929986340043387427e-01 5.247035312352755776e-01 4.796928949472227255e-01 4.457827073669382578e-01 5.613103475662929442e-01 5.627835580192879217e-01 4.466392672860306501e-01 6.406349640135841073e-01 6.417429016423420451e-01
