4.203000000000000000e+03 4.328366604102495963e-01 2.215794036377906895e-01 3.799403312044594139e-01 2.174739528216443896e-01 9.994867005818926231e-02 1.829219394812534594e-01 4.848399670759432900e-01 8.456702558832313033e-01 9.425460106799007365e-01 6.926272659859861180e-01
4.204000000000000000e+03 1.948612403524316583e-01 1.817786167596794622e-01 2.406757630730917141e-01 6.848877160274495501e-02 2.405873480848005341e-01 5.989709118339694438e-01 8.674940110129416571e-01 9.576880400796868864e-01 1.000000000000000000e+00 5.096770726287935815e-01
4.205000000000000000e+03 1.419318185866956517e-01 0.000000000000000000e+00 1.022961663706848240e-01 1.878517717286637967e-01 5.714600201091326603e-01 9.704689551008963688e-01 1.000000000000000000e+00 1.000000000000000000e+00 6.618602702145579553e-01 4.625897857171539229e-01
4.339000000000000000e+03 8.464923273899397360e-01 8.040774029144334145e-01 2.714647710415877269e-01 2.446970802024427127e-01 0.000000000000000000e+00 0.000000000000000000e+00 5.819051344848165108e-01 4.870300878513544318e-01 8.449806090225574495e-01 5.766260829177475289e-01
4.340000000000000000e+03 7.605533064760031658e-01 8.249106370525609300e-02 2.876679934019206741e-01 0.000000000000000000e+00 1.167900712586544404e-01 7.354605653751765670e-01 4.084306506738002995e-01 8.849201415883868327e-01 8.210708839954149463e-01 5.984230612507165370e-01
4.341000000000000000e+03 0.000000000000000000e+00 9.863021706506397684e-04 0.000000000000000000e+00 1.240971153152132557e-02 6.278386349688171997e-01 4.298255077084103815e-01 8.316597877063482969e-01 7.694967832558381460e-01 7.695942304435743342e-01 1.000000000000000000e+00
5.246000000000000000e+03 1.732002277991772088e-01 2.519811472582310086e-01 4.425651088232549490e-01 3.417546221798277162e-01 3.950167917915770599e-01 6.743493809323506394e-01 6.933878898214852482e-01 7.654262062387648946e-01 7.191378070705830572e-01 4.757406760152741998e-01
5.247000000000000000e+03 2.224314535318359376e-01 2.551674815920051964e-01 3.434851188178901782e-01 3.554356163275638192e-01 6.526374958108024371e-01 8.129313768965557019e-01 7.562228336369403170e-01 7.307306965556399359e-01 6.169203389194838349e-01 3.761966192084617577e-01
6.051000000000000000e+03 3.816458224580670522e-01 3.222606481730193040e-01 2.908085686852938667e-01 2.358295844827121013e-01 6.570130613303878375e-01 5.954887438789876475e-01 6.723605929478856380e-01 6.609475836906901769e-01 5.330525838855926235e-01 5.508754517135999729e-01
6.056000000000000000e+03 5.948938891968107850e-02 2.305281268060027366e-01 3.802116884647916417e-01 2.499577487339900983e-01 5.443903861971922664e-01 6.562093311026186981e-01 5.821925391782334369e-01 8.897755884541636018e-01 7.771763546800968259e-01 5.056047751305114968e-01
6.057000000000000000e+03 1.792953035625327596e-01 1.563647603854767532e-01 2.460298585663849291e-01 4.751499390266205602e-01 6.107727025450621072e-01 6.667035084174011139e-01 8.962500028433780797e-01 7.669538643455302562e-01 6.474436024679083301e-01 4.282503410204587246e-01
