4.000000000000000000e+02 5.568919724764849200e-01 5.790403359192436428e-01 6.471063666593542818e-01 6.741471170816075720e-01 7.091131916794104484e-01 6.766389988947950629e-01 1.170834096271750890e-01 2.847506744278925916e-01 4.593897941569964893e-01 3.404777156671657257e-01
4.010000000000000000e+02 5.597209524274101566e-01 5.346241691948195873e-01 6.517845386847571643e-01 7.000761921764461215e-01 6.940688154243411789e-01 2.658926931575951724e-01 1.385519305162547787e-01 5.002928622523723501e-01 4.105682227185667443e-01 4.122017432349839861e-01
1.413000000000000000e+03 6.399461447812464510e-01 6.046881919298906505e-01 6.887888758646130150e-01 6.682358618418687835e-01 6.188791787081143747e-01 5.543779032566625853e-01 2.956970483277668871e-01 3.578444002563357373e-01 3.135884924109527128e-01 3.229773806960300475e-01
1.498000000000000000e+03 4.772788666510324740e-01 5.419135360112092847e-01 6.388291184892569419e-01 5.838273674936920177e-01 6.702499683131862840e-01 5.339149003643559599e-01 3.676914166536109363e-01 4.330386687499653831e-01 4.752990203643984168e-01 3.292202520930802012e-01
1.502000000000000000e+03 6.441829858419371169e-01 5.770332116787743049e-01 6.763668249454657388e-01 6.828759295034785293e-01 7.921983858825947244e-01 6.699291757323853069e-01 2.293680200393934665e-01 2.471707521129994922e-01 2.494932477697638651e-01 3.330610570062094711e-01
1.503000000000000000e+03 5.545470659062798902e-01 5.656587334016001112e-01 6.560279477202245468e-01 7.775421801411991352e-01 6.847036784954674271e-01 3.773300576289289610e-01 8.244947552689398107e-02 2.840465846793999716e-01 3.944239464696148167e-01 4.735046528457722559e-01
1.518000000000000000e+03 4.802527637591014753e-01 6.002361690981298237e-01 6.310270569338546354e-01 6.541185456505403950e-01 7.236131341053899657e-01 6.584186791394669447e-01 3.077830203392272201e-01 3.697366784414118923e-01 3.595467255144060292e-01 3.216598990023751270e-01
1.519000000000000000e+03 5.453939029927686866e-01 4.790891434870152010e-01 6.042372386893832825e-01 6.770394573348672562e-01 6.407309496451543129e-01 4.177731047859198354e-01 2.125775956942452805e-01 3.674449981033927615e-01 3.463211209126433876e-01 5.307895287899088155e-01
1.520000000000000000e+03 4.385460447219307611e-01 4.529178969472212324e-01 6.279152551118586389e-01 6.018261735210637120e-01 4.442965936680816075e-01 3.264566417432971934e-01 2.159102974567244371e-01 3.587436303143443639e-01 7.200012336276948588e-01 5.411126504686829541e-01
1.682000000000000000e+03 4.689189814448940785e-01 4.600480331897761066e-01 6.532644983908371117e-01 6.449466061642343817e-01 7.010936596038608304e-01 6.075032888675724330e-01 2.805970998581716058e-01 3.330793771650950585e-01 3.895580781542941629e-01 4.320863800165454238e-01
1.683000000000000000e+03 4.415999859340740685e-01 5.332307042858415169e-01 6.201472775837477691e-01 6.834284575431696096e-01 6.269006981742046847e-01 4.239115447001352566e-01 1.950280522590081000e-01 4.218886357879364501e-01 5.650467014043317748e-01 4.037507289740629446e-01
2.039000000000000000e+03 4.369876114530564237e-01 6.269431423599408637e-01 6.080949905178327786e-01 7.290341296241503732e-01 6.454806410644049475e-01 6.288010990229131458e-01 2.831193709892401711e-01 2.830637863947215171e-01 3.359569092578623684e-01 4.284142870658968483e-01
2.040000000000000000e+03 6.002346225613218733e-01 4.843755409572825799e-01 6.940029697201911540e-01 6.337888913769108568e-01 6.495564127489433792e-01 4.321056048891039336e-01 1.313798269173387934e-01 3.713951161507547116e-01 5.624783962038583107e-01 3.671540049461144428e-01
2.111000000000000000e+03 5.734850726982895219e-01 4.057391282907629182e-01 5.421419630471201456e-01 5.439207268655243954e-01 5.200119507467410029e-01 2.852516917308130506e-01 2.120987942837439522e-01 4.558652106732643539e-01 8.008314079314814427e-01 4.526006833954950848e-01
2.118000000000000000e+03 3.780251869587096247e-01 8.323141235777686830e-01 7.092222101194676220e-01 8.078245875859484393e-01 6.848398253730688667e-01 5.824520911841797322e-01 2.293304458371495103e-01 3.203778285854985142e-01 2.918298856681085240e-01 2.898271359255057411e-01
2.123000000000000000e+03 6.564158747490659307e-01 5.192535385125779390e-01 6.044596839367136765e-01 6.288113928931421404e-01 6.720651318516095429e-01 5.414037894371300785e-01 2.465143745871137548e-01 3.467554384731399431e-01 3.718173428584829465e-01 3.963607549857739998e-01
2.124000000000000000e+03 5.222463261241213628e-01 5.034294416416909002e-01 6.303251551948724218e-01 6.835043453185623008e-01 6.002712906433911311e-01 4.229832153885715873e-01 2.470388412876920181e-01 4.279672829856583927e-01 5.258504001378231374e-01 3.806075843840385220e-01
2.128000000000000000e+03 5.206320138599545011e-01 4.213086062606609672e-01 5.354875386346951149e-01 6.104163854973232439e-01 7.855044014931394925e-01 7.209028939032334771e-01 2.872582465233599613e-01 4.632460654672906353e-01 4.354682109155211811e-01 3.228077896055082663e-01
2.712000000000000000e+03 7.164807201816174587e-01 5.658465877697397284e-01 6.752606293629472844e-01 7.831746508316916877e-01 5.265223713964969354e-01 5.648170510187936477e-01 1.946508542580651646e-01 4.048408493355297177e-01 2.802963253208461958e-01 3.269695561465382205e-01
2.713000000000000000e+03 5.856858617304491199e-01 6.091862057646938444e-01 7.775821429862124212e-01 5.632967732208054024e-01 6.426428904506357176e-01 3.961103192185919664e-01 3.533212312231311381e-01 3.536326585852741511e-01 4.216248742694191920e-01 3.172701744755969666e-01
2.714000000000000000e+03 6.092027182512703698e-01 7.124023351043039520e-01 5.790141516516733589e-01 6.587209515136668303e-01 4.819353648832643278e-01 5.380636326753014398e-01 2.611871937663772236e-01 4.819924669663506189e-01 3.892308554557401545e-01 3.264566848579441571e-01
2.892000000000000000e+03 1.000000000000000000e+00 8.087592327910766432e-01 6.684305337002390823e-01 4.194756103693997873e-01 4.383097243948108068e-01 1.670662001593975765e-01 9.497242913046692603e-02 3.182567736132884684e-01 4.864818030383230019e-01 4.067784678120128783e-01
3.360000000000000000e+03 4.036975706147357124e-01 3.855060138668238157e-01 4.943844640295670390e-01 6.270086020736558297e-01 6.540360862693965771e-01 6.797394579839994844e-01 2.590975756641277217e-01 4.152286821543478834e-01 4.727432196845539614e-01 5.115510250649369928e-01
3.361000000000000000e+03 3.409078254933125551e-01 3.111192167164811284e-01 5.760633006806040735e-01 6.024554697816848492e-01 6.516672527028233297e-01 3.594734558495774612e-01 2.673192338981634775e-01 4.763979413119544537e-01 6.755190526107325288e-01 5.198046949923398330e-01
3.420000000000000000e+03 8.272525463172658577e-01 7.841537987042116464e-01 5.792158894154952886e-01 5.951122712585020791e-01 4.363352156384399660e-01 3.665263856972140744e-01 2.768578940530642685e-01 3.326414971559502609e-01 4.063814097194236030e-01 3.632499574390888331e-01
3.969000000000000000e+03 3.969422222464950578e-01 7.281076309234014721e-01 7.361424776950139526e-01 7.779130202130041249e-01 7.500945146908303274e-01 2.346318782072854825e-01 2.491712800288556628e-01 3.939115364017153342e-01 3.444777696204557871e-01 3.563484619633354722e-01
4.201000000000000000e+03 2.157329228294017909e-01 5.108046623628421656e-01 7.269511390379443938e-01 5.384843297896098058e-01 5.404234425424824240e-01 3.339451748501034434e-01 4.938162396724171677e-02 3.708368429861481075e-01 6.546747609216023722e-01 6.530663093288164855e-01
4.449000000000000000e+03 8.058721853620134379e-01 5.299152102379609541e-01 4.792744880753163628e-01 6.025359482571205350e-01 7.074225821941655390e-01 5.520652999161345109e-01 4.270504492746308167e-01 3.014741037229543563e-01 3.263264434081999399e-01 3.546026596141310661e-01
4.450000000000000000e+03 5.353294020152049582e-01 3.586060180029111977e-01 6.113437888830212108e-01 7.215826994838880903e-01 6.128371605431608415e-01 6.136384880679494058e-01 1.885349723091195862e-01 3.846888312923789077e-01 4.549132652273545352e-01 4.440594643674833364e-01
4.451000000000000000e+03 3.471490714329581451e-01 4.829927227121834088e-01 6.833608798626030767e-01 5.966262100774645250e-01 6.313665771603177435e-01 3.281929232276320496e-01 2.654716614633815253e-01 4.876612972002654089e-01 5.856259169495263706e-01 4.414701889175318139e-01
5.152000000000000000e+03 3.814286767898790731e-01 5.445816928340000418e-01 8.063758008582264658e-01 1.000000000000000000e+00 8.880914301969214941e-01 5.186058209527911744e-01 0.000000000000000000e+00 3.135625975192001813e-01 2.789590299699457598e-01 3.141724554335107999e-01
5.153000000000000000e+03 5.428628437117873906e-01 7.394441922983868709e-01 9.370589538830016441e-01 8.914734808702597935e-01 5.778917065581080648e-01 1.647633336041319785e-01 1.975206533676210907e-01 3.309221495527545631e-01 3.778239218568053004e-01 2.495931222696151364e-01
5.154000000000000000e+03 7.371039768914653401e-01 9.091428313060567756e-01 8.591837146574649031e-01 6.032021294962529590e-01 2.948925714698037437e-01 3.865711375420138873e-01 2.388931428132911594e-01 4.440786335484713798e-01 2.759354822895622728e-01 2.705327726074707173e-01
5.251000000000000000e+03 3.673852688551006995e-01 5.202174486017047128e-01 7.110485330326287157e-01 7.438097338958196136e-01 6.701399103994578610e-01 4.425654765489676068e-01 1.517688753833267845e-01 4.414209829251372064e-01 4.846969670852344647e-01 3.926221808867352281e-01
5.532000000000000000e+03 6.507755239589354535e-01 7.103362479360518789e-01 6.964353311504279942e-01 5.420271434860157722e-01 5.319278170673228390e-01 8.353490700848265060e-01 3.516278136791213260e-01 1.505109080102651209e-01 3.861856567298230236e-01 3.042568762916060265e-01
5.533000000000000000e+03 7.400086531706943083e-01 6.561012778371473342e-01 5.946137393042958408e-01 5.904949737507420027e-01 8.935295999468149120e-01 5.850622442453325966e-01 2.676924314851057349e-02 4.801521018742061497e-01 3.997882597993029363e-01 1.883759272840179744e-01
5.539000000000000000e+03 6.461390180356839652e-01 1.000000000000000000e+00 1.000000000000000000e+00 7.769242988088567170e-01 8.234048824392622423e-01 8.212622625650113639e-02 1.632447044523978319e-02 0.000000000000000000e+00 0.000000000000000000e+00 4.771644565451743092e-01
5.752000000000000000e+03 4.571601980029905699e-01 4.730949583232159084e-01 7.136715416795718081e-01 8.603460841968326722e-01 9.134192212432301616e-01 4.041938911223024733e-01 4.979692414293056951e-02 2.762220520731858420e-01 5.026213471898659524e-01 3.361108432118741773e-01
5.753000000000000000e+03 4.645287538285371998e-01 6.164841984110733808e-01 8.094632703613657831e-01 9.027249353107800189e-01 4.680381118731454793e-01 2.002495975475575563e-01 1.304255434517709866e-01 5.468912024962718776e-01 4.054795746918995469e-01 3.464319069006095986e-01
5.907000000000000000e+03 6.802839755438682134e-01 7.375345007062920066e-01 5.465443015400678339e-01 6.023883846370379214e-01 5.247561276152055143e-01 3.854517258654448497e-01 2.300756870281032151e-01 4.013953193065008529e-01 4.438674918516153922e-01 3.889254925567440790e-01
6.062000000000000000e+03 3.638939633628787695e-01 6.902966548102857924e-01 7.145398147258114063e-01 6.618377443660158344e-01 5.714015894666650830e-01 6.658443782957560453e-01 3.353231526970124610e-01 4.152418421963783302e-01 3.680743696407682841e-01 3.140825586947777470e-01
6.063000000000000000e+03 6.574104442868046183e-01 6.087241651248650465e-01 6.367587289425921115e-01 5.599187211416851717e-01 6.791063747249722615e-01 4.840360021199132667e-01 3.120305119453470888e-01 4.026787327119086823e-01 3.591248993555420377e-01 3.355473416825476285e-01
6.417000000000000000e+03 7.150660937726016630e-01 7.520890640197758215e-01 7.219444090359258270e-01 6.051500572392995991e-01 5.119496753029946223e-01 3.389949087438888231e-01 2.343296148890929853e-01 3.603279123706652487e-01 2.567219367724399848e-01 4.129760908549175435e-01
6.418000000000000000e+03 7.251729783619633718e-01 6.288497636443077798e-01 5.991057995521361645e-01 5.132827835775638503e-01 4.158056762464999445e-01 3.937308664118464030e-01 2.496284944226324909e-01 2.992815142490834468e-01 5.435616232505597889e-01 4.706064055114434486e-01
6.845000000000000000e+03 6.191754658310040238e-01 6.467517740301313989e-01 7.275284462146895947e-01 7.084978124998233540e-01 7.089861634146525926e-01 6.557875701968524096e-01 2.448386074158037662e-01 2.479834886186816634e-01 2.440656792351562354e-01 3.114582386793725011e-01
6.846000000000000000e+03 6.437046131957371298e-01 6.527822049686453632e-01 6.997824789385337363e-01 7.232374438890022406e-01 7.003366408299771528e-01 4.256398806789715716e-01 1.147247771541350242e-01 3.011415421429508021e-01 3.786662133849608702e-01 3.454748611542430847e-01
6.847000000000000000e+03 6.370806527453256596e-01 6.067612190910344205e-01 7.009543034612765178e-01 7.014544669135132082e-01 4.929707721532672338e-01 2.753512955561779330e-01 1.727405710287537588e-01 4.267293994894667541e-01 4.277194201258050499e-01 4.152653059870775598e-01
