1.180000000000000000e+02 2.268926299539531788e-01 2.689676102324106699e-01 2.176817693799253939e-01 2.868230258196963200e-01 3.354085561714104102e-01 3.448596322964174732e-01 5.461831483880071891e-01 6.969149026244867429e-01 7.808415173991285485e-01 7.868611514563993437e-01
3.910000000000000000e+02 1.577039921302131609e-01 2.169462649686112188e-01 2.014806734180358549e-01 2.209238998820301780e-01 2.386142961163141007e-01 5.007556690505380326e-01 5.591394364676099960e-01 7.634466750065738161e-01 8.294246111430423340e-01 8.619545374829880036e-01
3.920000000000000000e+02 1.779730958118421191e-01 2.188518842296624245e-01 1.745274176872867733e-01 1.226781538126646837e-01 3.112491419911306290e-01 4.288338434542146027e-01 6.403012662985655412e-01 7.436419064406981638e-01 8.876183769898200460e-01 8.535754074620494070e-01
3.930000000000000000e+02 1.841320659942490001e-01 2.025984502333032233e-01 8.887656286790041049e-02 1.798757818025395472e-01 2.565902837538673875e-01 5.347300970919597329e-01 6.251851403284500730e-01 8.153880393598578191e-01 8.826227657748942912e-01 8.310737964658815313e-01
3.940000000000000000e+02 1.715314267709679985e-01 1.343296774595365006e-01 1.439790385264289874e-01 1.435859044676355278e-01 3.545149120789644059e-01 5.192999750451045005e-01 7.181123298863458793e-01 8.113620650522798128e-01 8.511079360648311498e-01 8.295662769813669790e-01
5.590000000000000000e+02 1.749765360966920869e-01 2.326267748372783384e-01 2.096927819295926199e-01 2.229037334852280450e-01 2.825527395104390216e-01 4.865960231465659702e-01 5.900476953066012831e-01 8.000481045972309690e-01 8.243805413708016339e-01 7.730651318472944178e-01
9.030000000000000000e+02 1.713367608820665078e-01 1.984716289162668790e-01 1.578759265527101829e-01 1.924391146689072296e-01 3.434164910913952151e-01 5.096353829807790392e-01 6.339150777208700793e-01 7.324563065206296519e-01 8.157530537697366135e-01 8.537192392505674743e-01
9.040000000000000000e+02 1.642775305545198516e-01 1.855053348229504795e-01 1.500743593949448451e-01 1.972499941981465665e-01 3.229153891599366166e-01 5.196722049247056718e-01 6.044237002118256763e-01 7.313585671918551023e-01 8.780917419934718415e-01 8.530024802676814399e-01
1.107000000000000000e+03 1.834746002159385325e-01 2.252390478929204021e-01 1.761819066308936421e-01 2.133353324258322192e-01 3.652120769510201481e-01 4.900249110818051812e-01 6.009598713389460167e-01 7.145012948204140235e-01 8.149775567773169804e-01 8.155666818769876647e-01
1.684000000000000000e+03 2.038010711758093396e-01 2.236163739895299374e-01 2.201039893950224591e-01 2.180240379307368526e-01 2.362181362507337623e-01 3.358241792528974257e-01 5.504457654366047281e-01 8.150613851007558752e-01 8.512929765823098460e-01 8.229408727850767713e-01
1.685000000000000000e+03 1.903461753494700426e-01 2.422169811284058116e-01 1.820351676292215615e-01 1.318150901367970140e-01 1.774580295556615339e-01 4.360504387144164551e-01 7.208404259803132819e-01 7.794470716520550679e-01 8.414839086841799931e-01 8.369057747133425984e-01
1.686000000000000000e+03 2.050084828904856493e-01 2.105433602656286429e-01 9.977514908894336010e-02 9.023173400963838131e-02 2.666806565823019448e-01 6.322799052479581849e-01 6.740329346747588879e-01 7.674351364395542996e-01 8.607338993261598459e-01 8.294076367719918075e-01
2.030000000000000000e+03 3.481624775882575240e-01 2.404941795254673109e-01 2.067924127723594629e-01 2.458426446426668355e-01 3.484260889232108083e-01 3.395894524786282620e-01 5.012365313527795685e-01 6.063299329477774835e-01 8.542631093032778677e-01 7.418451600136091173e-01
2.031000000000000000e+03 2.212097632782010492e-01 2.518572281351331155e-01 2.334641621814766699e-01 2.357618423176106037e-01 2.192577127462538578e-01 4.212764446222266312e-01 4.921708997028028110e-01 8.117873562327875270e-01 7.492774149688343766e-01 8.297937969336887098e-01
2.035000000000000000e+03 1.408814633985876474e-01 1.825969201564644762e-01 1.151791486587483843e-01 3.104604192924444450e-01 3.019397764556698838e-01 6.392567222379740288e-01 6.077836508140990190e-01 7.904763862525505669e-01 8.056436589819748750e-01 7.994222557241087435e-01
2.248000000000000000e+03 2.750333031493190084e-01 3.617147646106778081e-01 2.528069754082808984e-01 2.885249446755955849e-01 2.534776854354282571e-01 4.088829802269990377e-01 4.666426584468689187e-01 6.411439058595124196e-01 7.410676967421756522e-01 7.384139740685945474e-01
2.254000000000000000e+03 2.223177760598161190e-01 2.810229486083965500e-01 2.833508906669613414e-01 3.019600752280267586e-01 2.996136452525651195e-01 4.292622720059798835e-01 5.524854977362935182e-01 6.567838844447455582e-01 7.368892449843754688e-01 7.565857607445590771e-01
2.522000000000000000e+03 3.134388877494565517e-01 2.801926187341985397e-01 2.349669638374562441e-01 2.362066169774492408e-01 3.469803120522318984e-01 3.635885371612789796e-01 4.656516594162471989e-01 6.436629211320368249e-01 7.134320615169368329e-01 8.113256256372723962e-01
2.523000000000000000e+03 2.500393158041809838e-01 2.697799519399408097e-01 2.182978026719997189e-01 2.283355852145846632e-01 2.318152308663034844e-01 3.696198224576010549e-01 5.309028391382974998e-01 6.499186175939816179e-01 8.445874609858490256e-01 8.314763905737815319e-01
3.165000000000000000e+03 1.177833422062449509e-01 2.492843222508994150e-01 2.419530259824523855e-01 2.749204056106719918e-01 2.502827884008929082e-01 5.399314585238835784e-01 6.115398007376553480e-01 7.979279651275046348e-01 8.560218516988923332e-01 7.228657080974498772e-01
3.174000000000000000e+03 3.103547704187238354e-01 3.265815823082187652e-01 2.442189831051605753e-01 1.435037068765461776e-01 2.781075428714140374e-01 3.354169490208805948e-01 5.110130559269877581e-01 6.236967227140038927e-01 7.952436718207904764e-01 8.077073073091756150e-01
3.346000000000000000e+03 3.235207483882684421e-01 4.045953969597392841e-01 2.290021508301562647e-01 1.603123681245119669e-01 1.892344767594877630e-01 3.595596124265307281e-01 5.153838884259411834e-01 6.549113726810393832e-01 7.521887631085256709e-01 7.627996495482066708e-01
3.357000000000000000e+03 1.685714360665666323e-01 1.616029411963010309e-01 1.403660025891124430e-01 2.197549497730180990e-01 3.376869321935337953e-01 4.772659570690505615e-01 6.961626088843788640e-01 8.043907374691466883e-01 8.949389294252469984e-01 7.701967005562745383e-01
3.419000000000000000e+03 2.952007580058013114e-01 3.783069183477452135e-01 3.383308319302532063e-01 1.852238352596337900e-01 3.160127974680317919e-01 3.326603072073455181e-01 4.546174535852205434e-01 6.353007721577748068e-01 6.815729799200265226e-01 7.637949194313617962e-01
3.430000000000000000e+03 1.954544633715739888e-01 1.426201465777482968e-01 1.356589822881822116e-01 1.544881548764721613e-01 2.292408372561408336e-01 5.262887793648196588e-01 7.319227972432494900e-01 7.996987893340266051e-01 8.999430691268794913e-01 8.175781630769866082e-01
3.710000000000000000e+03 2.811465413190373241e-01 2.992642571691392916e-01 2.350068953091646873e-01 2.009536767109863786e-01 4.372548126090705645e-01 2.164043388467702667e-01 3.758464898441639668e-01 7.927281776277237402e-01 7.926113701962365088e-01 7.699563843848106215e-01
3.711000000000000000e+03 2.675468190908785182e-01 2.718594144080677677e-01 1.875504875341228450e-01 2.932802004037353694e-01 1.019310300064405761e-01 2.692456004488455457e-01 7.242366539731078801e-01 7.398818896194684358e-01 7.867145325764598462e-01 7.804000290970355413e-01
3.712000000000000000e+03 2.403084854406417059e-01 2.279535772859287435e-01 2.679271523056693249e-01 5.495536025209587366e-02 1.397507851642085241e-01 6.635883724817029927e-01 6.471825775785428059e-01 7.256918944128301074e-01 7.949779712575013590e-01 8.090916869358639740e-01
3.717000000000000000e+03 2.413777546149150910e-01 2.304759557951491233e-01 1.783293282598026330e-01 2.066500938130330367e-01 3.836129367583820948e-01 3.012740241389796347e-01 4.044401666660722983e-01 7.038353404689634552e-01 9.152017156081443394e-01 8.574647527633346700e-01
3.718000000000000000e+03 1.966434000931112647e-01 2.091686629136146891e-01 1.722509783040986620e-01 2.342705158647370722e-01 1.475439614371290842e-01 2.678826463222683252e-01 5.809521001184893008e-01 8.506763461369158952e-01 8.928630990078842977e-01 8.713351592303110182e-01
3.719000000000000000e+03 1.607317756532288533e-01 1.821619037640357930e-01 1.708998616770390777e-01 4.311171812044272550e-02 7.575585539404337820e-02 4.267764226560186724e-01 7.271167691497123498e-01 7.944691512235355635e-01 8.841974988647609557e-01 1.000000000000000000e+00
3.774000000000000000e+03 8.159670388210667202e-02 3.355958214860428335e-01 2.528442787690208249e-01 2.482886775585242123e-01 2.726401511694410695e-01 4.919120999036500352e-01 5.045159376673241658e-01 7.103850858533420354e-01 8.022569153154918142e-01 8.491867274346178718e-01
3.776000000000000000e+03 2.122876513390928588e-01 2.159853886889226415e-01 1.017907351461545401e-01 1.646541582793750735e-01 1.850749919453610615e-01 4.409619751090874118e-01 5.739775044145924987e-01 7.843383185153637305e-01 9.137317329189272863e-01 8.861689653388381549e-01
3.777000000000000000e+03 1.723928407811066155e-01 1.325342627640736515e-01 1.144724025739608103e-01 7.835061353165242992e-02 2.461224110406211030e-01 4.339584791008671005e-01 6.563164171918166589e-01 8.277899328125668532e-01 9.153547196931411944e-01 9.584828206472010281e-01
3.799000000000000000e+03 2.565640035257975016e-01 2.624730885627605259e-01 6.412726193610937542e-02 1.068960184119523843e-01 3.794615842760281632e-01 5.006825196717062942e-01 5.611466670095458520e-01 7.396600442463416858e-01 8.076790795596633377e-01 8.543282705905499430e-01
3.800000000000000000e+03 2.233431531426037786e-01 1.170329426775414405e-01 7.863266537310625859e-02 2.317734864900038716e-01 3.288895213979225463e-01 4.506360016974846339e-01 6.269452050233178531e-01 7.330326909318657380e-01 8.886426282254474840e-01 8.854814976652043423e-01
3.955000000000000000e+03 3.074118920281183609e-01 3.372021994267336842e-01 3.514804007006363529e-01 2.848329565924115347e-01 1.323849538675345716e-01 2.805369869171782660e-01 5.058043607970504896e-01 6.148848844929565294e-01 7.669900362117936243e-01 7.470315285408635209e-01
3.956000000000000000e+03 2.944108882444018138e-01 3.607422884553191378e-01 2.599199175469683598e-01 7.590781650866471053e-02 1.499422127551423845e-01 4.092446702099530320e-01 4.881697393320303391e-01 7.039640623443114142e-01 7.461550372630184613e-01 8.523076189140134096e-01
3.957000000000000000e+03 3.129642326857655643e-01 2.854235345471277663e-01 6.150693253309658104e-02 8.655421551418125692e-02 2.646794080250032821e-01 3.863739295738211066e-01 5.994211272877484342e-01 6.794706312028876427e-01 8.985884998355194719e-01 8.472824608867073337e-01
3.958000000000000000e+03 2.509123568595603149e-01 1.250792144653916083e-01 7.203442992583089510e-02 1.661632840974290870e-01 2.446708042444540876e-01 5.167014341591367188e-01 5.689963884627831092e-01 8.475796640148400840e-01 8.917642483136630771e-01 8.640819148449505605e-01
3.972000000000000000e+03 2.476805732246052660e-01 2.735800934775398652e-01 2.567710596961503278e-02 1.292682637523573652e-01 2.567336855517167171e-01 4.068004520636457344e-01 6.109406132664715328e-01 7.082320661312518917e-01 9.295143575106434852e-01 8.751573770893049664e-01
4.337000000000000000e+03 4.010020790322970097e-01 2.540876407719545593e-01 4.326246429730645771e-01 4.303600804761941179e-01 4.868549064477160904e-02 2.143564885480302440e-01 1.642646222098468889e-01 4.507330375438494130e-01 9.027379388026729456e-01 8.076725730490272870e-01
4.338000000000000000e+03 2.208010987625186050e-01 4.206280563483271728e-01 3.899599419233932829e-01 1.084050906699274459e-02 7.913766792323022325e-02 0.000000000000000000e+00 2.693286911584855114e-01 8.449717095482178753e-01 8.273824420385570422e-01 9.987743288268972064e-01
4.446000000000000000e+03 2.343459911891284664e-01 3.113222789585918804e-01 3.058568531102430765e-01 3.551861761751575752e-01 2.862304477310217421e-01 2.676990904228467305e-01 5.096346051400152399e-01 7.056217369510697779e-01 7.147271160598077655e-01 7.447523288118773621e-01
4.463000000000000000e+03 3.048638419459565596e-01 2.565600794295656573e-01 2.716758933577967383e-01 2.242046343418521714e-01 3.603676918703953014e-01 2.652865143815671956e-01 4.730286981980512673e-01 6.077878926727845466e-01 7.907614299538089364e-01 8.244146047394558252e-01
4.464000000000000000e+03 2.177788370088814540e-01 2.841624921732051612e-01 1.881249619269143580e-01 2.175664837825370956e-01 1.139088230262139539e-01 3.465099916819737169e-01 4.580203216755976969e-01 7.133125104613068368e-01 8.439180629888247687e-01 9.439129608924710091e-01
4.647000000000000000e+03 3.092134123622689579e-01 2.160302309343709593e-01 1.398301798083832481e-01 2.040576369596643624e-01 7.163186953697765758e-02 2.985482859559418500e-01 6.564152067595635520e-01 7.958628092514964392e-01 8.065405372662746153e-01 8.666429162033099098e-01
5.147000000000000000e+03 4.848116911876387269e-01 1.244750110426057488e-01 2.561100620604194744e-01 2.227914040439895882e-01 3.254153172375428560e-01 1.393602102967869960e-01 4.179842378119540403e-01 6.860131566555136562e-01 8.425592453521354441e-01 7.728346695282974910e-01
5.148000000000000000e+03 1.540157600342612898e-01 3.275363812371743788e-01 2.555134783522255981e-01 2.662785749162314142e-01 1.033066522397262793e-01 3.976925452968261832e-01 6.573435292462942448e-01 8.494563197090646556e-01 8.403644482711747354e-01 6.951341383451328237e-01
5.237000000000000000e+03 2.664763571541394760e-01 2.023971346623537060e-01 2.065271676275245993e-01 1.010489286466769998e-01 2.839195106173996175e-01 4.076201733880814304e-01 6.906394107756524958e-01 8.010439925522255811e-01 8.192056461708552284e-01 7.726410765326784391e-01
5.252000000000000000e+03 1.958660687198560124e-01 2.685477922894634606e-01 2.487553094383298802e-01 2.378404169123672363e-01 2.422312269585755184e-01 2.938649807956166260e-01 5.621863933760078424e-01 7.493042640506211161e-01 8.330065985501806658e-01 8.201849678469552707e-01
5.540000000000000000e+03 3.802443366566482519e-01 4.289805693093294292e-01 2.740922327180934093e-01 3.328253774320049097e-01 1.669805756677338526e-03 1.982925203079661802e-01 1.567355843962559003e-01 3.924232549782588619e-01 9.429084202053455988e-01 8.959250861508044617e-01
5.541000000000000000e+03 3.938337369105456287e-01 3.258559750911936836e-01 3.396139679838976466e-01 2.117836699714074206e-02 1.268292472781692437e-01 5.905352935631795475e-02 2.536715328697285443e-01 9.370327768471115037e-01 1.000000000000000000e+00 7.109191413679121219e-01
5.542000000000000000e+03 3.081334292658974849e-01 3.791211215324487016e-01 4.474913450811043858e-02 1.077479237006488816e-01 0.000000000000000000e+00 1.722720558799082924e-01 9.484852585671114111e-01 1.000000000000000000e+00 7.286729193533101334e-01 7.255683499424944172e-01
5.546000000000000000e+03 4.926733097056650024e-02 6.842598243273249892e-02 4.339722739608384838e-01 4.907812663112036677e-01 2.805248866467727198e-01 4.017842049187952957e-01 5.431288448306805794e-01 7.627116259388575514e-01 7.585841412026729236e-01 8.396629455014303911e-01
5.748000000000000000e+03 1.812100455255427900e-01 2.155305060137200635e-01 1.376958718619614441e-01 1.695197089163159310e-01 2.947865823249452011e-01 4.646941545780216010e-01 6.849501392243259046e-01 8.539685856960416155e-01 9.385214067338446542e-01 7.146263862049886395e-01
5.765000000000000000e+03 1.537073250608806119e-01 2.753479175717262750e-01 2.447786232613824442e-01 2.397738632086540700e-01 3.525624967852458713e-01 3.508339820594501557e-01 6.017428112524028094e-01 6.715984701215830244e-01 7.507991715696821222e-01 8.708465157981598592e-01
5.767000000000000000e+03 2.083672640161975953e-01 2.112766816593519559e-01 1.556707991374862987e-01 7.907330107525709084e-02 2.906808739523019658e-01 3.875119071170067819e-01 5.055722639241221339e-01 8.214996104363504470e-01 9.326335175694795421e-01 8.846216530270053502e-01
5.900000000000000000e+03 3.180327653022158585e-01 4.385554782228614501e-01 1.649513217633330475e-01 2.466215529954369212e-01 3.315289983962405596e-01 2.896703070924423473e-01 4.727587192473718947e-01 6.973858342684071676e-01 7.896444123431860529e-01 6.580388002700541250e-01
5.967000000000000000e+03 2.503145871532473365e-01 2.741669591174780152e-01 2.493829886519444150e-01 3.044778120763345086e-01 2.263457218564504103e-01 3.926154287829858869e-01 5.255647154321474446e-01 6.818335954834351398e-01 7.561292487575113075e-01 7.894158906371441242e-01
6.406000000000000000e+03 1.134810960279677566e-01 1.758142987460538098e-01 1.140640481986656130e-01 1.611694531597340219e-01 2.612759011497921557e-01 4.706215639428880104e-01 7.031257754760869005e-01 8.796557143875216589e-01 8.983580653580716113e-01 8.611803252592221680e-01
6.840000000000000000e+03 1.927177633983478133e-01 2.375284723414709809e-01 1.781759393715758866e-01 1.608564304081806784e-01 1.700655992638696046e-01 5.976497353750070962e-01 6.878232675188589162e-01 7.746710108763971148e-01 8.112161336269266831e-01 7.966620335682111920e-01
