4.770000000000000000e+02 5.423944927105166514e-01 5.805281771091804766e-01 7.596299723994306419e-01 6.606444544857988932e-01 7.044226719036916773e-01 6.322753547538076946e-01 4.623297104749571895e-01 3.711689886973465469e-01 4.814137870893420712e-01 4.394140403062611888e-01
5.270000000000000000e+02 6.711591243000540885e-01 6.578519886065896660e-01 4.400983187897266613e-01 6.652084952990804378e-01 8.023468645502167540e-01 6.198879523631537491e-01 5.335219910630288886e-01 4.286944809472795770e-01 3.750230607875246203e-01 3.696456021815621162e-01
5.280000000000000000e+02 6.693986186304110575e-01 6.264919138521506392e-01 6.486385766667535080e-01 7.937193090612979507e-01 6.791400537831584483e-01 5.752978640360401075e-01 3.637739058884353338e-01 4.172437713219191435e-01 3.727495353870365347e-01 4.057882356307748739e-01
8.050000000000000000e+02 7.422901206878979030e-01 6.954059944222201750e-01 4.701909939800090199e-01 5.597814859320648928e-01 6.738901843398517055e-01 5.339953470601996877e-01 5.350827740778089092e-01 5.030842588943380544e-01 4.162821893129452500e-01 3.728866220200479642e-01
8.060000000000000000e+02 7.139165892146067671e-01 6.593616482888082775e-01 5.403508297289499884e-01 6.899845176003851499e-01 6.111139357548225348e-01 5.945946114649346415e-01 4.854529819731984719e-01 4.814485489229772264e-01 3.902063106039571627e-01 3.678872007742907124e-01
8.070000000000000000e+02 6.814571089191474584e-01 7.038196965222446311e-01 6.980626101207385581e-01 6.295671194912099145e-01 6.704121980549346826e-01 5.523066526793768416e-01 4.546323102535979599e-01 4.498002073653600830e-01 3.836406651249049116e-01 3.463859575635788168e-01
8.690000000000000000e+02 7.300045617181984969e-01 6.755131504517898344e-01 5.380320820377164637e-01 6.576487523038651029e-01 6.005795149248812637e-01 5.630221848892028591e-01 4.733419923063953982e-01 5.120796873356454615e-01 4.162585948867693064e-01 3.499645961786185255e-01
8.700000000000000000e+02 6.972378589291101658e-01 7.042147451635983879e-01 6.614260202737561878e-01 6.220578749242707817e-01 6.413189522043764024e-01 5.448885519193361615e-01 4.988763844683409276e-01 4.824163463423037923e-01 3.660958151987747655e-01 3.475250381724098170e-01
1.015000000000000000e+03 7.813643621732818678e-01 7.297139645537533692e-01 5.787301305456518108e-01 6.092282061981674213e-01 5.785989593419361698e-01 6.397547509742452787e-01 3.875832610343176721e-01 4.518453095119293050e-01 3.909158923521565132e-01 3.362887349853490027e-01
1.016000000000000000e+03 7.550798565622715008e-01 7.425736419244588493e-01 6.205681008364151152e-01 6.164182919037387576e-01 7.343539894275583624e-01 4.902352412059209352e-01 4.373293928478422243e-01 4.673464896802488888e-01 3.635607923824011878e-01 3.009896167637362008e-01
1.157000000000000000e+03 7.515490585768408449e-01 7.092145797499799231e-01 5.219257704959436861e-01 6.102143317460666516e-01 6.833115110396299485e-01 5.866994558640835633e-01 4.751393024938141973e-01 4.713023144633249895e-01 4.155167819721271583e-01 2.964848939172218811e-01
1.158000000000000000e+03 7.342451884812885021e-01 7.023675154738016069e-01 6.166667713802536088e-01 7.108166028662316061e-01 6.766618397515887784e-01 5.579175310561853562e-01 4.581103950053689311e-01 4.919920302487074681e-01 3.167556683887918223e-01 2.970014091354955532e-01
1.312000000000000000e+03 7.508250662448636703e-01 7.285021163007643352e-01 5.911754296360114402e-01 6.466921611501332823e-01 6.623393157742901716e-01 6.249113512522772584e-01 4.872529499014998655e-01 4.414535523529976579e-01 3.618480127686881098e-01 2.621277276341335005e-01
1.313000000000000000e+03 7.465167441921604086e-01 7.420732339092886987e-01 6.532092204781720923e-01 6.844118174176768710e-01 7.078981489063743693e-01 5.608388677856884774e-01 4.094459780782649938e-01 4.231497110260424854e-01 2.738933122147687582e-01 3.413123517950297781e-01
1.314000000000000000e+03 7.578499661145018385e-01 7.817315387667046478e-01 6.984455171577979016e-01 7.265032268938025339e-01 6.428199843806141622e-01 4.959719351253669695e-01 3.838553431457941700e-01 3.200347016546633561e-01 3.595175048060839651e-01 3.418998816926215323e-01
1.315000000000000000e+03 7.912801941140953366e-01 8.096582054829646324e-01 7.477590597675480844e-01 6.634571649654240622e-01 5.758548023261297333e-01 4.729972030919000203e-01 2.429934431849330168e-01 4.179696644790275584e-01 3.586735974851807951e-01 3.664576692611499764e-01
1.527000000000000000e+03 4.501310836356787193e-01 7.260405263501822359e-01 6.128431161392394744e-01 5.745720535780524107e-01 6.991098968269483516e-01 6.938595807313107100e-01 5.527007191934992791e-01 5.048864464641160676e-01 3.706398519485489262e-01 4.599549232384132491e-01
1.596000000000000000e+03 7.585858872575163003e-01 7.370299731322538239e-01 5.642135218906636496e-01 7.694193924290707587e-01 7.167634680957881699e-01 4.637975256566935767e-01 4.345510224550401812e-01 3.700733030931713241e-01 4.025438483594022121e-01 2.955714760963844556e-01
1.711000000000000000e+03 7.289614301636279103e-01 7.368873823091326436e-01 7.754011004848742061e-01 6.519604414613953125e-01 6.497505369654374974e-01 5.759182890735522475e-01 2.358710546780857786e-01 3.378436385823323507e-01 3.553459149484967661e-01 4.393286127884896697e-01
1.713000000000000000e+03 8.823123601739301103e-01 8.084876828883421629e-01 7.187420490730859202e-01 7.087076066782875827e-01 4.651810562795194448e-01 4.111956264604954558e-01 4.100827785058094310e-01 5.720105193231650453e-01 3.221581036189197222e-01 1.892819291128609582e-01
1.983000000000000000e+03 7.361555108102189049e-01 7.162416910416851135e-01 5.394227196693697213e-01 5.994804974539958975e-01 5.682420449827394471e-01 5.993623569890538239e-01 6.007570871157108527e-01 4.387026659881119728e-01 3.570289022584736682e-01 3.822376209474906972e-01
2.389000000000000000e+03 6.998335365794121632e-01 6.985633791769678691e-01 5.035555120357760872e-01 6.068207502130325004e-01 7.375959346689930918e-01 5.596250093861895314e-01 5.406495280373744272e-01 4.533397134135204731e-01 4.337295149743143896e-01 3.163118055347272639e-01
2.390000000000000000e+03 7.237491489184801896e-01 6.890934578053961035e-01 6.104316618247370707e-01 7.602053332842316768e-01 6.476913131091097675e-01 6.100539695382249938e-01 4.317777789777811348e-01 5.115674025560766891e-01 3.369697458658617029e-01 2.524465397048341053e-01
2.391000000000000000e+03 7.122615400753621318e-01 7.548233351167146221e-01 7.925916315190218997e-01 6.709415070789191970e-01 6.933325608408393848e-01 5.155053443540495994e-01 5.040650183798904838e-01 3.944896625398101042e-01 2.636019664831975029e-01 3.098309835296009784e-01
2.392000000000000000e+03 7.807921218761785243e-01 8.858113941807908009e-01 7.027814345329950196e-01 7.298492444536995860e-01 6.153903917897282083e-01 5.918903032291876753e-01 3.671047482897987213e-01 3.241674372195232356e-01 3.391254964923158810e-01 1.894969193515396721e-01
2.393000000000000000e+03 8.940858636745999677e-01 8.258712322031980246e-01 7.725422122844691764e-01 6.544591053657483615e-01 6.899492544084075973e-01 4.769569408138776279e-01 2.699955385275082942e-01 4.102679221359352146e-01 2.063126640942817835e-01 2.773091199003580032e-01
2.497000000000000000e+03 6.106541666606231100e-01 6.469409548376093833e-01 4.402529371975860695e-01 7.388652999799171228e-01 6.754055960939735481e-01 7.586976991499007061e-01 3.594161937141724938e-01 4.130598626768385850e-01 4.557981597966716536e-01 4.215208209683968810e-01
2.914000000000000000e+03 5.936689595453726875e-01 5.113952415348493874e-01 7.733458389556955304e-01 8.455463722559775075e-01 8.798599110649406585e-01 9.004405334039916609e-01 7.031985693569949847e-01 4.043569155819939365e-01 2.834708292966758303e-01 0.000000000000000000e+00
2.915000000000000000e+03 5.665570616994307640e-01 8.720030711967730053e-01 9.147636902245034340e-01 9.038784286822583169e-01 1.000000000000000000e+00 7.542134473374649817e-01 3.782887262964327313e-01 3.457692011983899971e-01 0.000000000000000000e+00 7.184905518523865275e-02
2.916000000000000000e+03 8.705666752798864039e-01 9.504662398539319712e-01 9.655201249605368519e-01 1.000000000000000000e+00 8.353035826982064815e-01 4.689228864253749962e-01 2.781827013220268818e-01 0.000000000000000000e+00 6.492128224769359857e-02 1.558019986980949956e-01
3.075000000000000000e+03 6.032156711803415838e-01 5.529938012554745930e-01 7.397003072842709415e-01 7.292616862828347202e-01 7.534084731173080751e-01 5.580252164517791602e-01 5.965201643618319727e-01 2.747718672914308269e-01 3.814253109755600946e-01 4.672316833556897087e-01
3.392000000000000000e+03 7.639133102780552020e-01 7.320142164538703256e-01 6.102509519162391260e-01 6.695409275877378663e-01 5.660133951690344833e-01 5.830121810688896344e-01 4.330598388781367603e-01 3.986746867171635511e-01 2.750327812101821534e-01 4.590563903359697884e-01
3.602000000000000000e+03 6.333524298158255128e-01 7.470173577968302059e-01 6.691158472390794643e-01 6.978165100435099744e-01 6.249416331209578512e-01 5.587650131563952627e-01 3.726094382259831361e-01 3.706077968114487864e-01 3.031813811857474450e-01 5.359782511785289305e-01
4.411000000000000000e+03 6.539350807329651349e-01 5.898027214993778466e-01 5.200915775959202847e-01 7.895755431806595892e-01 9.833351523078540657e-01 7.599717463762442060e-01 3.526750118152320868e-01 5.193238027303862525e-01 2.438987031569636033e-01 2.363836008138431310e-01
4.412000000000000000e+03 6.028977705246936214e-01 6.702386013246376395e-01 7.880457043125318473e-01 9.533367243547299363e-01 8.083901154187024263e-01 4.157761892067423082e-01 4.721390642041811692e-01 2.550690106073297270e-01 2.193951453298720600e-01 4.569264316144871496e-01
4.476000000000000000e+03 8.305664455119281531e-01 8.030436171327468564e-01 7.484526866301040027e-01 6.795456291727763887e-01 6.981781459682123714e-01 6.610662461401302092e-01 2.227962563829102571e-01 1.535907482919174893e-01 1.960146558472753153e-01 4.662445828682998950e-01
4.726000000000000000e+03 8.036185021205456414e-01 7.377678795817735891e-01 8.328272893928997389e-01 5.683185969428973250e-01 7.673941716548234870e-01 6.257300303555345389e-01 5.655837811695452189e-01 3.347145194436239590e-01 1.584710018458529712e-01 2.559860865006786113e-01
5.046000000000000000e+03 6.807052674458150543e-01 5.608325320151708038e-01 8.037338230405457473e-01 6.454393405884072399e-01 7.548939130767402528e-01 5.586635506711224997e-01 6.600191063004419156e-01 5.334680549207301281e-01 3.498733679319065426e-01 1.858233927615899617e-01
5.172000000000000000e+03 6.361376570643814121e-01 6.842357502703494410e-01 5.112523892607969689e-01 7.184923108414424942e-01 6.410989290857957990e-01 7.952962688898306265e-01 5.113634383137133366e-01 4.574018042273346740e-01 3.756509198438238162e-01 2.778967283847266767e-01
5.173000000000000000e+03 7.011775530286569191e-01 6.826141750796198560e-01 7.293447272176132312e-01 6.548307132906783234e-01 8.684397535733108242e-01 5.705062683123118816e-01 4.185537109608510331e-01 4.300556740640458786e-01 2.832470265537924137e-01 2.820313177498431911e-01
5.325000000000000000e+03 7.219937141990223628e-01 7.275694724490028298e-01 7.453461225106886578e-01 7.248872566492597924e-01 6.342178479149077619e-01 5.192440146306053217e-01 4.549771954977314126e-01 3.359698729921655747e-01 2.851797387395935135e-01 4.079800863198074778e-01
5.706000000000000000e+03 7.946026803581190956e-01 9.020977831239991307e-01 8.112387350470235958e-01 5.153814174795288139e-01 4.566533041637880208e-01 3.769428050905101468e-01 3.850437984812819514e-01 3.877574516091603640e-01 4.683743741132503358e-01 3.406823614500675834e-01
5.710000000000000000e+03 7.285504249232133134e-01 7.098968277754854617e-01 6.572967514881292717e-01 6.128071970444657346e-01 7.636686321240047093e-01 5.398096306002686529e-01 3.929914368253958901e-01 4.270608399796760324e-01 3.773459870218152656e-01 3.298359852490033717e-01
5.948000000000000000e+03 8.726537637228294342e-01 7.007619228361026131e-01 6.352734713094719821e-01 4.001182812657586019e-01 7.158613974558835080e-01 7.903807176661949985e-01 6.238835585222826108e-01 3.098345394960708710e-01 1.814952197120999755e-01 3.484742203016363282e-01
6.289000000000000000e+03 6.046550977576586883e-01 6.132112966353484573e-01 5.754945066679101329e-01 6.138166655077453848e-01 9.004390617941273600e-01 7.397089415990669714e-01 5.783146031822269384e-01 4.403497419086339071e-01 3.689264956148483598e-01 2.545904437960266331e-01
6.290000000000000000e+03 6.355586453594739282e-01 7.202344487229895842e-01 5.949655134064977258e-01 8.935267619102883474e-01 8.072133792830781251e-01 6.201209322359535481e-01 3.890603239069513886e-01 4.173295741739663223e-01 2.536894325340540157e-01 2.827700089316015908e-01
6.291000000000000000e+03 7.412196891855421521e-01 7.467496354150001681e-01 9.589277089069367932e-01 8.235583922210001351e-01 7.060767831870068401e-01 4.829633255978876272e-01 3.806138528472046700e-01 2.999019333015830457e-01 2.986622622952146977e-01 1.973523777447010741e-01
6.292000000000000000e+03 7.789706723030506152e-01 1.000000000000000000e+00 8.991864840756244037e-01 7.494506178631252791e-01 5.907417670420819222e-01 4.981664482909478053e-01 2.495221621543467772e-01 3.722067042910764401e-01 2.226226400498647062e-01 1.696118665076388199e-01
6.293000000000000000e+03 1.000000000000000000e+00 9.602636904361881998e-01 8.069442768140208111e-01 6.396614047075157572e-01 6.048236150586039361e-01 3.889404978960033232e-01 3.453826919044074018e-01 2.825217771498296226e-01 1.914584130891191782e-01 2.181758397199312638e-01
6.490000000000000000e+03 8.410122321947819390e-01 7.188685352118487915e-01 5.416148798535920239e-01 6.000097083908683127e-01 6.280213590889253128e-01 6.366034868472457697e-01 3.486917563807438447e-01 4.298078658388494455e-01 3.869239152804176962e-01 3.227047286032239115e-01
6.491000000000000000e+03 7.527265583086081291e-01 7.266187943048314501e-01 6.218679020971046301e-01 6.732683215210063521e-01 7.422078671763037150e-01 4.690768259513672933e-01 4.209358293501627157e-01 4.725610971533327764e-01 3.572009913092333289e-01 2.958151291071342559e-01
6.492000000000000000e+03 7.704973033702250396e-01 7.913722464208752250e-01 7.311259175533486587e-01 7.968020454129546293e-01 5.907972355207417037e-01 5.453901206992360917e-01 4.988592541799802826e-01 4.530589754946678371e-01 3.408360985475920590e-01 9.241918900262030556e-02
6.493000000000000000e+03 8.229620049129335868e-01 8.575309286383206997e-01 8.750876867154423477e-01 6.478692323062948955e-01 6.609251210325031156e-01 6.031163864408018993e-01 4.646667848467250783e-01 4.280866661695241215e-01 1.138369275699706445e-01 1.535771053576197032e-01
6.494000000000000000e+03 8.815533194464018063e-01 9.518718863006371267e-01 6.934908106841419784e-01 7.148632117867214086e-01 7.198618350996032200e-01 5.758633172852030135e-01 4.321920493871331814e-01 1.642353172962915664e-01 1.812935264296809124e-01 2.045433757975057554e-01
6.495000000000000000e+03 9.700208484457512048e-01 8.403247987020072696e-01 7.858000691342577060e-01 7.787035684222728404e-01 7.012568694806226022e-01 5.578049946682702709e-01 8.742026211835512983e-02 2.506655025639115131e-01 2.436026624398341667e-01 2.123640134227186838e-01
6.497000000000000000e+03 9.487593077156820653e-01 9.786980926865882502e-01 8.845694555651968383e-01 7.781932144183629774e-01 4.328918080773955235e-01 4.050693173692382354e-01 3.451441632937608528e-01 3.655797713684747485e-01 1.655040675540234152e-01 1.729947318301788550e-01
6.684000000000000000e+03 6.535921621181909336e-01 5.581274432631434523e-01 6.434791798706338550e-01 5.949911864426230546e-01 8.200331487525696073e-01 8.225395520337276389e-01 6.527389632026239230e-01 3.641141760381640391e-01 3.113481138649673019e-01 2.934899106803852686e-01
6.685000000000000000e+03 5.776524670427704011e-01 7.529993258273041112e-01 5.545141114000435856e-01 8.035124373613524718e-01 8.748196634434199925e-01 6.660877285746555909e-01 2.684618573338433678e-01 3.367885103891368748e-01 2.843695521384102531e-01 4.326403817032153931e-01
6.688000000000000000e+03 8.914437550974491087e-01 9.583968553317497863e-01 7.797473860302288617e-01 4.810071690251306320e-01 4.464590932711984261e-01 3.599823287116041270e-01 5.171457080847154941e-01 4.069395659599996384e-01 3.508532732508499175e-01 2.621571282977467887e-01
