4.700000000000000000e+02 7.701862501946818984e-01 8.626219231212343130e-01 6.002280014226895055e-01 5.693538222006556682e-01 5.237862300887250466e-01 4.052357255335150565e-01 2.453606948366182650e-01 3.428187418656832852e-01 3.823432750779366951e-01 6.223822571219361777e-01
4.710000000000000000e+02 8.449056790968711983e-01 7.264865633613103446e-01 5.255117549638362862e-01 5.271114438592430229e-01 4.590456036492830405e-01 3.333137161643108803e-01 2.423431635320571209e-01 4.211267782854908326e-01 6.436726102374390468e-01 5.458465835151102841e-01
4.720000000000000000e+02 7.308970365570655048e-01 6.836309542606376910e-01 4.824506677003864152e-01 4.732824159284261256e-01 3.944503739223106931e-01 3.382428869058071719e-01 3.564659963109356733e-01 7.317213542857025077e-01 5.663038313909003474e-01 5.789023551294046888e-01
4.780000000000000000e+02 5.800347463129668091e-01 8.082630444938305736e-01 6.040609579051079425e-01 6.697292759953125119e-01 6.575632015469552449e-01 4.830455282400703543e-01 2.458659884204069668e-01 5.102933875274682229e-01 4.223648134758266615e-01 4.825808296420914245e-01
4.790000000000000000e+02 7.941092581632127612e-01 7.251908623234312179e-01 6.423907138160058761e-01 6.480271517369429191e-01 5.319063451659695740e-01 3.287258920786534366e-01 4.608979174471341533e-01 4.630710498814017972e-01 4.876606701653635190e-01 3.723522650713217419e-01
5.230000000000000000e+02 7.464746308874571357e-01 6.592489657099072087e-01 4.875829190992683748e-01 5.958789621472129205e-01 4.954878311643034494e-01 4.338281929497274092e-01 3.104322373959783610e-01 5.528443444350156222e-01 5.979131504713709466e-01 4.886089813291595862e-01
5.290000000000000000e+02 6.537503003496292209e-01 7.752930401296191931e-01 8.268947712179715026e-01 6.950630182340810093e-01 6.526691955315916394e-01 4.537700784305706558e-01 3.703179672203407158e-01 4.309249619155676725e-01 4.261521536908913221e-01 2.879263315288123626e-01
5.870000000000000000e+02 7.532299129643921232e-01 7.202621585802368998e-01 6.249046357926926198e-01 5.238950147946965785e-01 5.277639986987008314e-01 4.340184140289105041e-01 3.255343601876548032e-01 5.527490514299162605e-01 4.990912575100404092e-01 4.519549430930409062e-01
5.880000000000000000e+02 7.293194188298900427e-01 7.525154806488818515e-01 4.852978646115523875e-01 5.434213674661164672e-01 5.012185816162556540e-01 4.125194959587901722e-01 5.403442502914974632e-01 5.689932685531636780e-01 4.687495275273508288e-01 4.417854956374028252e-01
5.930000000000000000e+02 6.081702483921805902e-01 7.131940819311939350e-01 5.848790210772373266e-01 5.687279383865774252e-01 5.404949861508855369e-01 5.622337575909220897e-01 4.514608367499600705e-01 4.714709718954114281e-01 5.243107653074038366e-01 4.734974327147952744e-01
5.940000000000000000e+02 7.074120467018719660e-01 7.085358820072588104e-01 5.124387035373746402e-01 5.327583290221713508e-01 6.055051370654811471e-01 4.920136307253988317e-01 4.019659485162466739e-01 5.763777507343965656e-01 4.733687117829558089e-01 4.390005377554367927e-01
5.950000000000000000e+02 7.134714114376764504e-01 6.731644475822702312e-01 4.862944341135840287e-01 6.084283932231788761e-01 5.507501313670094545e-01 4.668280967707957307e-01 5.615902410395515743e-01 5.312886909427416704e-01 4.479615061707419299e-01 4.470663171569603800e-01
5.960000000000000000e+02 6.846670571062574151e-01 6.586088376923616705e-01 5.825471213002506587e-01 5.599965366085325469e-01 5.287417087139921756e-01 6.012906340980890274e-01 5.050015629931240424e-01 5.046703051089703740e-01 4.592484925737522206e-01 4.330149054553901755e-01
8.010000000000000000e+02 6.930870249861961208e-01 6.718578840798925533e-01 5.656841738436154676e-01 5.899502353244255870e-01 6.287702287382591626e-01 5.081598115820569195e-01 3.713965943808011372e-01 4.733379654022699667e-01 5.169954633672432243e-01 4.444631209798130533e-01
8.020000000000000000e+02 6.774817661513410361e-01 7.031593954997873430e-01 5.492536009893645987e-01 6.245693566936778574e-01 5.608511885496089144e-01 4.356573587159465744e-01 4.159430821167485748e-01 5.764844754603097865e-01 4.491755632040409507e-01 4.703802202718478931e-01
8.030000000000000000e+02 7.075436297126465046e-01 6.956274658007850498e-01 5.963976617576691730e-01 5.646886605559311434e-01 4.924252900404107458e-01 4.764362948287902966e-01 5.594289421147906616e-01 5.014537761441520969e-01 4.806277027143805447e-01 4.267346254609793998e-01
8.040000000000000000e+02 7.068325299985379617e-01 7.329258137572645104e-01 5.335230271836832738e-01 5.088212609349184179e-01 5.422564206578258661e-01 6.034222500085195673e-01 4.696889985513455490e-01 5.461875035164764913e-01 4.401560503537506053e-01 4.016737786455661374e-01
1.156000000000000000e+03 7.510696668859236924e-01 7.289898978940906327e-01 5.324687608077799394e-01 5.328726089106222696e-01 5.764406046967571751e-01 5.933284849518728477e-01 5.100922941946459677e-01 4.839707366149526568e-01 3.977491593103922862e-01 3.871115640247922429e-01
1.712000000000000000e+03 7.567836422103185745e-01 8.650614165295339442e-01 6.648416607064769890e-01 6.768023120477292265e-01 6.632710510946842053e-01 3.583514467660543490e-01 2.756205368649992660e-01 4.196187253694539931e-01 4.704231135792125706e-01 2.889073443601537505e-01
1.971000000000000000e+03 7.634932640292734218e-01 5.686594883807268852e-01 8.396489980425132504e-01 7.446059630246328886e-01 4.363144785138510229e-01 4.207665747565154657e-01 3.776719944365065640e-01 4.204154342045549608e-01 5.024063619123689817e-01 4.308896064708558349e-01
1.972000000000000000e+03 5.931202850651603464e-01 8.874933748828168767e-01 7.486912157311070848e-01 4.520923766205161010e-01 4.822385010721850218e-01 4.497012163236803750e-01 3.557386834164864009e-01 5.676437242496195079e-01 4.413622902700296002e-01 4.895222399340862784e-01
1.973000000000000000e+03 8.531466431453887944e-01 8.073622081520026583e-01 3.588382290716385925e-01 4.689743364599623376e-01 4.832158796649446142e-01 4.037348404740599972e-01 5.190904414645903797e-01 4.712452203301421561e-01 4.832024546756358285e-01 4.848508453760154158e-01
1.974000000000000000e+03 8.006535542372830161e-01 5.745209868736733672e-01 4.097636919406739686e-01 4.947084151245421113e-01 4.636171198328405962e-01 5.644090179610218305e-01 4.220616866623383423e-01 5.438911501197926102e-01 4.988533237281088661e-01 5.966503557566893434e-01
1.980000000000000000e+03 5.819862996100105823e-01 6.164257173399787515e-01 4.463847567573093200e-01 6.446016135612694375e-01 6.194749748974929249e-01 5.263346882013557604e-01 5.044548041322871601e-01 5.086805367426882052e-01 5.240510133749185506e-01 5.310927312031189507e-01
1.981000000000000000e+03 6.250088893226738440e-01 6.211737328034150352e-01 6.088298782755491301e-01 6.099257595381770702e-01 5.727703714340598440e-01 5.387341865250639961e-01 4.557357842138476944e-01 5.789764762603505366e-01 5.384782626063994160e-01 3.902610603912005649e-01
1.982000000000000000e+03 6.372698045353406560e-01 7.358026635622155753e-01 5.808767654099394884e-01 5.778363187539885537e-01 5.977262493092894147e-01 5.112154432980252627e-01 5.653009923079906907e-01 6.071465885177237398e-01 3.950760787604935542e-01 3.566582118574523896e-01
2.291000000000000000e+03 8.431219004100015679e-01 9.105218627435445189e-01 7.642414589209508557e-01 6.267154197974367236e-01 3.910994043316983748e-01 3.335509859258253829e-01 0.000000000000000000e+00 2.357886461399582856e-01 4.234168524244560916e-01 6.893836784673438300e-01
2.401000000000000000e+03 6.230551726323291239e-01 6.686198129163972714e-01 5.302999716729558388e-01 5.559334330359766430e-01 5.711294666447598312e-01 4.356911333835844502e-01 3.220770959160551006e-01 4.172735112532403035e-01 6.364160457730059228e-01 6.270481733976570604e-01
2.402000000000000000e+03 6.475162152118515424e-01 6.491234176985402060e-01 4.597382840582132646e-01 5.311811040539584639e-01 4.467150001831357575e-01 3.536867091173183653e-01 2.902646485131062382e-01 6.769956079236157942e-01 6.148009508751057783e-01 6.617139476427968958e-01
2.493000000000000000e+03 7.279067577872943007e-01 7.248795273625592284e-01 5.602746855372395807e-01 4.510982450958919143e-01 4.105863003938889921e-01 4.271185022574123247e-01 3.201683391106899812e-01 6.308716884602098007e-01 5.054773434043624558e-01 5.936372505187039739e-01
2.498000000000000000e+03 6.489461194149340750e-01 6.141101871091503295e-01 7.192022185996534978e-01 6.585180545922563189e-01 8.011208879971033481e-01 4.154331043848619176e-01 3.224586508271160556e-01 4.959105304800060510e-01 4.161058994968526714e-01 4.479453203994577803e-01
2.499000000000000000e+03 6.269427545320058748e-01 8.025470715550272471e-01 6.328914256597764076e-01 7.863347640591051846e-01 4.678469313909441873e-01 3.952745608062043781e-01 4.460269376657742812e-01 4.590872033550416065e-01 4.528346696958277517e-01 4.236463506616582886e-01
2.658000000000000000e+03 9.329096302290997844e-01 6.391826282931183378e-01 3.431587462391662569e-01 5.173719203119899746e-01 4.071352384391418999e-01 3.887062486545811990e-01 4.784961954407664919e-01 5.309612721497247723e-01 3.657340028701111523e-01 6.803496826091878225e-01
2.679000000000000000e+03 5.606302383757132413e-01 6.238502055992312112e-01 6.342792398238774609e-01 4.799218361307609482e-01 6.735763096442474174e-01 5.116210874715707568e-01 3.862619666445046840e-01 5.240586719670558002e-01 4.689036704064479810e-01 6.355819552301147368e-01
2.680000000000000000e+03 6.058500984431346437e-01 7.133075670653625799e-01 3.623332606093683794e-01 6.233446168049641134e-01 5.184730592438608898e-01 4.022421823665428553e-01 4.282287149811789817e-01 4.790397516975066217e-01 6.208257747908642044e-01 6.205123073674300160e-01
2.907000000000000000e+03 7.007714611669610960e-01 6.611635842546970121e-01 5.966088339638399018e-01 3.338929586906040914e-01 3.620086397283640012e-01 3.465236368826925539e-01 3.766619549833740699e-01 6.359994567268145715e-01 4.997157857040735451e-01 8.096121647534555432e-01
3.076000000000000000e+03 5.529422927051711456e-01 7.917686602961948594e-01 6.822868039151486208e-01 7.111491008121324509e-01 5.785391737522550537e-01 5.883681450990064787e-01 1.109981265086097957e-01 3.899547669912872827e-01 4.488470961714540741e-01 5.789175490185554107e-01
3.077000000000000000e+03 7.482361323684294518e-01 7.398843060142489270e-01 6.374376738641249762e-01 5.286779213009695777e-01 5.891493674264607350e-01 1.707139908629922709e-01 2.415662812984601115e-01 4.503985708817155875e-01 5.546626690047795627e-01 6.503318745943850177e-01
3.078000000000000000e+03 7.258193575831395350e-01 7.369841970970667511e-01 4.549203660146363681e-01 5.714046022149533721e-01 2.063526849285319820e-01 3.121963652211117157e-01 3.646443105499887483e-01 6.048092808260462361e-01 6.596822373020323482e-01 6.384016624327794043e-01
3.321000000000000000e+03 5.211460467521449313e-01 5.756263090718186648e-01 5.853324844210188171e-01 5.772424058524313617e-01 5.335575314530990321e-01 5.398355699727084289e-01 4.543957673990904889e-01 4.694425791136270787e-01 6.450632787712423655e-01 6.016419412205228356e-01
3.322000000000000000e+03 5.683204117277944611e-01 6.868420522398620554e-01 4.890028574021892394e-01 4.986300255577698626e-01 5.536060559648460222e-01 4.650322040572136273e-01 3.635505699513999489e-01 6.896331333570807631e-01 5.894722622151903346e-01 5.334052414521632812e-01
3.393000000000000000e+03 7.382691751564194327e-01 7.414961849943240146e-01 6.611579919367712721e-01 5.774827114408231932e-01 6.484798206760734596e-01 4.989389844760190318e-01 3.310311181283745463e-01 3.065909666217633833e-01 4.749010548178975166e-01 4.662953677098087280e-01
3.394000000000000000e+03 7.346836731727738323e-01 7.608999490833219248e-01 5.276523828037619213e-01 6.378656639647244386e-01 5.460905778490838802e-01 3.969898103578752835e-01 1.855894515115391052e-01 5.225478275293929942e-01 4.686046606546197535e-01 5.546593491153939404e-01
3.395000000000000000e+03 7.587147343345159722e-01 6.824575138088323500e-01 6.139499789177096378e-01 5.518705264393281018e-01 4.548161176484206147e-01 2.881853130145933806e-01 4.884144044212662128e-01 5.250546480817177564e-01 5.731925527670509446e-01 4.815067034916978295e-01
3.396000000000000000e+03 6.967753218448338171e-01 7.459806409278300077e-01 5.204033129223679666e-01 4.755479675428234132e-01 3.558479722253774513e-01 5.472502232106071229e-01 5.040897970685014329e-01 6.558747386030563398e-01 5.015127070297157319e-01 4.428430211080930934e-01
3.603000000000000000e+03 7.189778870751364348e-01 7.425146258118084930e-01 6.383847564082274495e-01 5.861626076054345935e-01 5.744930759985398261e-01 3.999136340184766825e-01 2.335992737767890182e-01 2.949008715027086058e-01 5.197462438027494747e-01 6.420320880999635937e-01
3.748000000000000000e+03 7.200167846779111924e-01 4.972821054138616970e-01 4.884324800912853703e-01 5.023814189668326380e-01 5.598075575782176516e-01 3.529095083565739754e-01 2.419017837687165717e-01 4.693197603880939761e-01 6.867226959753101045e-01 7.775145974886369382e-01
3.934000000000000000e+03 8.076812069399568195e-01 8.476590875127193447e-01 6.657506480359977052e-01 3.502446005017503805e-01 3.904581377766473405e-01 4.491826468711210274e-01 3.785828333696043546e-01 6.162803725104426533e-01 4.461885837299260360e-01 4.319694878012763639e-01
3.938000000000000000e+03 5.922332901943349048e-01 6.573304604124476924e-01 4.862008643087556425e-01 7.159157370374554796e-01 5.909167637075645185e-01 5.245730203482149578e-01 2.847256549476769316e-01 5.038499553958623034e-01 5.242545408105062643e-01 5.568558601260960028e-01
3.940000000000000000e+03 6.352253401710652447e-01 7.638836843102814189e-01 5.045233668567340457e-01 5.405811178217828639e-01 3.793529048715426066e-01 4.680824165547500804e-01 5.193972461036777677e-01 6.051485726384936426e-01 4.618845342844895563e-01 5.604018988373095089e-01
4.413000000000000000e+03 6.796602605855464052e-01 8.514612405386344784e-01 1.000000000000000000e+00 7.985797236581215763e-01 4.738520960341098265e-01 5.239734904243686930e-01 1.297259561052966914e-01 2.355527735464975347e-01 4.670393738589853072e-01 3.373725680103937252e-01
4.414000000000000000e+03 8.279277065552024251e-01 9.772815519258688521e-01 7.929931504440460577e-01 4.699299148841080132e-01 5.669501713161131384e-01 2.274673910866951143e-01 8.529457793207891048e-02 5.096115284537903189e-01 3.251843528777119130e-01 5.180628129600710619e-01
4.415000000000000000e+03 9.568608280239851993e-01 8.648537068574331244e-01 4.242674827645899205e-01 5.843742500877457946e-01 2.985600638240885063e-01 2.192212077346080423e-01 4.877400701228258861e-01 3.706555387838323945e-01 5.441309751389236116e-01 4.947823369892397349e-01
4.416000000000000000e+03 8.628626912688024397e-01 6.304232237048352783e-01 5.718021537432387280e-01 3.379932735672932509e-01 2.966981992500654641e-01 5.568065433793332186e-01 3.089661323096729029e-01 6.312869132947749318e-01 5.238699883203313812e-01 5.930103927768874961e-01
4.477000000000000000e+03 8.048238707773606171e-01 8.362776641476530326e-01 6.812916748739885620e-01 7.081945334967073569e-01 7.335648309374590559e-01 3.327669021001980476e-01 1.012763098076242818e-02 2.207731219672433576e-01 4.880517830177266703e-01 4.948869913764987194e-01
4.478000000000000000e+03 8.189777975576286728e-01 7.757070237441693328e-01 6.901246093497535039e-01 7.200030128911814042e-01 3.820874399178799674e-01 1.356310745834151954e-01 7.329207525128393630e-02 5.399560659937108209e-01 5.015269271569823273e-01 6.116994955664720734e-01
4.479000000000000000e+03 7.745140022783250089e-01 7.910842704559296612e-01 7.194623837068376826e-01 4.018160259615229379e-01 1.973481815463226929e-01 2.001610483365997006e-01 5.170999460643822543e-01 5.672985032140734907e-01 6.386965678667421153e-01 5.448554709007599195e-01
4.723000000000000000e+03 8.494203530152510950e-01 8.146786349750958500e-01 4.035368844485363038e-01 5.826259061447893739e-01 4.796220570531223859e-01 6.112024860108418167e-01 2.599732516365306778e-01 5.352432777961563248e-01 4.129048299745886053e-01 3.894437431126440141e-01
4.745000000000000000e+03 5.998323297784682318e-01 6.611582162659699335e-01 4.637719669755041574e-01 6.411355867859921398e-01 5.514081864791879894e-01 5.095467875080612608e-01 3.074206942155139344e-01 5.815442608301105709e-01 5.118980026198308719e-01 5.907814254510770358e-01
4.746000000000000000e+03 6.508340148026015015e-01 6.173199648372400539e-01 5.811070746299529244e-01 5.268841497633401927e-01 5.356098920379395167e-01 3.566605992151700710e-01 5.286101649864796137e-01 5.463484154996032238e-01 5.873445047422759524e-01 5.398891526254192552e-01
4.747000000000000000e+03 6.170521645875787220e-01 6.983989956420186829e-01 4.494994349014012069e-01 5.185065324710917967e-01 3.895651908562336452e-01 5.450673681422181227e-01 4.898240107200931281e-01 6.401812435050263650e-01 5.374596949264172085e-01 5.510782715570516910e-01
4.875000000000000000e+03 7.118121179614321781e-01 6.162861177174763228e-01 4.169620153160790155e-01 6.233175919084668060e-01 5.728211590490051019e-01 4.192277251351855250e-01 3.913160404011866711e-01 5.821466430372239653e-01 4.990833201883188575e-01 5.654141044020077889e-01
4.876000000000000000e+03 6.235621472293134682e-01 6.005920823331097891e-01 5.804601115471779149e-01 5.641866798092066704e-01 4.635319648904888679e-01 4.437457667939909700e-01 5.517693560166404554e-01 5.481118074547768337e-01 5.741867695646736269e-01 5.438436890919565725e-01
4.877000000000000000e+03 5.859819788464508683e-01 6.789617496680165898e-01 4.658008134114163257e-01 4.270598601415568907e-01 4.512872238607648634e-01 5.385436787114417090e-01 4.611626301489196167e-01 6.016528682418117446e-01 5.217703265597333218e-01 6.845756354522398723e-01
4.972000000000000000e+03 7.465842725152824766e-01 6.685822597999512285e-01 5.420843058724359453e-01 6.578454024580502324e-01 5.045145034526599126e-01 2.523845921945012116e-01 2.489887994850588648e-01 5.457451148217782322e-01 5.850123057907279378e-01 5.756149628467133184e-01
5.058000000000000000e+03 2.653104061236400968e-01 5.788274021711159456e-01 5.798773495311623227e-01 8.184289102869872767e-01 7.878691750322303067e-01 4.000668126672477509e-01 3.337617856084649781e-01 5.534971148199746560e-01 6.919099953434595385e-01 5.778657718624284900e-01
5.059000000000000000e+03 5.188443782852839581e-01 6.228923382615465520e-01 6.889755119370232217e-01 6.601321927358363428e-01 3.335134693379800952e-01 2.857316939517415277e-01 3.774876238593560251e-01 6.694983648796347664e-01 5.000104700862840756e-01 7.765117828443623971e-01
5.065000000000000000e+03 5.433694788583952606e-01 7.017444773637572242e-01 4.215647170942063982e-01 8.568310759653491315e-01 7.350029019251154150e-01 4.484298435113162618e-01 2.662539470995069490e-01 5.981985000427546550e-01 4.621884499060446849e-01 4.465221221443079203e-01
5.169000000000000000e+03 8.632160630470230300e-01 9.145928781311067901e-01 2.299329903800913510e-01 4.015273292053710974e-01 4.711078458540814418e-01 3.967080375520618540e-01 5.292859922514701054e-01 4.788921551845676250e-01 5.936130662125657098e-01 4.027719623487633904e-01
5.179000000000000000e+03 8.160502684489094882e-01 7.928571647636382114e-01 5.431698213221461957e-01 5.718610903752066044e-01 5.353480198041473681e-01 4.102240039786618220e-01 3.384595882936403677e-01 4.174546222959981123e-01 4.611700329579743185e-01 4.745482373272237875e-01
5.180000000000000000e+03 7.951560045096704998e-01 7.022077114344135174e-01 5.481692356132559230e-01 5.539680921297449601e-01 4.809984445502635264e-01 4.267675911518318266e-01 3.630917710455062175e-01 5.281881124776047765e-01 4.961845895136490214e-01 4.865839064409348547e-01
5.181000000000000000e+03 7.170226653618488877e-01 7.067215434886484626e-01 5.282282365758673714e-01 5.044507792631022225e-01 4.992741914271920933e-01 4.487249882051416727e-01 5.138703736689139712e-01 5.704667254519262265e-01 5.106185904328836012e-01 4.530580697269548374e-01
5.182000000000000000e+03 7.200305104183505334e-01 6.927095651539820764e-01 4.659783579586878055e-01 5.202910716704542970e-01 5.198470768169619616e-01 5.713324317826320442e-01 5.688963918164071654e-01 5.859503315837176762e-01 4.729942668918783455e-01 3.775863120801229433e-01
5.705000000000000000e+03 6.721644502341080907e-01 7.933994269459787585e-01 8.530699442065201588e-01 7.883213318232670241e-01 4.958752989905899633e-01 3.874850479770429734e-01 2.797795790112519998e-01 4.352125794359184008e-01 3.416603211595038436e-01 4.501246141270629497e-01
5.931000000000000000e+03 7.126451599084361321e-01 7.177509910356210110e-01 7.024334386414879949e-01 4.268284257537847681e-01 3.393636952113925909e-01 5.763674992106390116e-01 4.681284711693619038e-01 6.623963761289213270e-01 4.910079843063709926e-01 3.935810968331525661e-01
5.944000000000000000e+03 8.335827934968470521e-01 7.753174667176909729e-01 7.375439746172718358e-01 6.017235202109371128e-01 6.620642649431225379e-01 3.509818810036102188e-01 3.450896812302333139e-01 1.723077240091944740e-01 4.206226640386763749e-01 5.086579258043187890e-01
5.945000000000000000e+03 7.879746567746235275e-01 8.376843940044251813e-01 5.990375680472967979e-01 6.848852149381456922e-01 4.339645171479050156e-01 4.445869369950579686e-01 4.870474253398080627e-02 4.922638179671098846e-01 5.430589903637763616e-01 4.260957614014178052e-01
5.950000000000000000e+03 8.030515565769524855e-01 6.084617455634745431e-01 7.958168821801266946e-01 9.120408555707958387e-01 7.866532128140846236e-01 3.808321005398278003e-01 1.385406601614431465e-01 4.572338154730350990e-01 3.728572967010683747e-01 2.606286783872319157e-01
6.512000000000000000e+03 6.622253643459781181e-01 6.154542651200244352e-01 4.496142765928076157e-01 6.246174737756944317e-01 5.993074469657722059e-01 4.332464863902364960e-01 5.270278877791944039e-01 5.021909129602376565e-01 5.472327231433604666e-01 5.093232187804546118e-01
6.515000000000000000e+03 7.115952616685166099e-01 6.889600730695989439e-01 4.135430546295947862e-01 6.014463584393582307e-01 5.446420106517815274e-01 6.125545079083284383e-01 5.437696053631723148e-01 5.298583082921111131e-01 4.242950148120007703e-01 4.180322048009842417e-01
6.596000000000000000e+03 7.251458291509731424e-01 7.340805517979109851e-01 5.419355434471969657e-01 5.475150424918824310e-01 7.415798068428210987e-01 4.067112515270259188e-01 3.547889010727458547e-01 5.509682914160303202e-01 4.544551699541563017e-01 3.954012124670559514e-01
6.597000000000000000e+03 7.378451748108647568e-01 6.946391720327345087e-01 5.079567863981805376e-01 7.392986935543779392e-01 4.684487960503141424e-01 4.311753457559543423e-01 5.313281604324964214e-01 5.121545631632100637e-01 4.029719506671102791e-01 4.461262577438521726e-01
6.598000000000000000e+03 7.073038388033785484e-01 6.770832377373279254e-01 7.495205784894078960e-01 4.881958320164442311e-01 4.989492941409198745e-01 5.823649870796658856e-01 4.865470650590935087e-01 4.577265543395309111e-01 4.628585514915755095e-01 4.213967256985524101e-01
6.679000000000000000e+03 7.744979550529601520e-01 7.939659081421540643e-01 6.425332897354095740e-01 5.149287106775377598e-01 4.409520557913857997e-01 4.046074911372278260e-01 1.931513379184918999e-01 5.441967219842566150e-01 4.296750185083981211e-01 5.855682293966117946e-01
6.680000000000000000e+03 7.779708213998914879e-01 7.459508810976824833e-01 4.467940324398497753e-01 4.393627895798601912e-01 4.478469096708742603e-01 2.799113043863846739e-01 4.995875840223180653e-01 4.665270047442064416e-01 5.952633717335573671e-01 6.184469755553071435e-01
6.686000000000000000e+03 7.506019522302609381e-01 6.984932758782307349e-01 8.143633349744578975e-01 8.590271867709162734e-01 7.224532261063526528e-01 3.544790800127657904e-01 2.368989473508454346e-01 3.092282987690356255e-01 4.390032985277416144e-01 3.233129110258758931e-01
6.687000000000000000e+03 7.216499441374217838e-01 8.885768821915732696e-01 9.156914340701240995e-01 7.429885993716378589e-01 4.388071538604244592e-01 3.568572919596488813e-01 2.343168492107904066e-01 5.148779387183483047e-01 3.421837461311283968e-01 3.275066088785576479e-01
