4.750000000000000000e+02 6.144739230179365741e-01 5.451471359450885679e-01 3.176376335996352052e-01 4.805857665930695077e-01 8.096895465430496985e-01 6.487144527366246471e-01 6.759949657679149571e-01 6.496552981381801262e-01 4.846645916240491236e-01 3.687109224767915472e-01
4.760000000000000000e+02 5.565589952391238882e-01 5.306245477580344705e-01 3.973405454861516639e-01 7.793815457449823070e-01 6.855335053938564904e-01 6.699335811505712224e-01 6.329755356804305233e-01 5.244571255335183091e-01 3.544480536939590420e-01 4.872137661631500971e-01
5.240000000000000000e+02 6.734187930714379267e-01 6.604864780651082956e-01 5.688098733422588538e-01 5.093643726632687274e-01 4.970807259041127302e-01 3.961659619153182210e-01 5.356428710233688273e-01 6.803039877291587878e-01 5.055488488329437091e-01 4.598027888124465168e-01
5.890000000000000000e+02 7.492469855520645927e-01 6.525587667846763917e-01 4.946940696325729525e-01 5.066328797190677857e-01 4.671089628453496956e-01 5.765367735180892961e-01 5.467466959958603434e-01 5.222521447467984856e-01 4.478412483234353036e-01 4.966516071594576087e-01
5.900000000000000000e+02 6.677663635003577847e-01 6.653203447848970997e-01 4.599811062871003164e-01 4.829662031685186263e-01 6.403448714649103701e-01 5.907892817524732498e-01 4.949392394899304048e-01 5.060689691862509942e-01 5.145343175549093040e-01 4.608999423822021102e-01
5.920000000000000000e+02 6.380053833880938718e-01 5.997564953921419306e-01 5.924679028343379228e-01 6.283374070900987762e-01 5.791469309654954101e-01 4.976161515899166221e-01 5.373677855221904442e-01 5.086951039075806591e-01 4.342650481528896322e-01 5.206082493987477244e-01
8.000000000000000000e+02 6.875058276051302375e-01 6.874104626700224818e-01 5.138259938356094514e-01 6.004641810800537272e-01 5.888097680801215317e-01 5.728816495559272415e-01 4.558402975421614878e-01 4.373311735984312110e-01 4.258236701509268141e-01 5.045836440465309991e-01
1.526000000000000000e+03 4.849208358507133831e-01 4.360850425512989847e-01 6.397310661049221414e-01 6.736753196532013765e-01 6.091785779597251871e-01 6.800538171511036900e-01 7.268062664023884345e-01 6.058325080102493487e-01 4.815746735076321117e-01 3.961932548548495747e-01
1.977000000000000000e+03 5.984663305629220886e-01 5.613838281058267654e-01 5.228808780568181547e-01 4.866454927005295361e-01 5.546300249856865872e-01 5.146042200793594645e-01 6.476156044651870669e-01 6.181892366837654640e-01 5.212618857789188542e-01 5.241889100811302216e-01
1.978000000000000000e+03 5.690491404631722316e-01 6.616150537201743731e-01 4.017683865379877428e-01 5.375158314453977182e-01 5.487709668594314971e-01 6.440113060936880629e-01 5.876148995622052507e-01 5.645866692649328389e-01 5.213686103306998110e-01 4.865459387841407635e-01
1.979000000000000000e+03 6.493175468431482411e-01 5.750032249524322792e-01 4.512255274864869214e-01 5.216434202175492807e-01 6.670810712313219870e-01 5.836518160093896457e-01 5.022984368260374755e-01 5.546580600885629986e-01 4.718330952698464587e-01 5.254796243654278332e-01
2.405000000000000000e+03 6.047907132237360095e-01 5.273391585538634851e-01 2.480856860546729326e-01 3.579330040140150659e-01 6.718601947205951053e-01 6.334762018073730738e-01 7.218184694487975728e-01 6.953745831531311650e-01 5.712531818040523790e-01 4.978844868271034008e-01
2.494000000000000000e+03 7.378095422908490519e-01 7.156808378226119371e-01 4.040198303797237767e-01 4.396080653330300403e-01 5.010993477479360747e-01 4.148800485986481323e-01 6.535901571923599107e-01 5.826227292400422142e-01 6.283416743767948898e-01 3.707145134815745813e-01
2.495000000000000000e+03 7.306647122821385842e-01 6.152993159602480056e-01 3.915262965194142852e-01 5.260301716893592827e-01 4.902012711389060473e-01 6.906003341392363826e-01 5.904647724246372409e-01 7.268335026431894663e-01 3.866753048679600346e-01 3.726481937437753911e-01
2.496000000000000000e+03 6.340462110221686265e-01 5.970796323314281340e-01 4.816533750105344014e-01 5.029953396193239668e-01 7.528043483379542877e-01 6.249383466782055807e-01 7.673612103035015730e-01 4.333267378944304915e-01 3.781967980653346273e-01 4.522385224245203394e-01
2.663000000000000000e+03 5.413707948932203751e-01 6.161502160751943791e-01 4.453343444298387133e-01 3.704674316023439662e-01 7.924901703139631826e-01 4.995534536246071800e-01 6.985993826594035783e-01 6.339820354322918128e-01 6.057566604416355638e-01 3.914794113857711921e-01
2.664000000000000000e+03 6.113222512454575819e-01 6.050866737577538235e-01 2.502113279385816402e-01 7.526752683261734855e-01 5.252159996611041048e-01 6.772881228453380142e-01 5.983689633122504237e-01 6.549033664825547607e-01 3.705731685678705922e-01 4.792674431137401436e-01
2.676000000000000000e+03 7.359559450519994606e-01 6.657593353292806659e-01 4.026290897830709370e-01 4.356103701630195113e-01 5.431415477223242583e-01 6.568987022785288676e-01 4.077683892578061187e-01 6.477141387668364780e-01 4.929274595269557135e-01 4.388439719844924314e-01
2.677000000000000000e+03 6.740001009398934873e-01 5.995676637882709770e-01 3.638006118887535112e-01 5.467850581843801683e-01 7.126324129837984245e-01 4.683767684011654331e-01 6.533655545837586676e-01 5.510904302705045277e-01 4.452735837321150636e-01 4.986484108601276777e-01
2.678000000000000000e+03 6.101503544428974468e-01 5.674990028116750906e-01 4.890337842003286695e-01 6.972109541285507195e-01 5.145433189087704751e-01 6.608557591623471783e-01 5.123492067813789630e-01 4.872587944437126173e-01 5.030324702016718552e-01 4.912347372263871081e-01
2.912000000000000000e+03 3.911832652565300772e-01 4.126731183790836033e-01 3.573334206746732744e-01 3.516304322191323717e-01 7.763751633782715045e-01 8.002362653757904010e-01 8.342948075888985127e-01 8.519361047860843916e-01 6.041882163549721074e-01 3.631431447926654621e-01
2.913000000000000000e+03 4.384816483772466800e-01 5.534591512947172331e-01 2.354048226556211543e-01 7.444137036776014016e-01 8.331633047533675285e-01 7.959735049697411746e-01 8.993064335279649102e-01 6.596852556698340475e-01 3.453858038583707546e-01 2.706297312157942558e-01
3.056000000000000000e+03 4.428609478283169754e-01 5.790510609488274119e-01 5.326693938848543475e-01 5.316101565879056690e-01 7.293449332917940620e-01 6.838747267155392828e-01 5.034015365446052881e-01 5.723891090818382654e-01 6.246556188737332205e-01 4.173402956990168167e-01
3.323000000000000000e+03 6.724070167941499365e-01 6.327085652762715062e-01 4.056813694341455112e-01 5.277551549922152585e-01 4.898384749720010589e-01 4.014641853688613593e-01 6.718609118390626023e-01 6.352145225515370974e-01 5.240346082189081267e-01 5.139434395449750115e-01
3.324000000000000000e+03 6.375110225715922008e-01 5.928411564412012780e-01 4.629975345025758027e-01 4.857012120268094924e-01 4.451612479554356572e-01 6.736071595584073313e-01 6.222040025294435228e-01 5.765531618619573750e-01 5.177636046171296691e-01 5.050196928549447462e-01
3.678000000000000000e+03 1.459044939176473432e-01 0.000000000000000000e+00 5.728967534561069108e-02 6.080500740527782222e-01 9.279448599500234041e-01 7.637843386805253099e-01 9.748708309000699845e-01 1.000000000000000000e+00 7.734323350978256073e-01 5.759061112729316756e-01
3.679000000000000000e+03 0.000000000000000000e+00 2.668135115045460193e-01 4.026147051410165489e-01 7.652799729245044480e-01 6.682534317857202755e-01 7.819596570273843472e-01 9.392682983325223445e-01 7.388882502502148730e-01 4.768550193827466588e-01 8.199649705010437772e-01
3.935000000000000000e+03 8.567162505944799777e-01 7.972892524807668746e-01 3.005007468938189485e-01 4.370175552533406282e-01 5.407133942066952859e-01 4.804116013398044838e-01 6.554614180147965152e-01 5.295306706280908937e-01 4.659695003766999855e-01 3.450184219994579804e-01
4.409000000000000000e+03 5.604225804855884618e-01 4.075533707372886449e-01 4.681366628281051767e-01 4.541035960627265999e-01 5.598463072710362365e-01 7.446521402592531924e-01 9.647478214424848320e-01 7.281349400723940990e-01 3.824769636570549136e-01 4.568029084091794201e-01
4.481000000000000000e+03 8.131540893582849261e-01 5.673421570406589343e-01 1.325776048576403632e-01 3.010057200130799027e-01 6.406580223362313697e-01 6.083696553410949948e-01 7.839713248343308516e-01 6.541368655985863034e-01 5.542104025450044213e-01 3.998226656687829395e-01
4.620000000000000000e+03 5.228690183350450660e-01 3.989878266997241019e-01 5.233047916884533413e-01 4.994485932664957661e-01 5.914256191735701718e-01 8.233569724020339820e-01 5.588076402842033774e-01 5.606929336598187597e-01 6.139181155729834805e-01 5.166304198184598073e-01
4.621000000000000000e+03 4.328092503646239209e-01 6.682497296224073624e-01 4.271789858202745815e-01 5.800861462058167772e-01 8.662804860370760807e-01 5.796620177289172338e-01 5.209633610721891017e-01 6.799788690743121533e-01 5.198438888667414881e-01 3.500839391053630623e-01
4.742000000000000000e+03 5.376769074647774760e-01 6.398692233042080346e-01 4.640248616742115306e-01 5.377567373508684856e-01 6.419327557788793159e-01 5.567086623333824535e-01 6.761124631565542664e-01 5.807891829546736329e-01 5.291836345269357311e-01 4.268363314035728551e-01
4.743000000000000000e+03 6.245120292248400595e-01 6.086041956847719758e-01 4.411875359202083180e-01 6.005319414638989883e-01 5.707781064781730640e-01 6.471875923519915252e-01 5.130074253445494614e-01 5.555263956462915820e-01 3.999854573120631973e-01 5.492638051519107556e-01
4.752000000000000000e+03 6.559687007298299344e-01 6.382507236539767259e-01 6.067748775331318623e-01 5.957494151477343847e-01 6.334718655262113751e-01 5.897774318614844580e-01 4.432533611425779063e-01 4.382078429358007843e-01 4.229777771478115955e-01 4.972647093489556136e-01
4.873000000000000000e+03 5.569322993575145375e-01 6.237934110812038968e-01 6.439122536568447908e-01 5.472839008872545374e-01 5.336688892475366375e-01 6.319782064198382621e-01 5.436982393696274674e-01 4.767854617515412952e-01 4.568822413464103116e-01 5.524613280112886660e-01
4.874000000000000000e+03 6.165439872497777696e-01 7.319527879600422615e-01 4.635119599194773010e-01 5.077743249814276050e-01 6.553706755270133355e-01 5.479330276520453236e-01 3.850720344059854194e-01 4.801197534149535540e-01 5.436600979189711857e-01 5.103559160758277535e-01
5.056000000000000000e+03 2.114320336255667565e-01 2.739601579588832325e-01 2.802116173514922898e-02 6.472262995361263149e-01 8.342897049829756106e-01 1.000000000000000000e+00 1.000000000000000000e+00 6.015320923876336101e-01 5.422269717332591776e-01 6.431765627989722844e-01
5.057000000000000000e+03 2.527516124391681052e-01 2.656793324538044843e-01 4.781912912218663769e-01 7.011442180455674800e-01 9.278602099330274244e-01 8.273013420204889945e-01 4.385445617255908091e-01 4.944318153658121551e-01 5.686659270533923616e-01 7.342053742296708041e-01
5.064000000000000000e+03 4.654309239574079826e-01 5.439181022471216709e-01 6.035574878870368920e-01 5.180555575555779724e-01 9.113676149445162356e-01 7.171710173951076905e-01 4.290881559138034484e-01 3.930154662974775226e-01 5.629469146332471974e-01 4.813730582695285865e-01
5.170000000000000000e+03 9.193228913995811213e-01 5.186800502058188655e-01 3.702611078924001320e-01 5.186407371199086569e-01 4.941215797605090221e-01 6.106265674764411733e-01 4.781492126331300385e-01 7.067853378332183967e-01 4.388793863755153790e-01 3.663558472143239042e-01
5.568000000000000000e+03 3.336851656207600048e-01 6.597922110493316117e-01 3.897894940255876572e-01 4.299900810688879749e-01 7.304525881034653612e-01 5.460382225965223491e-01 6.933934303002560195e-01 7.108089115355291643e-01 6.235059172017967111e-01 5.017648372195409046e-01
5.569000000000000000e+03 6.315039456746903701e-01 5.487668586963724282e-01 2.915086615103814616e-01 6.683935400085998513e-01 5.441220054018112151e-01 6.452551221262416981e-01 6.674544846154316646e-01 6.502941733085414455e-01 4.688237806667691077e-01 4.313071770598677634e-01
6.287000000000000000e+03 7.479469704005958786e-01 5.995467597544823501e-01 3.307479853921244106e-01 4.423606784340414766e-01 5.638327492575253563e-01 5.136848407375107506e-01 8.094731392081345733e-01 6.693192270707317704e-01 4.925878145776474981e-01 3.628573027070549628e-01
6.288000000000000000e+03 6.321151371587244716e-01 5.711652887406797330e-01 4.001793789851464944e-01 5.893909685781177910e-01 5.938801257791723742e-01 8.235640556557379810e-01 7.126015861363964587e-01 5.730813631619776638e-01 3.817055081654784354e-01 3.540273711676071855e-01
6.511000000000000000e+03 6.145952225185477014e-01 6.688013381854550632e-01 4.525528570696001340e-01 5.266021382912399185e-01 6.482707730312593508e-01 5.659640530181105911e-01 3.919206248466712283e-01 5.737435016997944892e-01 4.681696093841704043e-01 5.485947818768784900e-01
