4.730000000000000000e+02 6.828497184372275264e-01 6.435942384018389362e-01 3.979925287704770831e-01 3.973978157027142633e-01 3.832443334377489963e-01 4.158803874630191966e-01 7.532977242278254826e-01 6.268981526644505919e-01 5.894545081257598351e-01 5.595867308091128089e-01
4.740000000000000000e+02 6.516393160757988356e-01 5.931380459495373403e-01 3.118154996589226347e-01 3.922377975671094696e-01 4.666812491595837553e-01 7.477145652601365766e-01 6.197758267661330756e-01 6.590601268654331379e-01 5.729833893551802282e-01 4.707223775184809500e-01
1.525000000000000000e+03 5.031394715762106395e-01 4.664188387926920254e-01 1.768601412593120148e-01 6.833649271949955306e-01 7.017079052723078636e-01 5.769933047872373155e-01 6.939590924385187209e-01 7.238673758345335330e-01 5.583507614786522577e-01 4.889959538333147337e-01
1.975000000000000000e+03 5.935877296140003034e-01 6.033673128686690701e-01 4.347867896176745295e-01 4.710196768826288016e-01 6.188974485377011225e-01 4.790141735381985844e-01 5.126966998981754564e-01 5.569657644808542196e-01 6.160553317364152459e-01 5.758217862879771998e-01
1.976000000000000000e+03 6.009515817020445461e-01 5.991500638009065183e-01 3.743372407002872326e-01 5.909519734040025174e-01 5.058797123185302391e-01 5.259259903450833606e-01 4.966545206817603586e-01 6.679540960591954235e-01 5.717247516937935536e-01 5.280300526239318781e-01
2.403000000000000000e+03 6.361322048617925606e-01 6.098975061551317189e-01 4.394430930927595291e-01 4.226151500497452029e-01 3.733537474226764630e-01 3.361580446683038459e-01 6.485354893595380865e-01 6.598356708339284671e-01 6.592545231054872668e-01 6.328958226008571941e-01
2.404000000000000000e+03 6.070199909538829264e-01 6.025919180726230229e-01 3.158983058595047910e-01 3.611185736377361399e-01 3.636157254271465411e-01 6.379919251820886927e-01 6.351838915904074456e-01 7.186185256959828349e-01 6.341700495875015609e-01 5.703357675601605781e-01
2.660000000000000000e+03 5.779117905678925471e-01 6.339154287627580819e-01 3.353590993591191172e-01 4.470420842505151704e-01 5.749349416685833880e-01 5.343518444088776187e-01 3.167333036344294195e-01 7.944867861657175512e-01 5.164594343872730420e-01 6.541019924194433344e-01
2.661000000000000000e+03 6.199040038056987667e-01 5.260345671882054042e-01 3.315334677938880925e-01 5.385592131127259208e-01 5.493366650098648885e-01 3.533276504093915138e-01 8.002266262387613960e-01 5.415839758807605708e-01 6.473669290540288168e-01 5.869974464695641991e-01
2.662000000000000000e+03 5.291746529015703970e-01 5.273418379293902669e-01 4.490709575113741026e-01 5.193681522966400177e-01 3.735340122809598373e-01 7.550821562904336259e-01 4.678467626521781164e-01 6.981144388248710086e-01 5.785620227200685139e-01 5.995761514364826850e-01
2.909000000000000000e+03 6.475592238680206725e-01 4.054038239667241972e-01 1.550037955117870569e-01 3.020267659457306908e-01 3.784603738178986543e-01 5.363385015115365029e-01 3.877646325705519370e-01 8.526891327234166207e-01 8.151377830701086458e-01 7.924163197420643900e-01
2.910000000000000000e+03 4.068239425545476795e-01 3.933913725338301637e-01 1.299134574375511997e-01 3.340492567005736158e-01 5.294773804709708154e-01 3.898710507165931705e-01 8.511089455873560583e-01 8.677565044025349339e-01 7.800682285634479296e-01 8.018196827875840871e-01
2.911000000000000000e+03 3.894077548177822257e-01 3.691953070749101062e-01 1.565604691605479992e-01 4.652404979819484421e-01 3.724451899982136327e-01 7.583747137160332663e-01 8.577106818771097485e-01 8.170219090297122788e-01 7.815325481371521166e-01 6.120349044191734089e-01
2.922000000000000000e+03 7.896477960380184902e-01 4.903435003076393461e-01 3.033001340905999710e-01 4.749796947954141868e-01 4.279841820031722310e-01 3.949990057419567324e-01 5.258375001603151633e-01 7.785034146734081117e-01 5.221339773447033483e-01 6.477575654895886270e-01
2.923000000000000000e+03 5.040761710598260503e-01 5.159840613841022439e-01 3.821911648300333475e-01 4.143008639040255958e-01 4.245024199355444949e-01 5.393567647158032941e-01 7.967263575580330048e-01 5.613568160475589375e-01 6.519453585665490047e-01 7.231110390269328558e-01
2.924000000000000000e+03 5.101359532769174088e-01 5.482965870631584249e-01 2.792189441242931558e-01 3.873860078972236054e-01 5.434627552083752811e-01 7.360148312811951588e-01 4.748450306031662405e-01 6.887577322387455903e-01 7.136393833990279933e-01 5.767866020411037686e-01
3.052000000000000000e+03 7.411808257715755133e-01 5.726640969085320387e-01 3.931834752543336142e-01 4.857212122270631594e-01 2.838646703426168649e-01 4.684401434157835498e-01 5.796681575504887274e-01 5.520147093821062834e-01 6.521342802046737885e-01 6.364235518585741325e-01
3.055000000000000000e+03 5.777089418011642774e-01 4.114078921155043811e-01 3.870361037150923389e-01 5.869455101895565408e-01 5.410361360780627793e-01 6.877643303781102446e-01 6.871968279839515414e-01 5.487195548923819999e-01 5.222594103511717378e-01 6.139466969151059494e-01
3.079000000000000000e+03 7.085012839273125973e-01 6.019762827360010116e-01 4.810965849196957578e-01 1.912302603595939787e-01 3.254832899311100869e-01 3.907442399322788029e-01 5.439514756607382040e-01 7.059609322738790160e-01 6.288312848909236585e-01 7.588876735639724647e-01
3.080000000000000000e+03 5.865417097312463079e-01 6.139660370722134219e-01 9.813940518378042044e-03 2.967494149129155101e-01 3.973556924015858027e-01 5.311328924622794601e-01 6.711986502602969029e-01 6.640900469850899990e-01 7.542990660681248016e-01 7.826963720145253545e-01
3.081000000000000000e+03 6.022732096136288460e-01 3.151633984731326277e-01 1.477352506506524055e-01 3.717090479399675629e-01 5.457439387359761529e-01 6.436815145518975934e-01 6.251737018891366793e-01 8.170881869862822722e-01 7.866490352842918643e-01 5.987276121132970585e-01
3.606000000000000000e+03 6.149786830639710766e-01 5.903779962844771800e-01 2.524344376556415526e-01 2.747233615542909457e-01 2.097466479502377301e-01 4.694887745954717251e-01 6.361330566080051208e-01 5.400448765528241823e-01 6.855304832587518771e-01 1.000000000000000000e+00
3.607000000000000000e+03 5.637689251745355845e-01 4.516976002788146149e-01 8.949627810242852255e-02 1.702173614214885777e-01 4.564490898032265709e-01 5.869844304336373497e-01 4.252892906390053351e-01 7.117943722407955587e-01 1.000000000000000000e+00 8.071200290352674722e-01
3.680000000000000000e+03 2.104231733560478490e-01 4.645435488367829491e-01 5.551145747634282923e-01 4.921155615391289428e-01 6.529298975419604023e-01 7.193786414340102020e-01 5.511545607461492136e-01 3.670605611532735124e-01 7.138870478109680118e-01 8.749941942749727142e-01
3.681000000000000000e+03 3.990475748581507887e-01 5.829298917589376128e-01 2.557478068304916419e-01 5.037730652760473715e-01 6.186292702525835185e-01 4.309771852451305119e-01 9.015013736741013528e-02 6.652040865113272305e-01 7.952371399776428929e-01 9.242730698970681447e-01
3.682000000000000000e+03 5.226491437079479052e-01 4.144054100154949127e-01 3.071737657337754168e-01 5.025016559534104532e-01 3.646420438559437871e-01 8.716686859425344658e-02 5.268661692425208321e-01 7.891666270732424771e-01 8.746788816691584145e-01 9.179441939827356345e-01
3.696000000000000000e+03 5.550546965293552404e-01 3.302935529985022156e-01 1.797043458568862995e-01 3.435396849281028842e-01 6.455174961968213054e-01 6.154010499771789267e-01 5.054833973673721337e-01 8.455887268056403450e-01 8.025656506412224278e-01 6.195510330974847157e-01
3.750000000000000000e+03 6.226962551042951599e-01 5.792490754973638190e-01 4.444772563061689108e-01 3.596480157019356638e-01 3.231548701622654063e-01 4.089243334993568624e-01 7.459909955747691113e-01 8.637961509587387399e-01 5.967452798256170921e-01 5.442028285887531291e-01
3.814000000000000000e+03 8.488625636601271340e-01 5.093244160219365657e-01 3.162152864715829237e-01 4.712474988681208954e-01 3.771002346262681271e-01 2.973360180900208039e-01 7.164802677534816144e-01 6.609392972837251357e-01 5.324404571462069136e-01 6.375009561701766581e-01
3.816000000000000000e+03 5.404361694659993720e-01 5.718138338202676252e-01 2.616303351101348373e-01 3.290571223260430611e-01 7.358635188807116645e-01 6.428883351088556797e-01 5.344953298880731341e-01 7.086518903826649618e-01 5.125651544851863584e-01 6.400290395736487614e-01
3.817000000000000000e+03 5.670584927444631829e-01 4.797983793635975380e-01 1.898276924107594743e-01 6.913283680896424865e-01 6.597865803095238624e-01 5.339237863709445087e-01 6.877390234200927432e-01 5.388709591371124707e-01 6.336592335839433821e-01 5.338028827427989675e-01
3.941000000000000000e+03 7.462449236161705635e-01 6.503205921047172655e-01 4.685572910308719030e-01 3.737482997196094336e-01 5.030333955210288810e-01 5.395375729564036993e-01 5.711110283948660493e-01 4.963716993447520043e-01 5.613423550092412340e-01 5.212000269551159137e-01
4.407000000000000000e+03 7.714800908305097238e-01 7.819251846032458930e-01 2.560661223665099406e-01 1.861730642534048796e-01 4.734596139440399032e-01 3.471820490179213237e-01 4.001383921473815608e-01 6.764052020057251813e-01 7.420379605712886795e-01 5.919944615717019909e-01
4.417000000000000000e+03 6.537822237156012406e-01 7.215010692327791242e-01 2.630625389308861029e-01 3.304287057288673446e-01 6.288647402736244896e-01 4.034561312331813587e-01 6.514248609767155918e-01 6.019979901334463479e-01 6.259071456060683047e-01 5.311894138595434356e-01
4.418000000000000000e+03 7.010230933423166055e-01 4.846569763606934367e-01 1.975584851099453088e-01 5.960326204622735657e-01 4.258285722196881729e-01 6.352209668816706234e-01 5.514520286864805776e-01 6.752373441082452077e-01 5.196967411023343253e-01 6.220887578286830033e-01
4.420000000000000000e+03 4.497828222325607195e-01 6.430218662921652895e-01 2.754686252024226567e-01 6.114242621186515292e-01 5.633291670581809241e-01 6.214514627788192414e-01 4.696853207559728571e-01 6.554036397473107511e-01 6.160623198083664542e-01 5.719837372303917533e-01
4.469000000000000000e+03 5.224126644408675357e-01 4.535979589212211782e-01 3.265604517199942602e-01 4.581570964942602853e-01 7.101309315933850286e-01 5.870115091761759496e-01 4.862282644660309572e-01 7.373024349058412419e-01 6.091616432768781619e-01 6.094675626595426055e-01
4.470000000000000000e+03 4.628132812884596659e-01 5.204228758874772653e-01 3.452190863473748594e-01 6.654233139188818758e-01 6.020645696990336582e-01 4.924562106938931150e-01 7.237947363613128626e-01 6.492014933226677442e-01 5.990043914508879075e-01 5.263383551739179156e-01
4.480000000000000000e+03 7.853720272871910213e-01 8.071563493860268723e-01 3.257871753357037825e-01 2.245439903063140563e-01 2.581239034405347632e-01 5.611541184706037022e-01 5.490072542686211809e-01 7.231867254038537585e-01 5.628726814975906212e-01 5.218207611263463441e-01
4.617000000000000000e+03 5.249508931269142309e-01 5.087729490220499473e-01 1.634380498460598907e-01 4.868151577167793564e-01 3.523499520479713709e-01 6.742209644732745089e-01 5.713106647537847804e-01 6.766820410693537013e-01 8.272245993353400939e-01 6.229795854447874870e-01
4.618000000000000000e+03 5.062704801212585259e-01 4.096182571202660050e-01 3.719420772111208806e-01 3.232663671102015690e-01 6.819362077051004389e-01 5.550080346244298246e-01 6.337817222997151889e-01 8.954237652323253638e-01 6.079820070185006919e-01 5.752486115715880199e-01
4.619000000000000000e+03 4.118554355479316920e-01 5.351468700456423200e-01 1.582174085736274272e-01 6.202798634259037991e-01 5.502512354143623829e-01 5.935689158709106517e-01 9.109152526635886371e-01 6.297258234410098021e-01 5.462977123032811688e-01 6.356644665548867312e-01
4.740000000000000000e+03 5.505308757506534034e-01 5.265428184164769876e-01 3.328851141755414522e-01 5.750824721054783595e-01 5.725855941790300996e-01 5.385599776352710810e-01 6.252733558470473518e-01 5.998653359583450140e-01 6.383765160705265895e-01 5.498094472919479170e-01
4.741000000000000000e+03 5.287590934825846523e-01 5.272314366577378619e-01 4.921116881983893521e-01 5.399182852630891594e-01 5.573365414569619869e-01 6.102040319919375122e-01 5.442722782126112602e-01 6.864607537101016232e-01 5.371378953799705869e-01 5.331481143442821091e-01
4.748000000000000000e+03 6.851514646847265411e-01 6.101780318441498707e-01 4.346347478242237328e-01 3.776784275643770838e-01 5.739536357995440596e-01 5.091805610230433210e-01 6.106265115090730999e-01 5.785854015362668079e-01 5.464412631270786358e-01 5.404270525121006585e-01
4.878000000000000000e+03 6.629499780527031705e-01 6.147395445385933632e-01 3.137835906392370533e-01 4.280588605331557828e-01 5.593514562422164937e-01 4.775987452507640119e-01 5.491444821506813456e-01 5.530362633047382070e-01 6.850568383047879184e-01 5.584742628165938472e-01
4.879000000000000000e+03 6.198495253234642677e-01 5.310500057168456856e-01 3.376929544017747697e-01 5.481108078268884798e-01 5.183069569030093193e-01 5.697415514483925580e-01 5.082863447877782326e-01 7.607893055123621240e-01 5.637762483031557581e-01 5.143081929769250937e-01
5.053000000000000000e+03 7.204381742010829148e-01 5.965118589287189410e-01 1.324108341208467821e-01 0.000000000000000000e+00 1.474854897156808731e-01 2.042342016903703483e-01 7.194257944731131671e-01 8.649240090320338137e-01 9.369927198679364189e-01 8.585133182272667307e-01
5.060000000000000000e+03 5.990246737727662474e-01 7.417371045934366691e-01 5.714358286688600019e-01 2.960561365021616154e-01 2.837218573675844846e-01 3.858484684258543518e-01 6.115350673437448537e-01 5.067033892852066401e-01 7.663515421258239035e-01 6.346100139446969601e-01
5.115000000000000000e+03 5.516174815098642270e-01 5.518378402945777195e-01 4.002170081115631328e-01 5.177563334607452328e-01 4.382446617418793156e-01 4.601415967770084436e-01 5.273519100499409751e-01 4.097563634767129037e-01 7.519022407075341974e-01 7.807923135922212321e-01
5.116000000000000000e+03 5.226061904715082473e-01 5.384005313816279115e-01 3.720325052561250234e-01 3.731041160979755023e-01 4.353311388736897380e-01 4.860529978735640966e-01 2.368171622759041861e-01 7.777337258922645269e-01 7.529781404068038864e-01 8.144810961508371916e-01
5.117000000000000000e+03 5.199942134896126111e-01 5.306269222105326477e-01 2.119267990253810019e-01 3.835258867159299090e-01 4.752392178582421911e-01 2.621971725132855591e-01 7.458591801174343505e-01 7.919988177472094826e-01 8.007448394553398074e-01 6.929498796353713574e-01
5.118000000000000000e+03 5.139917704902171591e-01 4.280665009586293590e-01 2.259735358300457020e-01 4.220017787518051122e-01 2.530358079076944766e-01 6.803382395714029363e-01 7.663983514628807114e-01 8.484229451348722639e-01 6.699519383945888862e-01 6.825336963048633798e-01
5.119000000000000000e+03 4.257071916856608462e-01 4.382763504098647900e-01 2.746169460809303464e-01 2.153628608177304005e-01 6.718620361408120800e-01 6.987259554485827362e-01 8.437620859386419925e-01 6.983455272578534823e-01 6.598853577507425294e-01 6.661598983197487556e-01
5.120000000000000000e+03 4.216444871982500398e-01 4.547945719086442518e-01 0.000000000000000000e+00 5.884368479080912540e-01 6.697561575216091079e-01 7.415353557515507177e-01 6.181776239887619706e-01 6.680854397233610964e-01 6.260976496276441372e-01 7.007396392308163913e-01
5.566000000000000000e+03 3.715592045615743744e-01 3.920975805779141066e-01 6.647238114165313072e-02 6.801704775638013345e-01 5.923539480246492461e-01 5.080024336584731959e-01 8.374877062433028208e-01 6.673801525175444560e-01 7.164829410136328569e-01 7.146784653089999217e-01
5.567000000000000000e+03 3.810697331829814294e-01 3.199752762880406221e-01 5.650438720053136965e-01 5.134421126211027309e-01 4.789628906767607330e-01 7.357328608620581356e-01 5.760056170267138231e-01 7.329702500802501852e-01 6.781173295385714006e-01 6.465933205022288410e-01
6.286000000000000000e+03 7.362180815542682666e-01 7.345034673722018459e-01 3.783094177985193984e-01 3.887819221722530472e-01 4.108991439914298494e-01 4.870750441717050516e-01 4.370555494762117799e-01 7.445097917180287794e-01 5.779218596107124073e-01 4.670721356287543258e-01
6.681000000000000000e+03 7.472496947852719229e-01 6.318395774541007981e-01 3.739824686227792294e-01 4.618224072276607695e-01 3.399695107056489585e-01 5.487556344201696135e-01 4.161911741488519834e-01 6.745219033325920988e-01 6.445130933398652839e-01 5.127982512182968078e-01
