6.630000000000000000e+02 4.706416375105855754e-01 5.629661102300324016e-01 5.920646725547288325e-01 4.946185456607720132e-01 4.843896599269833514e-01 3.798625514257830127e-01 4.034728235733920365e-01 3.202290716768759760e-01 3.284411627984494264e-01 4.089590533991790955e-01
1.987000000000000000e+03 4.367934362315067931e-01 6.059453907646707993e-01 6.637422697054741194e-01 5.222725258610289023e-01 5.034037229716391559e-01 5.474979346300733463e-01 2.818944436587889069e-01 2.422701848999068153e-01 2.843204833216074756e-01 3.753973720317685947e-01
2.667000000000000000e+03 4.149952627801279936e-01 3.928090899567628913e-01 5.466964881397223808e-01 4.897872188046260011e-01 5.567881004159171976e-01 3.233150688092829572e-01 5.672536072778443517e-01 5.425968834785588335e-01 2.605292098478344531e-01 4.190501458647686306e-01
2.831000000000000000e+03 3.992211829117668365e-01 4.666624192108350666e-01 5.693003676996247764e-01 7.834896074934160071e-01 6.846874714211407253e-01 4.210526337162685540e-01 2.865369518279951566e-01 3.314834073354798183e-01 2.611675869712639653e-01 3.284229917993037873e-01
2.832000000000000000e+03 3.744675744535715389e-01 5.673027953772254994e-01 7.894168461233872502e-01 6.925293114530315375e-01 4.594171304561342484e-01 1.887399801352126760e-01 3.181166536649427390e-01 2.361449366347412593e-01 2.819652262265088805e-01 4.923036583747413819e-01
2.917000000000000000e+03 5.424607870508132423e-01 6.613396872222626621e-01 7.569548431647162845e-01 6.343985586324580872e-01 4.028733579654086849e-01 3.069914444832307909e-01 1.017069606403424725e-01 2.136897710498541492e-01 3.378696626115090251e-01 3.954820828763469520e-01
2.918000000000000000e+03 6.072213047331171953e-01 7.552313598860610488e-01 6.845314576059841061e-01 4.500416597030451604e-01 3.782645137560514681e-01 2.276790461932777510e-03 2.114750834974820359e-01 3.396115580198287298e-01 3.644926713730083367e-01 4.673203954745607236e-01
3.307000000000000000e+03 4.421099466490578389e-01 5.505461797927526657e-01 4.220602051461456727e-01 5.042096088161444056e-01 4.839720951213624667e-01 4.902667111021725144e-01 4.172614721573457697e-01 3.857336699620000364e-01 4.397714430265408647e-01 3.524091894525849256e-01
3.308000000000000000e+03 4.900055840516661099e-01 4.544213419957687239e-01 5.810596728418693235e-01 5.320652558738158122e-01 5.531269170738114527e-01 3.709302279229926835e-01 4.056717512201528097e-01 4.552503729299096080e-01 3.283585760231593764e-01 3.111380662146807641e-01
3.309000000000000000e+03 3.866349146963259376e-01 6.015683935547080363e-01 6.067016521770846049e-01 6.001850610824531751e-01 4.463418540319654682e-01 3.610584498222993988e-01 4.848743818015704421e-01 3.371964299879522398e-01 2.916484899278363740e-01 3.395420505519476939e-01
3.310000000000000000e+03 5.384895875371239482e-01 6.156788291905783694e-01 6.531376877712126161e-01 4.874199340954551984e-01 4.243061962449350411e-01 4.378858973470047267e-01 3.432630801263996667e-01 2.863104816056866730e-01 3.083941162798201074e-01 3.250182779446522674e-01
3.380000000000000000e+03 4.889444235575470810e-01 6.037936441366545948e-01 4.969525988867792288e-01 4.605846467777005016e-01 4.731420763680301289e-01 4.845549314638129546e-01 3.822333949188291835e-01 3.390962664678183747e-01 3.467929514640116229e-01 3.835211941935822710e-01
3.687000000000000000e+03 2.985707206871579880e-02 4.682309158529898152e-01 6.645524909564965998e-01 8.539134785307859188e-01 1.000000000000000000e+00 4.326558966267789463e-01 2.387462924397771302e-01 5.107588094797748113e-01 2.703064980834078979e-01 1.441057981584039360e-01
3.688000000000000000e+03 3.850535612392277374e-01 6.621364201081871848e-01 8.569986540444760603e-01 1.000000000000000000e+00 4.815367092692097728e-01 1.462152354687021316e-01 5.251275888227801003e-01 2.557840929034574384e-01 1.160771232232402361e-01 0.000000000000000000e+00
3.689000000000000000e+03 6.194674871475992495e-01 8.568585445433921643e-01 1.000000000000000000e+00 5.376660335609576569e-01 2.443900965070158748e-01 5.039009824467994836e-01 2.710607143943190578e-01 1.114248372031467760e-01 0.000000000000000000e+00 1.845396520812334629e-01
3.690000000000000000e+03 8.478591688182350872e-01 1.000000000000000000e+00 6.290223359564511840e-01 3.303310215708460951e-01 5.915495055212210973e-01 2.306780854360038768e-01 1.287638733227172705e-01 0.000000000000000000e+00 1.889458639548511065e-01 3.100355218862823614e-01
3.691000000000000000e+03 1.000000000000000000e+00 6.563826043925115039e-01 4.509516274073625541e-01 6.510937836329314665e-01 3.324593987696042863e-01 5.959970438501446810e-02 0.000000000000000000e+00 1.991965055213860414e-01 3.028318797272624430e-01 6.145707361381461675e-01
4.612000000000000000e+03 3.910599711149563840e-01 4.297398979197643576e-01 7.157339562615869788e-01 8.285944160407328063e-01 7.777203767262734768e-01 3.880143145672864530e-02 2.100687079139069158e-01 2.059515059068065257e-01 4.222839212846895007e-01 4.212329900155523665e-01
4.613000000000000000e+03 3.115450517292681631e-01 6.796600256330261880e-01 8.037412815957148959e-01 7.522144129836701998e-01 7.957536693745867473e-02 7.021775759558242236e-02 1.538632085104514324e-01 3.854955796043627592e-01 3.469883811677174079e-01 7.041035583242239992e-01
4.967000000000000000e+03 5.052557438666477330e-01 6.140867320760960979e-01 6.760233556220700546e-01 6.816788894549163924e-01 4.028691855079981621e-01 1.646280526427901514e-01 2.202867317780022316e-01 2.993545793358172169e-01 4.080723721830926132e-01 3.859814800953844660e-01
5.067000000000000000e+03 2.479236599774439775e-01 6.185098146472446379e-01 5.685073894829179020e-01 3.741506880623647890e-01 3.067271709918812927e-01 5.448021109580460930e-01 5.642832473235992463e-01 5.856672484319606076e-01 4.672055992717264461e-01 1.935698924180011271e-01
5.068000000000000000e+03 5.499178180461760101e-01 5.743629602042118476e-01 4.582262026573031277e-01 3.474822017187673695e-01 5.842414046854566001e-01 5.189502488782682388e-01 6.066635242479719858e-01 4.685456787977383408e-01 1.626276706440345776e-01 2.429525395753039940e-01
5.070000000000000000e+03 4.876001939957729792e-01 5.415257200133927196e-01 7.508487848838423240e-01 7.040066900574770692e-01 7.308685744528770067e-01 5.559636603896167539e-01 2.327139983791213507e-01 2.952292319016421862e-01 2.563200729524349464e-02 2.029815720276145208e-01
5.186000000000000000e+03 3.407626078721169294e-01 5.302240598521336112e-01 5.813889445282542923e-01 5.742093219166669593e-01 5.473226823430213939e-01 4.510386271283148285e-01 3.653194987822227513e-01 4.363972378648116601e-01 4.349573254352429030e-01 2.292576823942868713e-01
5.187000000000000000e+03 4.727978440906079327e-01 6.043295001529870314e-01 6.444580598683702366e-01 5.979859400717381090e-01 5.236276845422923598e-01 3.184543135389980573e-01 4.674743174658361200e-01 4.557581782177226315e-01 2.165478138607641323e-01 1.492743817383151428e-01
5.188000000000000000e+03 5.603318898697929873e-01 6.672226208103319012e-01 6.701633442813560437e-01 5.827848380701849962e-01 4.089213503305371700e-01 4.439681364087920135e-01 4.958484744935056643e-01 2.253061973109812821e-01 1.463964883691077634e-01 2.368166265374085921e-01
5.346000000000000000e+03 3.166156068617160813e-01 4.612740661742109061e-01 4.956751590056798218e-01 5.255392727713265044e-01 4.956035152078290817e-01 5.155886524353433531e-01 4.416900719117867746e-01 4.484603218940921288e-01 4.800212830168463229e-01 3.421563189522622839e-01
5.347000000000000000e+03 3.739080135122986315e-01 5.052339203928832845e-01 5.807903578251283339e-01 5.213390291386960085e-01 5.533184036577423193e-01 3.740276065010370576e-01 4.526485959387149260e-01 4.789404962736411031e-01 3.004544917779568558e-01 3.489340062006633936e-01
5.348000000000000000e+03 4.419984430072862458e-01 6.007837853381481352e-01 5.971903437152570326e-01 5.996492879340733495e-01 4.484407618180697996e-01 4.141761778425789853e-01 5.101278139712661641e-01 3.062951395680182931e-01 3.269656678092865976e-01 2.178229775387545974e-01
5.571000000000000000e+03 1.631707096877486329e-01 4.889674687058502278e-01 4.321211462175125750e-01 5.171763416981904893e-01 5.720134765020387091e-01 5.822994211130531061e-01 5.575951849589052545e-01 5.575263784962488645e-01 3.719429181895788639e-01 3.408040751549654135e-01
5.572000000000000000e+03 3.881609927968039386e-01 4.327298868792149311e-01 5.575361018825575332e-01 5.734371502039864454e-01 5.936351992354493845e-01 4.841027204430037867e-01 5.521231873275584956e-01 3.440254190961750669e-01 2.827058657634986538e-01 3.401100369537905510e-01
5.573000000000000000e+03 3.512570752702924293e-01 5.695545838892877022e-01 6.294235997154512541e-01 6.242304687537985064e-01 5.356963914786223580e-01 5.129644604181022860e-01 3.489592966067838198e-01 2.750016147325863858e-01 3.074340185235373557e-01 3.411801475108806603e-01
5.574000000000000000e+03 4.888075193963251075e-01 6.231527876006881517e-01 6.585498799489520882e-01 5.540373901682743574e-01 5.455813372102491510e-01 2.620231298839157397e-01 2.578473338035868201e-01 2.875984530436709874e-01 2.953498916857500434e-01 4.272978601926861186e-01
5.575000000000000000e+03 5.728666183801691680e-01 6.725901408432867212e-01 6.254041399110638055e-01 5.935998970240603523e-01 3.465272508729401180e-01 1.919154136060959304e-01 3.015913250151268654e-01 3.018789746579544353e-01 4.024667905288186742e-01 3.340228829574479197e-01
5.576000000000000000e+03 6.478304242519447032e-01 6.609682024547303136e-01 6.787501957571786537e-01 4.304060285497292027e-01 3.075986669745604529e-01 2.700921095622527690e-01 3.416124755376665489e-01 4.404336372417357315e-01 3.343563609637320577e-01 2.282458374512907895e-01
5.577000000000000000e+03 6.413012151674367667e-01 7.153965287456761635e-01 5.490324265069390641e-01 4.011129595748277876e-01 3.876742222135897697e-01 3.247173366737328148e-01 5.013141490695751656e-01 3.733025692553456065e-01 2.399219887297652232e-01 2.499807350440658160e-01
5.578000000000000000e+03 7.096315881154486860e-01 6.043274220761802873e-01 5.327238581754221158e-01 4.864641420736675603e-01 4.485073648809677072e-01 5.198503041029448601e-01 4.373872236313527950e-01 2.795728598012748312e-01 2.688053059182491378e-01 1.633487033076667372e-01
5.714000000000000000e+03 4.874393971019045924e-01 4.992344788422322099e-01 4.725299403605149884e-01 4.182019088025380471e-01 4.257543264293416896e-01 3.706230934528811360e-01 4.811523812317318738e-01 4.831545507906221948e-01 5.215285403408467246e-01 2.915195480576698306e-01
5.715000000000000000e+03 4.427982638059982934e-01 5.088447028139019279e-01 5.188397876057497804e-01 4.884547701870459169e-01 4.548103650949501531e-01 4.572653282602390790e-01 5.237926860153714337e-01 5.542650615808746295e-01 2.799069737994582807e-01 2.698617682752615377e-01
