1.030000000000000000e+02 4.977660937095856331e-01 4.681752401161805022e-01 4.596813461544411172e-01 4.893619351245077631e-01 4.854662931460514974e-01 5.260596815404299242e-01 6.096298058799615172e-01 6.493920734183026289e-01 5.664967256498507631e-01 3.209874103711318760e-01
1.040000000000000000e+02 5.059016239559372963e-01 4.776508810942931560e-01 4.874004715793834319e-01 5.970350651570179856e-01 4.893399082082018348e-01 5.726845044784844019e-01 5.882095864951761843e-01 6.908192173629380539e-01 4.205010304608209348e-01 2.803574473517305710e-01
1.050000000000000000e+02 5.229406088138450759e-01 5.140768272866227395e-01 6.145671885490571196e-01 6.107296142175573372e-01 5.430807380706399456e-01 5.638824873749043176e-01 6.514731132073048325e-01 5.229657957047120220e-01 3.936013813818770579e-01 1.997232560861129658e-01
1.060000000000000000e+02 5.550042093970828372e-01 6.345213467985191258e-01 6.302866787874970012e-01 6.581997145645996916e-01 5.362095835497362462e-01 6.304658215686707035e-01 4.485234894151383656e-01 4.909723395176897043e-01 3.238490030138211351e-01 2.111588837311242084e-01
1.070000000000000000e+02 6.560365624595003720e-01 6.464171161681793176e-01 6.784033455399606227e-01 6.493913132133631860e-01 5.926117644571379239e-01 4.168785597120699959e-01 4.061186241810051945e-01 4.028102098585156221e-01 3.314949263147339842e-01 2.717671308679237008e-01
1.080000000000000000e+02 6.724516200393194643e-01 6.988773370149038433e-01 6.765944095332920849e-01 7.054312023874380611e-01 4.092912924998470814e-01 3.821011133293479856e-01 3.076906420491701266e-01 4.193421539442139800e-01 3.903676244304178367e-01 3.233375563430400113e-01
1.090000000000000000e+02 7.127000348138416985e-01 6.915369179101342745e-01 7.310281580850723770e-01 5.409459010347941188e-01 3.717456154842303517e-01 2.732064791790904668e-01 3.209801213557596511e-01 4.857196779566019806e-01 4.308394408573898993e-01 3.898042406602812426e-01
1.100000000000000000e+02 7.080794186887958697e-01 7.446793334673909026e-01 5.557289220393233364e-01 5.103176737093153559e-01 2.763094097029802909e-01 2.894066954358735511e-01 4.040491068072953329e-01 5.371697710651485158e-01 4.905520905276902766e-01 4.181806691188722502e-01
3.080000000000000000e+02 5.038479897900079996e-01 5.571962613610292880e-01 5.319573189758791676e-01 5.300978107275234885e-01 4.327533840869906556e-01 3.395926915862802487e-01 5.406098512057273542e-01 5.662917179918844912e-01 5.626129258690261148e-01 4.442492779697571614e-01
3.090000000000000000e+02 5.606888167412924506e-01 5.203504411042151334e-01 5.044748472734885691e-01 5.264462524629062168e-01 2.936842830282364591e-01 4.691544770550208909e-01 4.562210649416291175e-01 6.603080684440618686e-01 5.071365845101440950e-01 5.042910369893173206e-01
3.170000000000000000e+02 4.396629816813379388e-01 4.782932031240938464e-01 7.330516586241789811e-01 1.000000000000000000e+00 9.171727072440030160e-01 9.004593502513377201e-01 8.153609206346270621e-01 0.000000000000000000e+00 0.000000000000000000e+00 9.306876550983615715e-02
4.340000000000000000e+02 5.131487025497539767e-01 4.035375974902945528e-01 3.324218220755441600e-01 4.767537569179387535e-01 2.947357100524338192e-01 5.068768223384600979e-01 5.496461766296468765e-01 7.077413198550706053e-01 6.356346202746795404e-01 5.791524130865551845e-01
4.370000000000000000e+02 5.120253810503594405e-01 4.298693781124301450e-01 5.742458149496232345e-01 5.729032886645754052e-01 5.588560438073489900e-01 6.883731620210280511e-01 7.369127597220345161e-01 5.984594372689063801e-01 3.128816587501233593e-01 2.145190309492541192e-01
4.830000000000000000e+02 4.409597397306319611e-01 3.208323565016586998e-01 4.860721698852538131e-01 4.946395737125379721e-01 4.941075977654543205e-01 4.398975083726887614e-01 7.061351563540222420e-01 7.495803340390319036e-01 5.485661730636106626e-01 4.060970928617163578e-01
4.840000000000000000e+02 3.608432337659464029e-01 4.805847111540984540e-01 4.698091440143141728e-01 5.827514789290542119e-01 3.871339350095558962e-01 6.441766955584831145e-01 6.825626739453011238e-01 6.465203174040413669e-01 4.765957598960044450e-01 4.057536895644324182e-01
4.870000000000000000e+02 5.327199650735230385e-01 4.281273794425407009e-01 5.998299661271477845e-01 5.966991358248521227e-01 3.950800994293143242e-01 3.391197632647672267e-01 4.101246888333771601e-01 7.368163839599961573e-01 5.430411475116967424e-01 4.053716086032060351e-01
5.370000000000000000e+02 6.420110933587225288e-01 5.240780642675694212e-01 5.441256706087044259e-01 4.365407480120510053e-01 3.117739083227185626e-01 3.890005948168343552e-01 4.958466078038805680e-01 6.241589553883754027e-01 5.409931753508304686e-01 4.705803881864186189e-01
6.000000000000000000e+02 3.973250431896208079e-01 4.803876198188365421e-01 4.636364536135221259e-01 4.811673140858691577e-01 4.060896148493056135e-01 4.606143522092254750e-01 5.255166322261549672e-01 6.463479269636571711e-01 6.011010535761964757e-01 5.699145874880799933e-01
6.020000000000000000e+02 4.467498866830484916e-01 4.132398241312460474e-01 4.415941153328131752e-01 4.680524453545233388e-01 3.589458304372056818e-01 4.411606927888276353e-01 5.871677878772351145e-01 6.932735286976529077e-01 6.300516656884302957e-01 5.406899250755966557e-01
6.030000000000000000e+02 4.296520125365583809e-01 4.266868501440566064e-01 4.282209942671975633e-01 4.537865031140785321e-01 3.742917764651930712e-01 5.057039980621048647e-01 5.990481358260061340e-01 7.333346513456842075e-01 5.836855719834166401e-01 5.178232616825362289e-01
6.040000000000000000e+02 4.475067389299345888e-01 4.215416613035188886e-01 4.207597598006884154e-01 4.743804100656792699e-01 4.404990836618889460e-01 5.274873704169765753e-01 6.568646188691525944e-01 6.844370842323225235e-01 5.700000749455436111e-01 4.345866632640216776e-01
6.050000000000000000e+02 4.472083139543469033e-01 4.193399624040872187e-01 4.480312685201784939e-01 5.364041401082429994e-01 4.655152533297593487e-01 5.933489047322517695e-01 6.035754515116756869e-01 6.726881939283253509e-01 5.014583199289768256e-01 4.129101593772985801e-01
6.060000000000000000e+02 4.402694305036660705e-01 4.390192549129627309e-01 5.084473327171474821e-01 5.521588609314409535e-01 5.176114540779674922e-01 5.307427900020174061e-01 5.819617642149303993e-01 5.830333324886415314e-01 4.776128346745560638e-01 4.637321166328739475e-01
6.190000000000000000e+02 5.663014541239382860e-01 5.380796873024673577e-01 4.767944300701726368e-01 6.182806219556200578e-01 3.987384680883404586e-01 4.967022281381754945e-01 5.287427573221916699e-01 6.167097333479178989e-01 4.564982606128069054e-01 3.511081302607465537e-01
6.200000000000000000e+02 5.633733424000022527e-01 4.907602399140628124e-01 6.231331289314600008e-01 5.189701788905474178e-01 4.596292022558682300e-01 4.852728972758166837e-01 5.448283215718743300e-01 5.534040893875413758e-01 4.443418713467200409e-01 3.827515458864939046e-01
6.210000000000000000e+02 5.248034933008658420e-01 6.306243037310760302e-01 5.186943430147007428e-01 5.740846053434597307e-01 4.521382030498506954e-01 5.049662953141056398e-01 4.709030345125581052e-01 5.409871453570582744e-01 4.739714487341248339e-01 3.587816887356776729e-01
6.220000000000000000e+02 6.414254027723595986e-01 5.284943685171876737e-01 5.737864733720241528e-01 5.636105837482314751e-01 4.651762378277956578e-01 4.234352066929625846e-01 4.508714909334367582e-01 5.731028821981590804e-01 4.496983844166526634e-01 3.502567419224493772e-01
8.080000000000000000e+02 4.508112874444659690e-01 5.345170229352418367e-01 4.958227596581933350e-01 5.678790989907360753e-01 4.446847767696140985e-01 4.847838699868289858e-01 5.237040483561634652e-01 6.163108938076160559e-01 5.079932202812732500e-01 4.310760370506165340e-01
8.090000000000000000e+02 5.501241384483639418e-01 4.967839311737043961e-01 5.561570188134357107e-01 5.470042475910592561e-01 4.353735055491640971e-01 4.649104655507390049e-01 5.296624776994818262e-01 6.042192600817790638e-01 5.042746876752883800e-01 3.558254453482400104e-01
8.200000000000000000e+02 4.746296457849418782e-01 4.625507105849843148e-01 4.585051561086361804e-01 4.578654943731694238e-01 3.664517360007063518e-01 4.665720409940893876e-01 5.312968004093329144e-01 6.244998884467507505e-01 6.178563868088249311e-01 5.533445605999142147e-01
8.280000000000000000e+02 5.459990377437923259e-01 5.215155286776594901e-01 5.411931757136581034e-01 5.716511706099873802e-01 4.808252856245849305e-01 4.870283654747987745e-01 4.381880196999118904e-01 5.629285743858772895e-01 4.984210231593036999e-01 3.879500696490149059e-01
9.230000000000000000e+02 4.182253303754030482e-01 3.836938094258510179e-01 4.103199078852784454e-01 4.945463475537023590e-01 5.372022448370024073e-01 6.071466358088696280e-01 5.933562813668440405e-01 6.298409882473952059e-01 5.298995037010494347e-01 4.991433210622789884e-01
1.536000000000000000e+03 2.690512411084063915e-01 4.904576033683751279e-01 5.321225501798657609e-01 5.809181753032509610e-01 4.658597150247726359e-01 4.687863903664878373e-01 6.499453411672526659e-01 7.399750616924785085e-01 5.160105724723614840e-01 4.024864132333380029e-01
1.537000000000000000e+03 4.861757168021362263e-01 5.002770875248904181e-01 5.375352631302018347e-01 5.350227661759785480e-01 3.861285281852681051e-01 5.559792545008743758e-01 6.416142210026073434e-01 5.828645636217676396e-01 4.538928707553185893e-01 4.164707584071787316e-01
1.538000000000000000e+03 5.202160769971101439e-01 5.353032726066953018e-01 5.201207156678320231e-01 4.957161435131813843e-01 4.983785135668797328e-01 5.858609824904511543e-01 4.883038056259205173e-01 5.375523103538218939e-01 4.910091177462314604e-01 4.007851435413175567e-01
1.539000000000000000e+03 5.526722068752585315e-01 5.217685485848192473e-01 4.807930270373420023e-01 5.956354123173785986e-01 5.283534019017972483e-01 4.311365904141937766e-01 4.367758041931562030e-01 5.857086276695808724e-01 4.796604082688480930e-01 4.146585542126075552e-01
1.540000000000000000e+03 5.326330974835389309e-01 4.750582159720909692e-01 5.778601948520251108e-01 6.117971579715342223e-01 3.786389771574860119e-01 3.654380144379408835e-01 4.830949432539066724e-01 5.618729160549206236e-01 4.835824124348220843e-01 5.356313437961168766e-01
1.541000000000000000e+03 4.810070614131675137e-01 5.525151861855913671e-01 5.807446238642895997e-01 4.689544626955278184e-01 3.044746120219534169e-01 3.959920817273650528e-01 4.374991351864417899e-01 5.528940700465367897e-01 5.777012644918209094e-01 6.299374178780997591e-01
1.558000000000000000e+03 6.785159292287074040e-01 6.391565947018368332e-01 5.176228919450779342e-01 4.327585926879412015e-01 3.847451706090632140e-01 4.627147703602653150e-01 3.824288926857764004e-01 5.224998891120040678e-01 4.716362059176705812e-01 4.932511808026661115e-01
1.663000000000000000e+03 4.279380168601188972e-01 3.465797086161482854e-01 4.524671923819461594e-01 6.135829206938414604e-01 5.638458756711000053e-01 3.905058932783934678e-01 4.312954158229198587e-01 8.004225139887445328e-01 5.942322553883084835e-01 4.022779511190736623e-01
1.666000000000000000e+03 5.919970245881085447e-01 6.201975250126585681e-01 4.292713935396553770e-01 4.337489820406180696e-01 6.108744870238936864e-01 5.670329406086013213e-01 4.523383508257606822e-01 5.308784139408537772e-01 4.625214095335675180e-01 3.674725484627390792e-01
1.667000000000000000e+03 6.235759463073651254e-01 4.342732253754953975e-01 4.117098190616098607e-01 6.907579291352256012e-01 5.089282195297600841e-01 3.911481283781397811e-01 4.259252715106812692e-01 5.486630551285933688e-01 4.487314518531709817e-01 5.142418408973971067e-01
1.668000000000000000e+03 4.640862014932323198e-01 4.177928861027851992e-01 6.883762486205953213e-01 6.025420221151910338e-01 3.515026721218527661e-01 3.638746159230925592e-01 4.475070848825861702e-01 5.318323482869569130e-01 5.767964103465029746e-01 5.495641897101222195e-01
1.669000000000000000e+03 4.495362329697865089e-01 6.769447680948758039e-01 5.928945076992553354e-01 4.658406390010110254e-01 3.265405886315176920e-01 3.855439071448309996e-01 4.264875214741946086e-01 6.876453134271639511e-01 6.072093841633557920e-01 3.753226151849961556e-01
1.670000000000000000e+03 6.697322238976598507e-01 5.849047519034068499e-01 4.431708051592689879e-01 4.418554662064116401e-01 3.431748367305420544e-01 3.607593755836567273e-01 6.125402477476292740e-01 7.222736484334916218e-01 4.531635621037128914e-01 3.799694838963733057e-01
1.672000000000000000e+03 5.260267335956366752e-01 4.850570298683169468e-01 5.020370497219209804e-01 5.012605846488682459e-01 5.678698812439593180e-01 6.802046814221605064e-01 5.068125871682021000e-01 6.054685151032119794e-01 4.707694166172848860e-01 2.694710679849145474e-01
1.674000000000000000e+03 5.492740568767566778e-01 5.169792381503304224e-01 6.816846907254223709e-01 7.212702904629897382e-01 4.373136122999391473e-01 4.969819353678397444e-01 4.979929720838403018e-01 4.587163006418555899e-01 4.075625038903130659e-01 3.019914714566861447e-01
1.675000000000000000e+03 5.446997061311267263e-01 6.825436338144338366e-01 7.333887082576918681e-01 5.517331746135419879e-01 4.591345036650648082e-01 4.526643250001987084e-01 3.521534634033054445e-01 4.929688542914081317e-01 4.009114700589309077e-01 3.692973399121040057e-01
1.676000000000000000e+03 6.876978197573355711e-01 7.321115812752019281e-01 5.518027261973466047e-01 5.716155722860302157e-01 4.205722277388559416e-01 3.032093285544970596e-01 3.949695611341962342e-01 4.858480573086350618e-01 4.605110006740272266e-01 3.556088964943513453e-01
2.294000000000000000e+03 5.150788228709602956e-01 3.391082035811492368e-01 3.540836868558316364e-01 2.539791432206696120e-01 2.088520194572849320e-01 5.202830679021713811e-01 9.713081853072910166e-01 1.000000000000000000e+00 6.166217036949118713e-01 3.178104805323386239e-01
2.363000000000000000e+03 2.912481167252980452e-01 2.409626149832995168e-01 6.176403450996440503e-01 3.513062930614024859e-01 4.563686668093485665e-01 5.664850527687348425e-01 8.235362797765273246e-01 6.170301503552839684e-01 6.011190891483424448e-01 5.806531515927071396e-01
2.364000000000000000e+03 2.671918985287699555e-01 5.738877453323329991e-01 2.841154468139220346e-01 5.204479437331315239e-01 4.659938987860544057e-01 7.264961786089876306e-01 4.847788185703426622e-01 6.799188768240137515e-01 6.035983019483439627e-01 4.968406318673003752e-01
2.365000000000000000e+03 5.516657922487101517e-01 2.612447341570597326e-01 4.652498419778324235e-01 5.283101125192821712e-01 6.083254378645793770e-01 3.770162719789358352e-01 5.603391309404933684e-01 6.824760643868547083e-01 5.302777613557154712e-01 4.738781742883207970e-01
2.368000000000000000e+03 4.804817980450813986e-01 6.145977452793579543e-01 3.714472520785834786e-01 4.932631144107127441e-01 4.282432081928639889e-01 4.131069853309011775e-01 4.902686510202411974e-01 5.706958326262645542e-01 5.470299646989416065e-01 5.968193881010529500e-01
2.412000000000000000e+03 5.627425089464950236e-01 5.312402698115635813e-01 4.966121946924330066e-01 7.178366258281395629e-01 4.596339183844498355e-01 4.419684387114191093e-01 4.726925040565984060e-01 6.258791162287774545e-01 4.098371801952130911e-01 3.256580659003117661e-01
2.413000000000000000e+03 5.637140154565416506e-01 5.165991498365607448e-01 7.382017381677198342e-01 5.788836645699465544e-01 4.188602417631877572e-01 4.365622077263248135e-01 5.649224727332669005e-01 5.037163821312399259e-01 4.281083856683297606e-01 3.164010505963449349e-01
2.414000000000000000e+03 5.425847009586861613e-01 7.335091549161018021e-01 5.777630059712158817e-01 5.336895560903220925e-01 4.026331893123054062e-01 5.191603946559342209e-01 4.042418087666264093e-01 5.159552182935781550e-01 4.117688182292528754e-01 4.034382784082552464e-01
2.415000000000000000e+03 7.187025045896308084e-01 5.712350756418973496e-01 5.167546304776795552e-01 5.082065802803827914e-01 4.633474320135297364e-01 3.384600689085439651e-01 4.048879576589844431e-01 4.843085953025429435e-01 4.781289980342894874e-01 4.795089666756581770e-01
2.416000000000000000e+03 6.008390460592749616e-01 5.387452619166630541e-01 5.156626123923941929e-01 5.852938369894243875e-01 3.297457864259438765e-01 3.705372450253814343e-01 3.968496061656001661e-01 5.904511409438741865e-01 5.652250495339277148e-01 4.634035181274131499e-01
2.417000000000000000e+03 5.632081791391005954e-01 5.264095126290222471e-01 5.866770916714147965e-01 4.583762390951259258e-01 3.456364579401607351e-01 3.478796895850257975e-01 5.118790384312982278e-01 6.853422210914406065e-01 5.416896838448170826e-01 4.288086673135985127e-01
2.418000000000000000e+03 5.537634702287052013e-01 5.944454383032968803e-01 4.513621542935956077e-01 4.734515338842696930e-01 3.268568926927821749e-01 4.684536778753446984e-01 6.287732502593782469e-01 6.579573711228973165e-01 5.125938282318266426e-01 3.751775837387316681e-01
2.419000000000000000e+03 6.105941640184249231e-01 4.655212981461531174e-01 4.656574511316708409e-01 4.553821871324104653e-01 4.327718249815101781e-01 5.869056392276169598e-01 5.932375335910321512e-01 6.205440534335563418e-01 4.642327149738528225e-01 3.804185060184819278e-01
2.421000000000000000e+03 4.990251303980918762e-01 4.462171850761559311e-01 5.295128558785577866e-01 6.245109372400429182e-01 4.893070896751017251e-01 4.846701166580479891e-01 4.581779750289444730e-01 5.523223850710624605e-01 5.077153160823721922e-01 4.505198371794303935e-01
2.422000000000000000e+03 4.768151270076052550e-01 5.312581267017174591e-01 6.201822250138198100e-01 5.884536439863206070e-01 4.385389783389971319e-01 4.008807921786978756e-01 4.555313193582515852e-01 6.067886665183037653e-01 5.236262584093754890e-01 3.851397671528377642e-01
2.562000000000000000e+03 5.035871127723170471e-01 3.653765660785183722e-01 3.013582703372695848e-01 4.507765338988778958e-01 3.677643115043556787e-01 3.784784859023767045e-01 4.862356140120640546e-01 8.142004527059115704e-01 7.030862740546754974e-01 5.864421135858861600e-01
2.578000000000000000e+03 5.300041440331394460e-01 4.684356620198053545e-01 4.841073152925605139e-01 4.183373659488436869e-01 4.751290187729939052e-01 5.851742294862019023e-01 6.171053043158537532e-01 5.786935223500135894e-01 4.252951672206364830e-01 5.183066772641446995e-01
2.579000000000000000e+03 4.800291655557174519e-01 4.701395964264838967e-01 3.785980234951039636e-01 5.577788156871020808e-01 5.071813033332418508e-01 5.412200072632203929e-01 4.646579795708432048e-01 4.874122691525745732e-01 5.672180605845846824e-01 5.796515409297525734e-01
2.580000000000000000e+03 4.829329743632070349e-01 3.729032714533535575e-01 5.303443227951293304e-01 5.871638213272544204e-01 4.698208703580712409e-01 3.861222238634721693e-01 3.560819987570795209e-01 6.621771494479927744e-01 6.221111318269797463e-01 5.092395479006895931e-01
2.589000000000000000e+03 3.367254787798428795e-01 3.145326660286481002e-01 3.423278269330054524e-01 3.907718092746884087e-01 4.612808289869475553e-01 7.400918884767159200e-01 7.764370270781929539e-01 6.930683587404228296e-01 5.990187269506696000e-01 5.019133115948349877e-01
2.590000000000000000e+03 3.207998399761954889e-01 3.052593562831595886e-01 3.148390692069045760e-01 5.137333752930153263e-01 6.081696073565000527e-01 6.636799615476935976e-01 5.630763023062949069e-01 6.660248748132662211e-01 5.258058951358988153e-01 6.429764652473743958e-01
2.593000000000000000e+03 4.249797375372283414e-01 5.638134735326530977e-01 5.555312690907279194e-01 4.457714127851265529e-01 3.523807535937544255e-01 3.422414057030661039e-01 6.450216821975824910e-01 7.500726731001656766e-01 5.812935188320135227e-01 3.770644406823389083e-01
2.594000000000000000e+03 5.648887855082914689e-01 5.407428965304769131e-01 4.119514836056046292e-01 4.552616200685342673e-01 2.941104030677971770e-01 5.746936732946791304e-01 6.769383283704515364e-01 6.813386580964420070e-01 4.471336629055813749e-01 4.308897175272334290e-01
2.595000000000000000e+03 5.541193005742530708e-01 4.165181226656329838e-01 4.332660182961684536e-01 4.151706116315356243e-01 5.140468703547402818e-01 6.211240412423046919e-01 6.066256150964832727e-01 5.283495280803680583e-01 5.028053261199065815e-01 4.969431875265062915e-01
2.596000000000000000e+03 4.473692003693605090e-01 4.362874363991324778e-01 3.898671953530586376e-01 6.052351985210289165e-01 5.553317444617332788e-01 5.482276939933058424e-01 4.207113057401614120e-01 5.960552402679402118e-01 5.602394585630593449e-01 4.869035590517982737e-01
2.597000000000000000e+03 4.661145596658011758e-01 3.976437264796854332e-01 5.966897916677846858e-01 6.430475093438772216e-01 4.925017841931957352e-01 3.589380425742574321e-01 5.054513037146511900e-01 6.682936918304013263e-01 5.532373975966959900e-01 3.494014138840790262e-01
2.608000000000000000e+03 1.892707572499774671e-01 1.665976448914332775e-01 3.765344200833502519e-01 4.218803280390122090e-01 3.942445663684677193e-01 6.803165207734768183e-01 6.573970906512365264e-01 7.084179438651628802e-01 7.513731370849717761e-01 7.519410568766663472e-01
2.609000000000000000e+03 1.749514476502914695e-01 3.143266727528370441e-01 3.237486156713371699e-01 4.330589388910729420e-01 5.280820300900124220e-01 5.113900777364303041e-01 5.528293670516978286e-01 8.273108388896266430e-01 7.234857565142359670e-01 6.786987316522404834e-01
2.610000000000000000e+03 2.996213721242847461e-01 2.633620755602323893e-01 3.339321571796043386e-01 5.466158173361715944e-01 3.756891144049235298e-01 4.017798129096740167e-01 6.942674446400103339e-01 7.916856024596394814e-01 6.584549792053812078e-01 6.773968653930656503e-01
2.611000000000000000e+03 2.684232304049403717e-01 2.872917509599650643e-01 4.711257951874883720e-01 4.298135857793153880e-01 2.947054313445908735e-01 5.659129694124650500e-01 6.695299212729257654e-01 7.277685640983615478e-01 6.697214548922184596e-01 6.900557660286504857e-01
2.612000000000000000e+03 3.050079643616761538e-01 4.345858740989052560e-01 3.661245145153975700e-01 3.787925676248456996e-01 4.629987467253459665e-01 5.650921794880670035e-01 6.161180722901289375e-01 7.612055833716100395e-01 6.969766724242730804e-01 4.900512319409948137e-01
2.613000000000000000e+03 4.485550895970107921e-01 3.566712185692693660e-01 3.330240974877288762e-01 5.444227272328149292e-01 4.858997516015471918e-01 5.364861017747561966e-01 6.822745518782720175e-01 8.156587036604570073e-01 5.401649667265882027e-01 3.532242957579908582e-01
2.614000000000000000e+03 3.823846052995754641e-01 3.263239346146688535e-01 5.118235622821450947e-01 5.648941812294352438e-01 4.611144037293986031e-01 6.055941569656447809e-01 7.491255045528876222e-01 6.252075360882759503e-01 4.214970645898065693e-01 5.076970322095406551e-01
2.615000000000000000e+03 3.562089863497236997e-01 4.937067459873361597e-01 5.336124887728258548e-01 5.432680824284082943e-01 5.226549479091827655e-01 6.742717735332824924e-01 5.180484950844423953e-01 4.803373542958136455e-01 5.559430148108515102e-01 4.355501560801152139e-01
2.616000000000000000e+03 5.171550815967129733e-01 5.346318021581770719e-01 5.322025943171674323e-01 6.168442764687610547e-01 6.077286930108612983e-01 4.621106112863228033e-01 3.675811434177080339e-01 6.651799198707346594e-01 5.101660928409752493e-01 2.294319874309496687e-01
2.640000000000000000e+03 5.617250562557983828e-01 4.522183837839305331e-01 3.633282348392667394e-01 3.711797074725977641e-01 2.842948791736726322e-01 3.990915046462104043e-01 6.799489092078458974e-01 7.220910604309754843e-01 6.224409282142779887e-01 5.429164808209533399e-01
2.645000000000000000e+03 3.378585516207164852e-01 4.627100277158009978e-01 4.408617739745057107e-01 4.816994232074459648e-01 3.413792658776367284e-01 5.085345174676273450e-01 5.752569259331828944e-01 6.290644877094132559e-01 5.403365959408666930e-01 7.390370450733385610e-01
2.646000000000000000e+03 4.462615616278854946e-01 3.959953515747696717e-01 4.108726471566694904e-01 4.089118941259308193e-01 3.999582665657190894e-01 4.547932062427106348e-01 4.838911461410482784e-01 5.931730235616788915e-01 7.307983948700342847e-01 6.566304610200451863e-01
2.683000000000000000e+03 4.223436983507600773e-01 3.314950901182139309e-01 2.985142090402360671e-01 4.172318672811891616e-01 3.241763816550209953e-01 6.326163353139434564e-01 7.463101474363124099e-01 8.444724276510673366e-01 5.737861424815414724e-01 5.092166519771741395e-01
2.687000000000000000e+03 3.743086754267270777e-01 5.409972750773712757e-01 5.944085777355295752e-01 6.512480722041930070e-01 3.869802657314099226e-01 4.286976655772352096e-01 5.961879269457719399e-01 5.515010189793071449e-01 4.900258936885768524e-01 4.567108670957725214e-01
2.688000000000000000e+03 5.307565894061823109e-01 5.601488279081136001e-01 6.147328264388159935e-01 4.684256959144686983e-01 3.520733746157508337e-01 5.025540127029034521e-01 4.152801522875024798e-01 5.527768651789066734e-01 5.023895305453497384e-01 5.207260569528968652e-01
2.725000000000000000e+03 4.079650064021722033e-01 4.238438979227192038e-01 4.043343387869972605e-01 4.925807176954413724e-01 5.174390605130513299e-01 4.585584764732644203e-01 4.931457733071044069e-01 6.123726794791545247e-01 6.252274446330179369e-01 5.921189861881466232e-01
2.726000000000000000e+03 4.293114647439948417e-01 3.807894862018344484e-01 4.428391500323474728e-01 5.797456590902120288e-01 3.772050216386693133e-01 3.946455070273949262e-01 4.873289906193594700e-01 7.160779694467618306e-01 6.191648564097420593e-01 5.699467904496199333e-01
2.772000000000000000e+03 3.113842899220644056e-01 4.911385041747430291e-01 5.017132237556507501e-01 3.535067319611340797e-01 5.181950257959401229e-01 5.627410235580725395e-01 6.933595965387626681e-01 7.521639120631290476e-01 5.286081717066447583e-01 4.283204268375477297e-01
2.925000000000000000e+03 2.931401282063662017e-01 2.318088784591246232e-01 2.594760446391912723e-01 4.466510942263905992e-01 5.763032087529701419e-01 4.684107934197531131e-01 7.427364554213466974e-01 9.224031384522949351e-01 6.937245495755992586e-01 4.599189051682213147e-01
2.928000000000000000e+03 3.422039745879941197e-01 5.064853101258380841e-01 3.626330363068574481e-01 5.589021537008103113e-01 6.033822006930186221e-01 5.589605296667300438e-01 3.738174398374840002e-01 6.232772335797602814e-01 6.729733557268603450e-01 4.397777625791187694e-01
2.929000000000000000e+03 5.013249395170537026e-01 3.432037196724058714e-01 5.156655551349216271e-01 6.554409686844657745e-01 4.685846831076729835e-01 2.735625356381480855e-01 5.023684296042942865e-01 7.757626138700337570e-01 4.877552704734252620e-01 4.837323948783228134e-01
2.930000000000000000e+03 3.850195544039947682e-01 5.142366894579436520e-01 6.491596064518708742e-01 5.665252241148547308e-01 2.449956966424559901e-01 4.413874994684552355e-01 7.216903426535044019e-01 5.783285319638771238e-01 5.492410824667081082e-01 4.224194899872089071e-01
2.931000000000000000e+03 5.088499509585701075e-01 6.126073728105427829e-01 5.249624227731457538e-01 3.469545889226580693e-01 3.647441732454787533e-01 6.333989626857624566e-01 4.492127504548258377e-01 6.261026556141346955e-01 4.735038515195946207e-01 5.225857176329061771e-01
2.932000000000000000e+03 5.807908820280639484e-01 4.820473803481821751e-01 2.740942485138220808e-01 4.363512023469496293e-01 5.198652951511132381e-01 3.344884162901072822e-01 4.894632473917457927e-01 5.193904069255902423e-01 5.487890039749113713e-01 7.835062492206399387e-01
2.933000000000000000e+03 4.893448161018412179e-01 2.705625000859724349e-01 3.950642679670944291e-01 5.937168610867326057e-01 2.799323076274601863e-01 4.060608465389229926e-01 3.894005108232638790e-01 6.351740207028909735e-01 7.960208005761987282e-01 6.600544414776473578e-01
2.934000000000000000e+03 2.812094632930834393e-01 3.522365571100738446e-01 5.300453780984806240e-01 3.550061331567257450e-01 3.074884602448462734e-01 2.623499017397503685e-01 4.901223795765907165e-01 9.032055287800558885e-01 6.613251748245237982e-01 8.335744158508199275e-01
2.936000000000000000e+03 4.492968146831695653e-01 2.279052624207947297e-01 2.875870789675365469e-01 2.572527298688875308e-01 2.589398170373536923e-01 6.848828033903232582e-01 6.020706947109411011e-01 9.111196642576819826e-01 7.718009576382091064e-01 5.808123322278478939e-01
2.937000000000000000e+03 2.592716799714378517e-01 2.687472775609073272e-01 1.871702530845960055e-01 3.538353374400802220e-01 5.761704978503124908e-01 5.033576624782468700e-01 8.456168386222392419e-01 8.917391110333523496e-01 6.070000697763556774e-01 6.398174965677191350e-01
2.940000000000000000e+03 2.416335968869853801e-01 4.814616594466500921e-01 3.651442668184626816e-01 6.155254430463438231e-01 5.405640160202498379e-01 3.958321113769462385e-01 5.730888119835645389e-01 6.393258112032262908e-01 6.590140260177289599e-01 5.407812916537028114e-01
2.941000000000000000e+03 4.427107586960164487e-01 3.025237215011593039e-01 5.299149330057727481e-01 5.578748605323127219e-01 2.733659580218332774e-01 4.232530023878314784e-01 4.679413607433245970e-01 7.139221546622401826e-01 5.391536953159657974e-01 7.471722542442907899e-01
2.942000000000000000e+03 3.229329322415134818e-01 4.954039255487275861e-01 5.097891810227047626e-01 3.660560308267646334e-01 3.422619906615443908e-01 3.648684456446251723e-01 6.065746920898756889e-01 6.081884696323179851e-01 7.516224000892428592e-01 6.345256602170427085e-01
2.943000000000000000e+03 4.792122425287951848e-01 4.662957192227325520e-01 2.929597893721002100e-01 4.154228268001236013e-01 2.784483747397702436e-01 4.945136524143998180e-01 4.658660280554356992e-01 8.562439124375857968e-01 6.448625016525563192e-01 5.895527461851367557e-01
2.944000000000000000e+03 4.905443731074626279e-01 3.051841324240134323e-01 3.907320575196605583e-01 4.019416909168929686e-01 4.426653455420814232e-01 4.036111242171981917e-01 8.192585873639193217e-01 7.700003860772631770e-01 6.415106503438895436e-01 3.982716815716527137e-01
2.985000000000000000e+03 5.289505389896856924e-01 6.523586842853222878e-01 5.421734049820334800e-01 5.877094149303488946e-01 1.799572615841029122e-01 3.237673922527632975e-01 4.794475849969050962e-01 5.220909636480610683e-01 5.394396593383894434e-01 5.990507415732349017e-01
2.986000000000000000e+03 6.328079351777773365e-01 5.189934259183658360e-01 5.547671148618772419e-01 2.972042256401433158e-01 2.671412014011425029e-01 3.921296005283211872e-01 3.891974940869561972e-01 6.208892099466970516e-01 6.328898671741328696e-01 6.265121065974811332e-01
2.987000000000000000e+03 5.100450000082371593e-01 5.208316913192755360e-01 2.320857274037669560e-01 3.627929403583666224e-01 3.169213121479094730e-01 2.864745397391964543e-01 4.966079578357542323e-01 7.245508361372376971e-01 6.484048874075395430e-01 8.281465704671924222e-01
2.988000000000000000e+03 4.999342850169138375e-01 2.052951910462376683e-01 2.882003051576198516e-01 3.923869439158124139e-01 2.071413933310157773e-01 3.797812054721888542e-01 6.051534189577807421e-01 7.294113164604137944e-01 8.122726263209066877e-01 8.085423728972381818e-01
2.989000000000000000e+03 2.237835290342565231e-01 2.503811173209470886e-01 3.120194176674735420e-01 2.903374492470561230e-01 2.818342776237559022e-01 4.818634488759752643e-01 6.016511121233096837e-01 9.209396969085515972e-01 7.887691293524843328e-01 8.621638516850553824e-01
2.990000000000000000e+03 2.623045599378567849e-01 2.726363734201490141e-01 2.025444618488742299e-01 3.547197762832726697e-01 3.728524455789213876e-01 4.782376999255226746e-01 8.332009299367815203e-01 8.923382883784004571e-01 8.353724456922330122e-01 5.545029419623507261e-01
2.991000000000000000e+03 2.635434380407457033e-01 1.496144588000681286e-01 2.494084833091363973e-01 4.123898791497387362e-01 3.454935863756020131e-01 6.890693820823812210e-01 7.720377672705208694e-01 9.269452236850151960e-01 5.501390901285868607e-01 7.797032591051386019e-01
3.003000000000000000e+03 4.487469904857155911e-01 2.544565376723165184e-01 2.310557886020331853e-01 4.570867877262693169e-01 2.902429718833210992e-01 4.445478793408830231e-01 7.544922020212583291e-01 8.046492845220187817e-01 7.171543873279557779e-01 6.119083260944697678e-01
3.004000000000000000e+03 2.760054147129141211e-01 2.088358969670855991e-01 3.942563734038741496e-01 3.738785908166734617e-01 3.534280961792259368e-01 6.511860904723157928e-01 7.078007682613383089e-01 8.178205963786993049e-01 6.280577997667079471e-01 7.005771622741739924e-01
3.007000000000000000e+03 2.649752820671659181e-01 2.961976364707222809e-01 4.948172775119960010e-01 5.138273461626733374e-01 4.670357225874179896e-01 4.370482675568583830e-01 6.598819784584440962e-01 7.504039515790896786e-01 6.676688143516551488e-01 5.234416346071851800e-01
3.020000000000000000e+03 3.994024653881561582e-01 5.459535785740191605e-01 4.859393573078730211e-01 4.569351129026112956e-01 3.700753898625949723e-01 4.492639801872803651e-01 5.622062997939645257e-01 6.443659898822821086e-01 5.551113451478931760e-01 5.729625509811809847e-01
3.021000000000000000e+03 5.302731402341180900e-01 4.530707935974615519e-01 4.001490513614459621e-01 4.484025694111066218e-01 3.641631488392995664e-01 4.604960111737533834e-01 5.209256744192899413e-01 6.264329578789636921e-01 5.989862791832557543e-01 5.962120878608242469e-01
3.022000000000000000e+03 4.700981935478570350e-01 3.951922054142028018e-01 4.149405193132046366e-01 4.655967298827169421e-01 4.000381571076310205e-01 4.468497269035405228e-01 5.272159678297161367e-01 7.030696486810534829e-01 6.383202226355521036e-01 5.472896892261599477e-01
3.023000000000000000e+03 4.154372600920550052e-01 4.031621743908289091e-01 4.271350083821572885e-01 4.907451983514268257e-01 3.810504132927372556e-01 4.457518771351613451e-01 6.127432365023343097e-01 7.449223307431603880e-01 5.906695446678981165e-01 5.312677571597913539e-01
3.057000000000000000e+03 3.132689885489533532e-01 3.915703080096618605e-01 3.755858039375746249e-01 5.790913136808001349e-01 5.214324054859144075e-01 4.811780556709868706e-01 6.107310100649360196e-01 8.245608435445045403e-01 5.437317336502355269e-01 4.538128420790433770e-01
3.088000000000000000e+03 4.244804159346752814e-01 4.767763637954260947e-01 3.313602937690546812e-01 3.789439868181065929e-01 4.993119749474006497e-01 3.625072599682924723e-01 5.791095268571349042e-01 8.335537530184831123e-01 6.912208248995863613e-01 4.358854361702255709e-01
3.090000000000000000e+03 3.854300879344778052e-01 3.626203548069120708e-01 5.846646996178516131e-01 4.443274637263850968e-01 4.688936953466211754e-01 7.433904823396323414e-01 7.864785951341016768e-01 6.048913977125711661e-01 3.874844646529542191e-01 4.399941892388868903e-01
3.208000000000000000e+03 4.966400073447468921e-01 3.317233024507532102e-01 3.918327421412638456e-01 3.986149945450837007e-01 3.914566108550245338e-01 5.266223014572207761e-01 6.670947875928996407e-01 6.960018960425200518e-01 5.856804861996959266e-01 5.702122635178634713e-01
3.209000000000000000e+03 3.630245600227943736e-01 3.838049858042574258e-01 3.575691036577314241e-01 4.856208977815248407e-01 4.550253592791361212e-01 5.930016684191314891e-01 6.070646351675923480e-01 6.831320369504851886e-01 6.126024141513508603e-01 5.409057598396898037e-01
3.210000000000000000e+03 3.841292358728332079e-01 3.242931291050338838e-01 4.217312132272833525e-01 5.131254901880342167e-01 4.825115218606773615e-01 4.955620531117895800e-01 5.570601477065191265e-01 6.875111014878652060e-01 5.637769614348429048e-01 6.306071478296024768e-01
3.211000000000000000e+03 3.440199014855224169e-01 3.969948725277029911e-01 4.648159865062688190e-01 5.494988457121494640e-01 4.101557518734436081e-01 4.603935755280484932e-01 5.782071794680648802e-01 6.411428772362778306e-01 6.526035914692258633e-01 5.440908537533818423e-01
3.213000000000000000e+03 4.360842291981995023e-01 4.684200034803033263e-01 4.309096256475031250e-01 4.544483094984362315e-01 3.918910053459500609e-01 4.172783460585926529e-01 6.461753415203748130e-01 6.519239265185801102e-01 6.312606221477596868e-01 5.045512244296531668e-01
3.214000000000000000e+03 4.763226354881442415e-01 4.159740282999840333e-01 4.128507297831257028e-01 4.815622234660087431e-01 3.521425453421637708e-01 5.656499624034687645e-01 5.480664905277050636e-01 7.340845658805884577e-01 5.516046904034404008e-01 5.119752792290319654e-01
3.240000000000000000e+03 4.790650564477889062e-01 4.444556749903461612e-01 4.612813580190028295e-01 6.271003224687737854e-01 4.824229029427268278e-01 4.109940907406544053e-01 4.814494999052653101e-01 7.268066624602527170e-01 5.711849601009639787e-01 3.397874409617757108e-01
3.241000000000000000e+03 4.604912962690956291e-01 4.499209886129241776e-01 6.043544257070583292e-01 5.652593381208319556e-01 3.527991534320616962e-01 4.028014832163594461e-01 6.456698170301236051e-01 6.664974573672475255e-01 4.126000277054146514e-01 5.125149247028204513e-01
3.242000000000000000e+03 4.582446514954010008e-01 5.758932495137173424e-01 5.291813344756475246e-01 4.452071060729081431e-01 3.362257403631185859e-01 5.617684203084611916e-01 5.624823935171416878e-01 4.649265773602314633e-01 5.563505417389312813e-01 5.617858317302786286e-01
3.244000000000000000e+03 5.031309554896955527e-01 3.814519562548695508e-01 3.814526234003432492e-01 5.505221473088895978e-01 3.980676542761016345e-01 2.202713685703910629e-01 5.266349817980036097e-01 6.892080302891863131e-01 6.930753060369200247e-01 5.936800849070095198e-01
3.265000000000000000e+03 4.359411482341867816e-01 4.921233705455353991e-01 5.195224836112121158e-01 5.699689736560835662e-01 3.723299618234263142e-01 5.324344741661294345e-01 4.227360847292341850e-01 7.414317818263257420e-01 5.361015261105184226e-01 4.183440237612038315e-01
3.328000000000000000e+03 3.525715588078028317e-01 5.470161945769658196e-01 5.542888321461728607e-01 5.525890093801317793e-01 4.850410780054929538e-01 5.739056596960173673e-01 5.153080337951293499e-01 6.040994136614679100e-01 4.434572858122782235e-01 4.824428615804929321e-01
3.329000000000000000e+03 5.375472072985219008e-01 5.244832329058088938e-01 5.107741882431803271e-01 5.550023764639232526e-01 4.839726076920652376e-01 4.216370656079462820e-01 4.813341736067726084e-01 4.979824742185306463e-01 5.263929653136524278e-01 4.800029427484636124e-01
3.330000000000000000e+03 5.217076318650585298e-01 4.877448601909557535e-01 5.176618397486258960e-01 5.580762136354969760e-01 3.525289266360921991e-01 3.917486051306942052e-01 3.577448516238545539e-01 6.031256663906244819e-01 5.276377063264068301e-01 6.518549297993887492e-01
3.412000000000000000e+03 5.148814456537609274e-01 4.898102859294141687e-01 5.160975759073308522e-01 5.107862814919157390e-01 5.267611793927604591e-01 5.570207957086260597e-01 5.778541326311863457e-01 5.414245409184563762e-01 4.961899138039078117e-01 3.583454833912246285e-01
3.488000000000000000e+03 3.953622324332878302e-01 3.662303007804881827e-01 3.108388479939424576e-01 5.796099737892262960e-01 5.348786021957464554e-01 6.389694174381864711e-01 7.111557498217476736e-01 6.218313586531168946e-01 5.505472699573150663e-01 4.193343565363244485e-01
3.489000000000000000e+03 3.832256317648253252e-01 2.969885818442208336e-01 5.403995386912769927e-01 5.985990489415178306e-01 5.427382700114001812e-01 6.242062792243040503e-01 5.034966958009484683e-01 6.290123728399887870e-01 4.718922978793886336e-01 5.230010417533978995e-01
3.490000000000000000e+03 3.299051104071260010e-01 5.191027591398117425e-01 5.683661460585193170e-01 6.124293505605369337e-01 5.376948006677226832e-01 4.191832472312148616e-01 5.209433760042132544e-01 5.403624123211497876e-01 5.681156783084352346e-01 4.484558762676129073e-01
3.491000000000000000e+03 5.342276592896058052e-01 5.617368916018460334e-01 6.007753506384168052e-01 6.243828828700189737e-01 3.731032945387159905e-01 4.580798618018475099e-01 4.336648663329438769e-01 6.744108835061490836e-01 5.168357647508204922e-01 2.474863658922827614e-01
3.540000000000000000e+03 6.022323397283279034e-01 5.206878242570689430e-01 5.305757235804410277e-01 5.641181999734858898e-01 9.963340356441928447e-02 1.978933003591580309e-01 5.818967757574299293e-01 6.389214039203435780e-01 5.725567069482210281e-01 6.113741019970803103e-01
3.577000000000000000e+03 9.403877434629001053e-01 4.425841702103573416e-01 4.970319748229149459e-01 8.556009495334572224e-01 4.151067054299505399e-01 6.732427370035312664e-02 4.229083925294271351e-01 3.240852455234163321e-01 4.189695515084280175e-01 4.843386422055414586e-01
3.578000000000000000e+03 4.996862437078399832e-01 5.311819735499447859e-01 9.021811306388642926e-01 5.543548261877677685e-01 9.898094443459469483e-02 4.031308821070507808e-01 2.154497951780763310e-01 5.292457080810963888e-01 5.786512853122627309e-01 6.173848079464356875e-01
3.625000000000000000e+03 2.540981953737126570e-02 0.000000000000000000e+00 3.234757328557740230e-01 5.294174019375316176e-01 9.142288178308344282e-01 2.929049676053884221e-01 8.988414795652195366e-01 6.200488487369193447e-01 6.983591084704813268e-01 8.502125645901836837e-01
3.628000000000000000e+03 2.598927123378907966e-01 6.149780535665279046e-01 2.909404151171828684e-02 5.019541404925116357e-01 6.303868665780285041e-02 3.341199308278854363e-01 6.456492302268210803e-01 5.988936233976891454e-01 8.959832793816555618e-01 9.614045910387195581e-01
3.630000000000000000e+03 0.000000000000000000e+00 3.161787539345489173e-01 0.000000000000000000e+00 2.543040340063051907e-01 3.334810304265624081e-01 2.310283742792374473e-01 8.714416952297293628e-01 9.836393437331317768e-01 1.000000000000000000e+00 1.000000000000000000e+00
3.641000000000000000e+03 3.022816677153000731e-01 1.675154413394741026e-01 6.349740390363046716e-01 7.818354435887546749e-01 1.000000000000000000e+00 1.000000000000000000e+00 1.786022333143585938e-01 5.102322830835652745e-01 4.403994050331753174e-01 2.092924460754591875e-01
3.699000000000000000e+03 1.589624514746745265e-01 3.448295126251791354e-01 3.826194354922459739e-01 3.828247227985275836e-01 5.804512966242196814e-01 7.514914116349517004e-01 6.403764641603659769e-01 7.427790946465409050e-01 6.598124024999426629e-01 5.236494539106111290e-01
3.700000000000000000e+03 3.314413120190369821e-01 3.250980427512140669e-01 2.873264611779660638e-01 5.985232880815346546e-01 5.974340566628951743e-01 5.005013936640598793e-01 6.007272281040224593e-01 7.214036516124662235e-01 5.295825894061413353e-01 6.005450911597320918e-01
3.701000000000000000e+03 3.655016797503737869e-01 2.953243432107057198e-01 5.828499837083934709e-01 6.733015886125841565e-01 4.427059454414075668e-01 5.369019582721413775e-01 6.498615841592331188e-01 6.245682947154713727e-01 6.471792266452621734e-01 2.730791500288983209e-01
3.702000000000000000e+03 3.485029242035190822e-01 5.826944876894926129e-01 6.741844900882396630e-01 5.494733113950092118e-01 4.868657862805723102e-01 6.006103680845323867e-01 5.449075737026253252e-01 7.784525794024543810e-01 3.698944714362289443e-01 2.239458308946630227e-01
3.703000000000000000e+03 5.993534908733246791e-01 6.734335311754290343e-01 5.461259287029341936e-01 5.926136486798491143e-01 5.496046031788377473e-01 4.985310950204819846e-01 7.378876623849122129e-01 4.448975730500911996e-01 3.310780991178952082e-01 1.621814673758540937e-01
3.704000000000000000e+03 7.099256011233776587e-01 5.909415521866342447e-01 6.329304262627648558e-01 6.845247475673802429e-01 5.013505574069223591e-01 7.466525497240846798e-01 3.789674312095290265e-01 4.353296664552472328e-01 3.079924118723004756e-01 1.181838784114894875e-01
3.705000000000000000e+03 6.384936815904389551e-01 6.721570489773516233e-01 7.316451953451382773e-01 6.421281626604170567e-01 7.235640418016789921e-01 3.741813194247315955e-01 3.666979827103171163e-01 4.065514986527224428e-01 2.690626130302914976e-01 2.466598975407557348e-01
3.706000000000000000e+03 7.251443667006145510e-01 7.846923090484659857e-01 7.066133067132345236e-01 8.545080194945117169e-01 4.110985404145635069e-01 3.859412652954078427e-01 3.552391582441486451e-01 3.781848369248043684e-01 3.974390031620046448e-01 0.000000000000000000e+00
3.829000000000000000e+03 4.476367928225319370e-01 4.290902179620752488e-01 3.439932696813473023e-01 4.682499076556955186e-01 5.044740974642716314e-01 6.936108927892817855e-01 4.930248700513998328e-01 5.959379442511324454e-01 6.003153190519132654e-01 4.992667199772470310e-01
3.830000000000000000e+03 4.291700811377983649e-01 3.189084328302972393e-01 4.109387696249282018e-01 5.631470772586205653e-01 5.808592141853566870e-01 3.875930961909825334e-01 4.607142897037213580e-01 6.801573291411334710e-01 5.337597712960001628e-01 6.611169318110374782e-01
3.831000000000000000e+03 3.248708946290895794e-01 3.698215885720753104e-01 5.001979609409239469e-01 6.172530827497890726e-01 2.941567853183102987e-01 3.392428866575618596e-01 5.479458033044114496e-01 5.870359873251693728e-01 6.645892358751506190e-01 7.426856770622608517e-01
3.835000000000000000e+03 3.056304475567429568e-01 2.589725930760364836e-01 3.667391502358006150e-01 3.493405264779020913e-01 4.474270020712610707e-01 6.671043586357575661e-01 5.985661913148946356e-01 7.308503777679172808e-01 6.993497940079625996e-01 6.617194098335770214e-01
3.838000000000000000e+03 2.796176311152960836e-01 4.196558575952466508e-01 5.532999256988615500e-01 4.692652345277730785e-01 4.191085382030924067e-01 5.995324671927426685e-01 6.631478923236918677e-01 7.227071391487546181e-01 6.529874742916632613e-01 3.377918344415697938e-01
3.840000000000000000e+03 4.761501025802116760e-01 3.520258419650740267e-01 4.010101236720625129e-01 5.259760713326397941e-01 4.287101989943840619e-01 4.728520917770227538e-01 6.018626064211030080e-01 3.969382806563865884e-01 7.105892884076890903e-01 6.393746706125581492e-01
3.841000000000000000e+03 3.614751353328597427e-01 3.702351413302243932e-01 4.707269378544816640e-01 4.957051008774442380e-01 3.813960189928304878e-01 4.970523377245549823e-01 2.173156067104466960e-01 8.122797084740199791e-01 6.539601738704652334e-01 7.107478949628928122e-01
3.842000000000000000e+03 3.605858131431351477e-01 4.161539489823862237e-01 4.176112154215743666e-01 4.357247789429445906e-01 3.807873883583693386e-01 7.665879927310213782e-02 6.956804973173208451e-01 7.233416821378352290e-01 6.995610628855124524e-01 7.502874850596351619e-01
3.885000000000000000e+03 5.037504917814119576e-01 5.927277668899344487e-01 5.407392528944935384e-01 5.918843343852717709e-01 3.339273351407327506e-01 6.091411990710846602e-01 6.071719907266086569e-01 5.608557155402290606e-01 5.153938502517564357e-01 2.308858905569744213e-01
3.887000000000000000e+03 5.790867570489559579e-01 6.070787504757338970e-01 4.615568567225185603e-01 6.644750057198950399e-01 5.283824012345973431e-01 4.388698134087152813e-01 5.621963552251536544e-01 4.158862400727319497e-01 4.619437457693172933e-01 3.308075406628567805e-01
3.889000000000000000e+03 5.416107819015537617e-01 7.117348970470755987e-01 6.761746786187212699e-01 5.628411311300492992e-01 5.221159712062055647e-01 2.957744532053956932e-01 5.209102920336127207e-01 5.537492978216784767e-01 3.823018600966594516e-01 2.839409753991757879e-01
3.894000000000000000e+03 4.171171537942885976e-01 5.095788105228998832e-01 4.516187366985553453e-01 3.708401141217770314e-01 2.323253395990469150e-01 5.192323933620783816e-01 7.349268001261626271e-01 7.820288336358547365e-01 6.011896018830907851e-01 4.494395357346881448e-01
3.895000000000000000e+03 5.425868892189885662e-01 4.713908524591073901e-01 3.610726736200474130e-01 3.790513484784285292e-01 4.847362292301550801e-01 7.039060388438529436e-01 7.509776898870295092e-01 7.345624001944717207e-01 5.338012900614741429e-01 1.786498694103072493e-01
4.006000000000000000e+03 6.424558266520927763e-01 3.389658099116975576e-01 2.497169165366600052e-01 4.811433375790669098e-01 4.835613141533410819e-01 3.079479120943522386e-01 4.888917656472530626e-01 6.454730888239206266e-01 6.552480485790544984e-01 6.406427012797291098e-01
4.060000000000000000e+03 3.347611229166441160e-01 2.291630553881405519e-01 4.138321492889989184e-01 4.385809749111101441e-01 2.101993250146847181e-01 5.593989492892119664e-01 6.432603337406962440e-01 6.235009524222787647e-01 7.955855260174123922e-01 7.644069287120306422e-01
4.075000000000000000e+03 2.294622613313819226e-01 1.047269218732450463e-01 4.262351816938868554e-01 4.517245595736909536e-01 6.243454522193526701e-01 7.562238864951184025e-01 1.000000000000000000e+00 8.349940918921663346e-01 4.628203801574254928e-01 3.895296362394136680e-01
4.076000000000000000e+03 1.475350231642762466e-01 3.910345718322948416e-01 3.880090475379209258e-01 6.617166554944584611e-01 6.310802261674033353e-01 9.033853769484755381e-01 7.439388177151033954e-01 5.077871670872461385e-01 4.341742251834095900e-01 4.599521553442412758e-01
4.088000000000000000e+03 2.130215934430488289e-01 4.275595513224637600e-01 5.263449438650441570e-01 7.702370831224922831e-01 6.336886835671202700e-01 8.012283282416899910e-01 7.943448298568944743e-01 5.952097501081550224e-01 4.289599374874602522e-01 8.129446828905773081e-02
4.089000000000000000e+03 4.406111055766369078e-01 5.045809203549791455e-01 7.514213934521031257e-01 6.896728583175076865e-01 6.943551878558420487e-01 7.173607374154931104e-01 4.783133015108800290e-01 4.866664729464382222e-01 1.821233741109031246e-01 2.699700231420971708e-01
4.103000000000000000e+03 2.185758217978584772e-01 1.991174014612347998e-01 9.056739212698527997e-02 1.952040582060653728e-01 4.188167023579817960e-01 8.142000003350327031e-01 8.656993702288910963e-01 9.058406455900431808e-01 6.834556376675472444e-01 7.750585932341466089e-01
4.117000000000000000e+03 2.759201396065901757e-01 5.832908862127611505e-01 4.315927275979437039e-01 3.867609085914165412e-01 2.628584304830685614e-01 2.957921269469925840e-01 5.472492080612987309e-01 8.107202720121960970e-01 6.538912784792488830e-01 7.391894173869127949e-01
4.134000000000000000e+03 9.344068468398853966e-01 7.118173915075638458e-01 4.816869544056750496e-01 0.000000000000000000e+00 1.831500143309193473e-01 1.946465018542782588e-01 4.604939722906652988e-01 6.763840179935719510e-01 5.037795304700956045e-01 7.170506496312131217e-01
4.136000000000000000e+03 5.338672972244011827e-01 1.063308091478839222e-02 3.237852026646944048e-01 3.455431804124251549e-01 3.957580467490010578e-01 5.875480896505566042e-01 5.484493479335627031e-01 9.376405171786518222e-01 7.124178153864899610e-01 6.195457204334529067e-01
4.214000000000000000e+03 8.033350235729799227e-01 7.972549256836435339e-01 1.000000000000000000e+00 6.732214651492282043e-01 1.482901300610671713e-01 3.009031909078062061e-01 4.105412454718396775e-01 5.463436096203326819e-01 2.894727615889833294e-01 1.905186963964528371e-02
4.329000000000000000e+03 2.090784179184847213e-01 5.337713256182279320e-01 6.715430035151302990e-01 6.351435596801274786e-01 6.576783753612104322e-01 7.785405004370717919e-01 7.259098688975924585e-01 4.910680199710473759e-01 4.895306269204394711e-01 6.228889247953035835e-02
4.330000000000000000e+03 5.289204187813240088e-01 6.375074063714994965e-01 6.028675281796295193e-01 7.072809181866935857e-01 6.704622491358135372e-01 6.427795547457770819e-01 3.483077415591084303e-01 5.573262185129642665e-01 1.630382970128115838e-01 2.924539792242071279e-01
4.374000000000000000e+03 8.064854837183805802e-01 8.309280336091700025e-01 5.470814306724243181e-01 4.015005338384542433e-01 1.296930334849483724e-01 6.465301381299393135e-01 7.942588097432980998e-01 5.885560433856351636e-01 1.688406489352986262e-01 2.120010065857889647e-01
4.375000000000000000e+03 8.263122470547282772e-01 5.699445968573084720e-01 4.034569096536830268e-01 2.987415610779667885e-01 6.090170740718209297e-01 7.767135496356636359e-01 5.268680834890968612e-01 2.150278595694272432e-01 3.336562007306839717e-01 5.386270278474969420e-01
4.376000000000000000e+03 6.008737458983082202e-01 4.335727560998858254e-01 2.912196272349399928e-01 7.128696039167418119e-01 7.241577537991586988e-01 4.983862612607392051e-01 7.117813564315793318e-02 4.151754208881506814e-01 6.180057126406276469e-01 5.725526581284750005e-01
4.377000000000000000e+03 4.651560895054392963e-01 3.066472582444259576e-01 7.142929789012558706e-01 7.907591777897046148e-01 4.497301585712583094e-01 0.000000000000000000e+00 2.879149929244645967e-01 7.404538190171587875e-01 6.293273960344374363e-01 5.072864965646706192e-01
4.378000000000000000e+03 3.535403608904433281e-01 7.004802525088992260e-01 7.946587612905193776e-01 5.500674408275706417e-01 0.000000000000000000e+00 2.197762389186138920e-01 6.786665589111592345e-01 7.509614445835578467e-01 5.696700577656662601e-01 3.832119380876723991e-01
4.379000000000000000e+03 6.449845306094393882e-01 7.215603315105034721e-01 4.786372022588195607e-01 1.094757905127818065e-01 1.364884916819185945e-01 5.544701095115377454e-01 6.247716832278609189e-01 6.234969532400924663e-01 4.170337575035836797e-01 7.192856783535660492e-01
4.380000000000000000e+03 6.716818941375775065e-01 4.360628802383550995e-01 1.646312746468019117e-02 2.368407880948439626e-01 4.463890178563196809e-01 5.118487035636019034e-01 4.830384674898865471e-01 4.479939593429196898e-01 7.176696767514881836e-01 9.581234430470949581e-01
4.427000000000000000e+03 3.423136620277312248e-01 3.506904204295016036e-01 3.416291452901157877e-01 4.531817799892762233e-01 1.013762685183294127e-01 2.622676787285300182e-01 5.689193787556836579e-01 9.083456295060159391e-01 7.977538774886446804e-01 7.917691707282942248e-01
4.428000000000000000e+03 3.516886631482858405e-01 3.045765976460022562e-01 3.817677622763521739e-01 2.033056527697374716e-01 1.818792739128113345e-01 4.500704891697968058e-01 8.234030095792281845e-01 9.077537483828956866e-01 7.778557269811368080e-01 6.494627500098236750e-01
4.429000000000000000e+03 3.211120918931404944e-01 3.524979183392346616e-01 1.245748068674392695e-01 2.829451819699171367e-01 3.613741907006758902e-01 7.255755563927501761e-01 8.358991205732789753e-01 8.944543241465598982e-01 6.629736763035030123e-01 5.694918589605825199e-01
4.430000000000000000e+03 3.480774093123371604e-01 9.563070017616734364e-02 1.927538704481000231e-01 4.215450380139941222e-01 5.881357654897092502e-01 7.169359002524751112e-01 7.989363727166404194e-01 7.375201762182733711e-01 5.794260873734775608e-01 6.783513355444360515e-01
4.434000000000000000e+03 4.033130036050954215e-01 4.105067985894259586e-01 4.301786744126113171e-01 3.551013178201213871e-01 1.722416879864289152e-01 4.015086234496350603e-01 8.409369736099144843e-01 8.024574993035720194e-01 7.562989805538326005e-01 4.540319271888850206e-01
4.435000000000000000e+03 4.084833431244558888e-01 3.940026334171967681e-01 2.835239831439006486e-01 2.708937967218022491e-01 3.136572105404289990e-01 7.386541178812556785e-01 7.036575556579837132e-01 8.642281932871784811e-01 4.896904550667128819e-01 6.601630377900867819e-01
4.436000000000000000e+03 4.284028570103989852e-01 2.961769782663806194e-01 2.349995271375640848e-01 4.322537885497244048e-01 6.609861717080195431e-01 6.489354858028560935e-01 8.287513597925838527e-01 5.804632691874668238e-01 7.029855088628094162e-01 3.204921078881816654e-01
4.437000000000000000e+03 3.529690335535369261e-01 2.604922592210183185e-01 4.193018432593654810e-01 7.428503979061825691e-01 5.922762082537313955e-01 7.911308374979079128e-01 4.968288302703476877e-01 8.511642712735576488e-01 4.149369678846722143e-01 2.561789764281134363e-01
4.438000000000000000e+03 3.092819673548486969e-01 4.181596122648819636e-01 7.370984651069966143e-01 6.678651930084145150e-01 7.015950456248247757e-01 4.284155529253073635e-01 8.060324137680570100e-01 4.837083697210268207e-01 3.460181649770757151e-01 3.055748567401196936e-01
4.439000000000000000e+03 4.405833950859365244e-01 7.116340940434930928e-01 6.515100466491923203e-01 7.578271771201740004e-01 3.718947802069342834e-01 7.416324403452839720e-01 3.547539494090901080e-01 3.950449476462339349e-01 3.853271668687839879e-01 2.961289771036816343e-01
4.440000000000000000e+03 7.057300309456304710e-01 6.471498323366238203e-01 7.652030969160398266e-01 4.881817837414112460e-01 6.701660515112017880e-01 2.957922437874033750e-01 2.663073323425567129e-01 4.587562022318137367e-01 3.900136836172082844e-01 3.079544769420375916e-01
4.485000000000000000e+03 4.981425737812158472e-01 5.183915427733749581e-01 6.853184606268919454e-01 6.385050988048990295e-01 5.503860451275204291e-01 4.568248381459693030e-01 3.577484282542720551e-01 4.776330255671314973e-01 4.193674896270767061e-01 4.473681313366008605e-01
4.486000000000000000e+03 5.410792588744469667e-01 6.802616061456567831e-01 6.381763147756583932e-01 6.440359729141629241e-01 4.167262465966097285e-01 3.006056321838209699e-01 3.682213772295189202e-01 5.016913117609147488e-01 5.231532915004543094e-01 3.606392813175091638e-01
4.487000000000000000e+03 7.016382749859996215e-01 6.611537089293436642e-01 6.709321151771828751e-01 5.530177132374288762e-01 3.051222395503164764e-01 3.430209843990925100e-01 4.280643188186502579e-01 6.538733758412327290e-01 4.681660878344521826e-01 1.935413014815092758e-01
4.488000000000000000e+03 6.935314757654389428e-01 7.016569206169361861e-01 5.829916336463578652e-01 4.656738858087814958e-01 3.540715904150971149e-01 4.171448897923554222e-01 6.250352563380526805e-01 5.963673810567818867e-01 3.299296715805225544e-01 2.908736621112528176e-01
4.489000000000000000e+03 7.193230940578945187e-01 6.084372856013169351e-01 4.776577736378690431e-01 4.978837966822078909e-01 4.087235299086872664e-01 6.077240150897069704e-01 5.421879007631764669e-01 4.167175573502164276e-01 4.064900232042358286e-01 3.714624283411368522e-01
4.493000000000000000e+03 5.503855394048793315e-01 6.545953645620626871e-01 5.605802283532053121e-01 3.677855030877435483e-01 3.090849124946611348e-01 4.138510158047199461e-01 4.533209262087439240e-01 7.622288755037130992e-01 4.808712784457221945e-01 4.554178884246174452e-01
4.498000000000000000e+03 4.387521097941565751e-01 3.878461475816703530e-01 5.969429882948665833e-01 4.211163499186696968e-01 3.600448224163581568e-01 4.209393375356404454e-01 5.319098528567305362e-01 7.284049868751161227e-01 5.625721593527805986e-01 5.810176011273213703e-01
4.501000000000000000e+03 2.648918127227564701e-01 2.544433368419025676e-01 2.542915250892910928e-01 3.275050248325639402e-01 3.129120756172811268e-01 2.768503485192031488e-01 4.474918341313265935e-01 8.911216812360154282e-01 9.312255311335939645e-01 9.400219175815469619e-01
4.513000000000000000e+03 3.486361718579889524e-01 3.647585689702360634e-01 4.963575125144891742e-01 4.387573929126818983e-01 4.433754889632817719e-01 6.742431313374133151e-01 6.608803143650335832e-01 6.433293591352546859e-01 4.959793714539775245e-01 5.739893130733878523e-01
4.514000000000000000e+03 3.823113554522205026e-01 4.711787475401838510e-01 3.894838167171797982e-01 5.199683726593997690e-01 5.747233443961372590e-01 5.729114541784586789e-01 5.300411221786660576e-01 5.629466804677650815e-01 6.069333565337896585e-01 4.673049001315028872e-01
4.515000000000000000e+03 4.963324028412087752e-01 3.976162181912727411e-01 5.052559938695633246e-01 6.601625625732586711e-01 5.149809109595807621e-01 4.722633701436264597e-01 4.656872528059758376e-01 7.256314091400912769e-01 5.364163961143095793e-01 2.737262891926738329e-01
4.581000000000000000e+03 7.299383448096437021e-01 7.259279033585563923e-01 9.202019940164608558e-01 3.862891640843845731e-01 4.737165427982140686e-01 2.240948053738728019e-01 1.478501854145893024e-01 3.531390707998540157e-01 4.985953044412679835e-01 4.493751014770815400e-01
4.623000000000000000e+03 3.609547932935779913e-01 4.153464864276942281e-01 6.709724690205438602e-01 5.266531752843035541e-01 4.357326054573244511e-01 6.610027170969839938e-01 6.445602027748928986e-01 5.660568401272568773e-01 4.201413916182890063e-01 4.578663391277242312e-01
4.624000000000000000e+03 4.185516675035833023e-01 6.263614913768982273e-01 4.750814787054388200e-01 5.051386255532385183e-01 5.532946188791818543e-01 5.454059582098482739e-01 4.261977224240771078e-01 4.621470136883010227e-01 4.988461154003486220e-01 5.528068347141831262e-01
4.626000000000000000e+03 4.597310562442143977e-01 4.418033164266501056e-01 5.829871968124940018e-01 5.378997730485270967e-01 2.725385601315850614e-01 2.168105496730937387e-01 4.417600572772152345e-01 6.796858423729527088e-01 5.851008277723668272e-01 7.213915787823781400e-01
4.669000000000000000e+03 3.071845779646683039e-01 3.098640802841806097e-01 3.808677184625491319e-01 3.449466231166006813e-01 4.470003978093445296e-01 4.326312452278124887e-01 7.240879726010875927e-01 7.423876168088909822e-01 6.424843232101846713e-01 7.360668377266290641e-01
4.670000000000000000e+03 3.063633952948399686e-01 3.290638420956797372e-01 2.526818650219549989e-01 4.891745924670571899e-01 3.197923490404182001e-01 5.938479354476182692e-01 6.073083098248026612e-01 7.061737683842513880e-01 7.189027098577868147e-01 7.167684746577276389e-01
4.672000000000000000e+03 2.548352787058898450e-01 3.944454843844893976e-01 3.329869160440359077e-01 5.440347461954044839e-01 4.033279472888443018e-01 4.812262425958775958e-01 7.271236284412833095e-01 8.211004737064891978e-01 5.806027473238100090e-01 5.585228448195194151e-01
4.700000000000000000e+03 5.195325991717576475e-01 4.801643242349327156e-01 2.738338565802573288e-01 4.568385371295410891e-01 6.338398834896079581e-01 6.382614988080118623e-01 6.414864838891202181e-01 5.129921918762808675e-01 5.381197717327700358e-01 4.114150082548516107e-01
4.701000000000000000e+03 4.921297547165865427e-01 2.753773348727345249e-01 4.225390183086317752e-01 6.973680196192697522e-01 5.574110814852093476e-01 5.694498059161254844e-01 3.879621226884911178e-01 6.274185643792555833e-01 4.760468789895730968e-01 5.472856841716751131e-01
4.702000000000000000e+03 3.195416316142289381e-01 4.182468370368431776e-01 6.849617000325428640e-01 6.347491209341490359e-01 4.998603232861001944e-01 3.122906087003348152e-01 5.309772970933466230e-01 5.552452461872995348e-01 5.974081914536143456e-01 4.867778603504057111e-01
4.756000000000000000e+03 4.655091477863192995e-01 4.715385695519916931e-01 4.222634461913308823e-01 4.255898515132210957e-01 3.652424844631054768e-01 5.484336999269107116e-01 5.757043552417656640e-01 6.608625739511391206e-01 5.207100195601824799e-01 6.012465074880730675e-01
4.757000000000000000e+03 4.781417882197156466e-01 4.068805365907540716e-01 3.807738313677309083e-01 4.575515820820582058e-01 4.682266343877302117e-01 4.917050635855886309e-01 5.576612086449937999e-01 5.983221512931458097e-01 6.350181568579041924e-01 5.534468052932648430e-01
4.758000000000000000e+03 4.193548952222548309e-01 3.640394326069123498e-01 4.108937376637696315e-01 5.425710438457398421e-01 4.129495109218040416e-01 4.679862255688772565e-01 4.769413865368598016e-01 7.335234413199080983e-01 5.900061103619028691e-01 6.020347183833248961e-01
4.759000000000000000e+03 3.834765294495252608e-01 3.932027690524702024e-01 5.032731131671390745e-01 4.957629203039281007e-01 3.928454608176701335e-01 3.859917778944378375e-01 6.419080596931683313e-01 6.796558644228876123e-01 6.331330650721589404e-01 5.281640300039841529e-01
4.760000000000000000e+03 4.029990885869301764e-01 4.733477861164542833e-01 4.461539772717753594e-01 4.720619764813813179e-01 3.122794104438396112e-01 5.478103162575284069e-01 5.686824901374750718e-01 7.256065899571197964e-01 5.633958187834007258e-01 5.434502976233693827e-01
4.761000000000000000e+03 4.701143424903778123e-01 4.181219388299404760e-01 4.188450628674837417e-01 4.007802880825553915e-01 4.548094817174521687e-01 4.701252439899619717e-01 6.221526716446548200e-01 6.388846978404815191e-01 5.752399237013930966e-01 5.802860901806293770e-01
4.762000000000000000e+03 4.326985003822950149e-01 4.040413468437469846e-01 3.544924914014437878e-01 5.353069692496589260e-01 3.986572790708408087e-01 5.400689527664154221e-01 5.314846925892590113e-01 6.651574608304703373e-01 6.170647264401669663e-01 5.554290099888661292e-01
4.775000000000000000e+03 3.798411342459797058e-01 3.378141705124210192e-01 4.056586676053487439e-01 4.293162186392612267e-01 3.609614110845930646e-01 5.233725335868611994e-01 6.528273455393868163e-01 7.265941472154618941e-01 6.560171480544277900e-01 5.825000811305452997e-01
4.831000000000000000e+03 4.582416286646296966e-01 4.080269513572561957e-01 6.445192694343788720e-01 7.578293420135016056e-01 5.118270379797171810e-01 2.957267690627322643e-01 4.030637297810999997e-01 5.320828102433730056e-01 5.201154164649309797e-01 4.704106970583398217e-01
4.837000000000000000e+03 5.211456719486230460e-01 5.205655504990003291e-01 6.125522628525050806e-01 6.422959095420082143e-01 3.988680975332836720e-01 2.357398390570123181e-01 4.278229595740878910e-01 6.126995713491416584e-01 5.373719688123362870e-01 4.577655285438084753e-01
4.838000000000000000e+03 5.407678851490929084e-01 6.093935203819645929e-01 6.395341985793268069e-01 5.103656049618752188e-01 2.159016276512733534e-01 3.697698016957725042e-01 5.290456031942432080e-01 6.431863005925817500e-01 5.301077854875425599e-01 4.082617180903298504e-01
4.839000000000000000e+03 6.135528125623056495e-01 6.307157741656497230e-01 4.932555976325224689e-01 3.481238563073870140e-01 3.313723544074901883e-01 4.692386932649648679e-01 5.611228994319799046e-01 6.302625539601722782e-01 4.835935170903013502e-01 4.644736862736664751e-01
4.840000000000000000e+03 6.405085728455349736e-01 5.034545202808693443e-01 3.291590220367558994e-01 4.579015485235271576e-01 4.318588582230374340e-01 5.151895338595726681e-01 5.578557634270402410e-01 5.836848772929201790e-01 5.410233715945067523e-01 4.595308120076297964e-01
4.853000000000000000e+03 8.199804343687285835e-01 8.118340693685958120e-01 4.543295847483264649e-01 4.343455325635037778e-01 2.594603195521653083e-01 2.673556758511745346e-01 3.903260039723186470e-01 5.878499064208684288e-01 5.397500512580504228e-01 3.307435978024258483e-01
4.857000000000000000e+03 5.200236632742019083e-01 4.829351102680509156e-01 5.313979778016418853e-01 6.294520731459859464e-01 6.023534538550607831e-01 4.814936126518440385e-01 3.792839662498051490e-01 5.081620432293503242e-01 4.815568936405510980e-01 4.255215108645216682e-01
4.858000000000000000e+03 5.233271844691003150e-01 5.505806021823872465e-01 6.443168235086619289e-01 7.038382687044356656e-01 4.557623865598441903e-01 3.416167249741456913e-01 4.234736266389246828e-01 5.926830535244231868e-01 5.164379761690316428e-01 2.574091236725628007e-01
4.883000000000000000e+03 2.680084479610261861e-01 3.124414919433189386e-01 3.123647652463571456e-01 5.503792651417905857e-01 3.572895390306015106e-01 3.862004155751415091e-01 6.073541082013882431e-01 6.795926124660573997e-01 7.630659881618825358e-01 7.612187027721386556e-01
4.885000000000000000e+03 2.940638571976682547e-01 4.458172008655401641e-01 3.570003632168750607e-01 3.741413605296178835e-01 3.917624768157783599e-01 4.351349307375623754e-01 7.794142589579303726e-01 8.576395278693315083e-01 5.269608168130053283e-01 6.392685182221631290e-01
4.887000000000000000e+03 3.377069079825046338e-01 2.781224943146832773e-01 3.988491702349964418e-01 4.210362562675353804e-01 5.606354273075125905e-01 6.689836221691675133e-01 4.434646005349817677e-01 7.382318477612024310e-01 6.653673235641828221e-01 5.649439214828525513e-01
4.888000000000000000e+03 3.011280510314536807e-01 3.716034363542466412e-01 3.616699282982714370e-01 6.129741116611766572e-01 5.604344621759063116e-01 3.382634552975550268e-01 6.346433505105516515e-01 7.607558706901502710e-01 5.920645730791299632e-01 5.267602355667445613e-01
4.901000000000000000e+03 4.001635824017077403e-01 2.773303253316788397e-01 3.295931874789518323e-01 5.185979628200175773e-01 4.948680619368537315e-01 5.557071469174246214e-01 7.499426149634255134e-01 7.189722398284404958e-01 6.053538124951830524e-01 4.533354890646605906e-01
4.902000000000000000e+03 3.132186506471517640e-01 3.217152004711439361e-01 4.825567896798291789e-01 5.712435256541992246e-01 4.766769252850216465e-01 6.735581662018934601e-01 6.301875396128335804e-01 7.032269799201879001e-01 5.075631274935286097e-01 4.658013711031799287e-01
4.904000000000000000e+03 4.502213790574038366e-01 4.901936537537074368e-01 4.924911551136903487e-01 6.186963073023223902e-01 4.396060871684619453e-01 4.945956879841303944e-01 4.322274878548248989e-01 5.688337570332100412e-01 5.660856608476787510e-01 4.737569208927118192e-01
4.905000000000000000e+03 4.975842059697409558e-01 4.767289105669111904e-01 5.926837174622344717e-01 5.258130654678251359e-01 4.247397529956154494e-01 3.489044845486833912e-01 4.511373682919598282e-01 6.577653394524232144e-01 5.273230870013374538e-01 5.014721518264697586e-01
4.988000000000000000e+03 5.016034775343516383e-01 3.252153949207072237e-01 4.255677956865579481e-01 3.677772292248543407e-01 3.605100920042356161e-01 5.439512901615296547e-01 6.653781687508767417e-01 6.721230438315333178e-01 5.845005249598587138e-01 6.084640293265277666e-01
5.071000000000000000e+03 6.557694602469291700e-01 8.911025670469386872e-01 8.688089553992702774e-01 8.768255975429167792e-01 6.583998682886339493e-01 2.601193384710696055e-01 3.649367903095607768e-01 1.334080111467750018e-01 2.424640727349117175e-01 9.509046593597017538e-02
5.072000000000000000e+03 8.974332367080778416e-01 8.949606776376725081e-01 9.400963032239422201e-01 7.791781297377621263e-01 2.874960234882251164e-01 3.605479685057795258e-01 0.000000000000000000e+00 3.270233332373884694e-01 2.494272164887062215e-01 1.797483855433412991e-01
5.073000000000000000e+03 9.332415012192086801e-01 1.000000000000000000e+00 8.746438322737419835e-01 4.934013278954556547e-01 4.196321940964769515e-01 2.823972740869561820e-02 2.804816874782402603e-01 3.723448936737804305e-01 3.537741826828006975e-01 1.338089840500506222e-01
5.074000000000000000e+03 1.000000000000000000e+00 9.106656081076722753e-01 5.366043981947867803e-01 5.817661488884241505e-01 9.041279082948622259e-02 2.856276067087961112e-01 3.030322223817904503e-01 4.733635556509244724e-01 2.914700066886839469e-01 4.054341815863717335e-01
5.075000000000000000e+03 9.181231665009595977e-01 5.865591094631560365e-01 6.261089205883068054e-01 2.903216018801190734e-01 3.153525204393510806e-01 3.019328621258743905e-01 4.192300645460390607e-01 3.914079741653272992e-01 5.247458723361592137e-01 5.285503987958768413e-01
5.076000000000000000e+03 6.049877025573270339e-01 6.309944472529542825e-01 2.697910333284904705e-01 4.467470660029931873e-01 2.851474664504527468e-01 3.720862806355894614e-01 2.711965513908156100e-01 6.367643249664411975e-01 5.992914798921751274e-01 7.767276403084868441e-01
5.077000000000000000e+03 6.133095799288567074e-01 2.623836258813287969e-01 4.017780656394945860e-01 3.867337411425309512e-01 3.087488422520980880e-01 1.756589528791586419e-01 5.264279357802149617e-01 6.924108764515007897e-01 7.865095311860202942e-01 7.233947128273426896e-01
5.078000000000000000e+03 2.980989940096307467e-01 3.866412127677278376e-01 3.378987763263500144e-01 4.077050537212090764e-01 1.338757116049097418e-01 4.395541137314497027e-01 5.945821899528336285e-01 9.211775815337892581e-01 7.405496721290583118e-01 7.276009593377240625e-01
5.122000000000000000e+03 8.460901917242467929e-02 3.811877369018896733e-01 4.674890301388145430e-01 6.080662181204298244e-01 4.584132909113107779e-01 5.950008277406563240e-01 7.225221626144243681e-01 9.072969982218254126e-01 5.349640457303221908e-01 4.219659590719095354e-01
5.125000000000000000e+03 5.152628678114126171e-01 4.445343619574076977e-01 5.100937322124756701e-01 5.829388386957655710e-01 6.332944193330249938e-01 3.697264330470299565e-01 3.746929487479958576e-01 7.066026495743038538e-01 4.980752044269007306e-01 3.880204508383921502e-01
5.126000000000000000e+03 4.832587933422082815e-01 5.222670818415795502e-01 5.853038215035204495e-01 7.223359551290500224e-01 3.461479385806676135e-01 3.263615554966157739e-01 6.542880466665244032e-01 6.044277156499117121e-01 4.767686425497537073e-01 3.236160597921138860e-01
5.128000000000000000e+03 6.058004609372663607e-01 7.282731494081881030e-01 4.615980149693524326e-01 4.344888372526547471e-01 5.596735587424644942e-01 4.798935833019723485e-01 4.916542881185668734e-01 5.040121607622264355e-01 4.596305991991695428e-01 3.249193523596070055e-01
5.130000000000000000e+03 5.200773822441381311e-01 4.533622299573646930e-01 6.783416419057000102e-01 5.697648316168297811e-01 4.278509834718843829e-01 3.746662554536531742e-01 4.863989501290227335e-01 5.219495118866458450e-01 5.242305758176051267e-01 4.609502616703584077e-01
5.131000000000000000e+03 4.806609691057828759e-01 6.682538656852312631e-01 5.583791212210083010e-01 5.326155358864346212e-01 3.370166297774525033e-01 4.266181398547476133e-01 4.153786324186445889e-01 6.242212753165223837e-01 5.304921241715404578e-01 4.317630787240941403e-01
5.132000000000000000e+03 6.534369929277602518e-01 5.422926484625412158e-01 5.041690608818969466e-01 4.408774490927587220e-01 3.682942102401205453e-01 3.363413535816397459e-01 5.229648573006384638e-01 6.182437827899665006e-01 4.938889370314907268e-01 5.027699585380345226e-01
5.133000000000000000e+03 5.477042684331207001e-01 4.940477233049433980e-01 4.082415414568020817e-01 4.704680761171265990e-01 2.905001459722481583e-01 4.506365431914978181e-01 5.189173754060849575e-01 5.762394087105301432e-01 5.579588120407883434e-01 6.736119705731103968e-01
5.134000000000000000e+03 4.819843282796703043e-01 3.758427604254110377e-01 4.098893365620901452e-01 3.752739954418988222e-01 3.602281929064153343e-01 4.101338478483841365e-01 4.328790544772223026e-01 6.252784428859454735e-01 6.827629727336297361e-01 8.006670737223013923e-01
5.135000000000000000e+03 3.750393048894479220e-01 3.705815486037324358e-01 3.004706362245280205e-01 4.286941094801755003e-01 3.162645530254153403e-01 3.128235796909956123e-01 4.837429589566740740e-01 7.701149245258920306e-01 7.874560066656359769e-01 7.864454614447071723e-01
5.136000000000000000e+03 3.698494714830239949e-01 2.674196219264581842e-01 3.569331147533216231e-01 3.899720261281416356e-01 2.285205537389173314e-01 3.641420876423610009e-01 6.579220732185142584e-01 8.966438414259403356e-01 7.743897023477558372e-01 6.742118807235423228e-01
5.137000000000000000e+03 2.876093900626682243e-01 3.272430561643146496e-01 3.228538465415139447e-01 3.212146512303091783e-01 2.823553491273987359e-01 5.525308259737706784e-01 8.198927372264015467e-01 8.881206936232151072e-01 6.827885512038798232e-01 6.072859858942806222e-01
5.138000000000000000e+03 3.214260906565920006e-01 2.751003232060812986e-01 2.275105300609774062e-01 3.475500848489093131e-01 4.269546969874821185e-01 6.926956472418075439e-01 7.837346596360812434e-01 7.554262729009871835e-01 6.072202374214046294e-01 6.927471994080112161e-01
5.288000000000000000e+03 5.395531640938302509e-01 4.436408977200132497e-01 5.364368716483866040e-01 5.503967645102585404e-01 4.248207655456804344e-01 5.310552017055752971e-01 4.987331046429198111e-01 5.703407453912688885e-01 4.247983748711260388e-01 5.392014794700664693e-01
5.293000000000000000e+03 5.233932303400025132e-01 4.317081534245722496e-01 4.051664885417456952e-01 3.622063943588504920e-01 4.681346294132117669e-01 4.649280687012862234e-01 5.660957092765658283e-01 6.462891695281306470e-01 5.611471421926078618e-01 6.026719129991370272e-01
5.761000000000000000e+03 6.014054977561924531e-01 6.052500244552109221e-01 5.652481477645272534e-01 5.487841740657843914e-01 3.000723912658253556e-01 5.426035863316127639e-01 5.725813070603033017e-01 5.936472866444125751e-01 4.701130774077205143e-01 2.554982846594154311e-01
5.762000000000000000e+03 6.248843302865147997e-01 5.783061899710943976e-01 5.530100147604506411e-01 4.378953515670914176e-01 5.058594022114188959e-01 5.362812696627562437e-01 5.223209793053157357e-01 5.745578660859904652e-01 3.645166039029063554e-01 3.836849745877006779e-01
6.188000000000000000e+03 6.652394982631008036e-01 6.476867092608098453e-01 5.067025916160027288e-01 3.303330760966107782e-01 3.036235081489063181e-01 3.259104513970133010e-01 6.420174418401871641e-01 6.304160735972762497e-01 5.807784959898907307e-01 3.520812773593735567e-01
6.205000000000000000e+03 5.637420246799204060e-01 5.292687299350388175e-01 6.729645763825009563e-01 3.925901629334549447e-01 3.033894784294421387e-01 5.086314098984110466e-01 4.250886033019684040e-01 6.036026585410206868e-01 5.180083569460868231e-01 4.975061004092841688e-01
6.207000000000000000e+03 6.992754582548682540e-01 4.207905055714886156e-01 4.495607807686498036e-01 6.019491563885883689e-01 3.774983575551473791e-01 5.124692440497041757e-01 5.853911837965737330e-01 7.163894854677776980e-01 4.031831729473341897e-01 2.848187121818067102e-01
6.208000000000000000e+03 4.885479653777844988e-01 4.954087442830605870e-01 6.380487180589589080e-01 5.305382868604923141e-01 5.085530648966163358e-01 5.827306673957203254e-01 7.037098088780129324e-01 5.189413570754051186e-01 4.115206228307294878e-01 2.702406881089047253e-01
6.222000000000000000e+03 1.883225327538949889e-01 2.272719343756785249e-01 1.836950489264291830e-01 2.027336411925148296e-01 4.971900870766505776e-01 5.679266180349095139e-01 6.079716233212931753e-01 9.007166993149849921e-01 8.245535191557262777e-01 8.524108735519859703e-01
6.223000000000000000e+03 2.078526698726265165e-01 1.122605106670940961e-01 6.560896607218269505e-02 4.993629117495131386e-01 4.021480082781878629e-01 4.317657598352971360e-01 7.566848994104922177e-01 8.926938151691751200e-01 7.913944930466058070e-01 8.720037564789318019e-01
6.230000000000000000e+03 4.071599715720045642e-01 4.225717852772487015e-01 5.376931482706948096e-01 5.771848670995144426e-01 5.515085285818336347e-01 4.300267289970710616e-01 7.818485091261958564e-01 7.297190066903828098e-01 4.093695738857184296e-01 2.987750850455266338e-01
6.251000000000000000e+03 7.811820923523882243e-01 6.865252140541736603e-01 4.443988656249142633e-01 5.689965244197192629e-01 3.814852605621542048e-01 4.659833682779054853e-01 4.073179572178459718e-01 5.539248908110132597e-01 3.245175755613781687e-01 3.870464147031105195e-01
6.252000000000000000e+03 7.196215710709930047e-01 4.933626018513204148e-01 6.054906938730666432e-01 5.367876732124331474e-01 4.700545666148867596e-01 4.018986734040502773e-01 5.094684516667364882e-01 4.254801838263191915e-01 5.033318250113655301e-01 3.378283281394816595e-01
6.253000000000000000e+03 5.490079672955892054e-01 6.398511526940530159e-01 5.652381405548076998e-01 6.085736718598382389e-01 4.066674016149852688e-01 5.011576240203441390e-01 3.468482799128134730e-01 6.391852602453879095e-01 4.559972006887528795e-01 3.129330927696338249e-01
6.257000000000000000e+03 5.110528402722914754e-01 5.268500663394667383e-01 3.455039860800008245e-01 5.404845952913235330e-01 3.268345771466354965e-01 2.797522945592215704e-01 4.086215348358255839e-01 7.375238755012087921e-01 5.783211277183494259e-01 6.800422554148515264e-01
6.259000000000000000e+03 3.407238244255203496e-01 4.596495943331671552e-01 3.539631087079810334e-01 3.154697750918047938e-01 2.362071870505653426e-01 5.378717877746524989e-01 5.370265203979631696e-01 7.963525246362158638e-01 6.841830239237657318e-01 7.517156388477286288e-01
6.271000000000000000e+03 4.628933315404947790e-01 4.266456626823264542e-01 4.808906416439511222e-01 5.656639814702076885e-01 3.753488389326063990e-01 3.811056887383093561e-01 4.945021084725780280e-01 6.664759895515035559e-01 5.801812380588527995e-01 5.652268499796349044e-01
6.455000000000000000e+03 7.896323987061989458e-01 7.634488637651567489e-01 8.282302459698260844e-01 6.948321932636939424e-01 3.698823501600244645e-01 2.634531340487370477e-01 3.053330063054919274e-01 3.763272682321615603e-01 3.033112978604815546e-01 2.681515622087367046e-01
6.456000000000000000e+03 7.852143163473948029e-01 8.539984145683814365e-01 7.406323422512046672e-01 5.260372581198299313e-01 2.874347699045472493e-01 2.953913467198819864e-01 2.924484689154842609e-01 3.988268520362128200e-01 3.986977637979354228e-01 3.532306860885306987e-01
6.459000000000000000e+03 5.835737296507634841e-01 4.567223778411823587e-01 4.329472361864562524e-01 3.995353887026182327e-01 2.494838452302055032e-01 3.676973813454916251e-01 4.855688137776807967e-01 6.048672158290279155e-01 5.765402699730309832e-01 7.899782769706603647e-01
6.460000000000000000e+03 4.717940769634699216e-01 4.242774847328481536e-01 3.606068424669525152e-01 3.647997214747373818e-01 3.151376337225431090e-01 4.082305131940659471e-01 4.989926303271684516e-01 6.739756881943043121e-01 8.058162260806652766e-01 6.213352944494685559e-01
6.472000000000000000e+03 3.757673067412656831e-01 4.187112210071884388e-01 3.798320228895821216e-01 5.337799261239530857e-01 4.324021794729516754e-01 4.284296460338720136e-01 5.747365154036585544e-01 6.222855807036334896e-01 6.506259084861971687e-01 6.074628747429655640e-01
6.474000000000000000e+03 3.507196125501618744e-01 4.323042716049355083e-01 4.298930744212615673e-01 4.097569835359870516e-01 3.654170150982404830e-01 3.678022410210372573e-01 6.178572506608143167e-01 6.981586730472629787e-01 7.258453570749101580e-01 6.082470088382896378e-01
6.475000000000000000e+03 4.383106080093586154e-01 4.067735307953755375e-01 3.560444161205846836e-01 4.505051877655270043e-01 2.984867485266667342e-01 5.257980318438540968e-01 5.937723283550875308e-01 8.407660483318450950e-01 6.349491460279793609e-01 4.882485389194456959e-01
6.542000000000000000e+03 3.292677785061852158e-01 2.710811118506096240e-01 4.044826759250571002e-01 4.687594065624430817e-01 4.771440632790934777e-01 6.051443678465660003e-01 5.889222547930069718e-01 8.343646957344552639e-01 6.760193120908747355e-01 4.325517518555264673e-01
6.543000000000000000e+03 3.011852566718172253e-01 3.840389174632298785e-01 4.205739618635229715e-01 5.480617591902749997e-01 5.117413419806564612e-01 4.973541069989237950e-01 7.600784178901525134e-01 7.811788295167090279e-01 4.828409079340944543e-01 4.550254084564493984e-01
6.544000000000000000e+03 4.052644455625419306e-01 4.077210194824593126e-01 5.150234021458873768e-01 5.865632067493543600e-01 4.253673721353788961e-01 6.849708709292312570e-01 7.065010861665116382e-01 5.546480066017019928e-01 5.096560371456609895e-01 3.488100892452147272e-01
6.599000000000000000e+03 4.317215333586650883e-01 5.737199518435933676e-01 3.788633378465580126e-01 4.431376134276946432e-01 4.768742409761754231e-01 5.170410327160834818e-01 5.383140104607806453e-01 7.013871689001920373e-01 5.797826059007865629e-01 4.162396718822019004e-01
6.600000000000000000e+03 5.843118239014178927e-01 3.876637188134797185e-01 4.225609812635526263e-01 5.755023591986229148e-01 4.649888075331395365e-01 4.808256458624403651e-01 6.337070875779190482e-01 6.925064766164470420e-01 4.918695398883803360e-01 3.288742313658432059e-01
6.601000000000000000e+03 4.348322290973402060e-01 4.405185200939644163e-01 5.777940717851940411e-01 5.770407778780410890e-01 4.462089815473002097e-01 5.946496618568368753e-01 6.377528367061222614e-01 5.973251432088139135e-01 4.255060176239796599e-01 3.968765880462465923e-01
6.602000000000000000e+03 4.675647327185218916e-01 5.714466007245890822e-01 5.636079713645023581e-01 5.460875346557673149e-01 5.311123131420829591e-01 5.797782559979997030e-01 5.038359426506207051e-01 5.012565547387416443e-01 4.725557187198059506e-01 3.574182460493189328e-01
6.644000000000000000e+03 4.262020451137414900e-01 4.727105105199417845e-01 6.642798090703273539e-01 5.651431350101905338e-01 4.972902641519484912e-01 4.223167101110018584e-01 4.564708341923856549e-01 6.319745648030145047e-01 5.709214314278524549e-01 3.368891594451212113e-01
6.645000000000000000e+03 4.894195238771133494e-01 6.458030869637447768e-01 5.436136126977167971e-01 5.835919321913252134e-01 3.692116775760579395e-01 3.840495858386894223e-01 5.375383082181131034e-01 6.718225524911943802e-01 4.146429253361735290e-01 4.058546233980847018e-01
6.646000000000000000e+03 6.586076123472687227e-01 5.567026678219906266e-01 5.891588892644412656e-01 4.965333479326762833e-01 3.623329036053880015e-01 4.984247904576414867e-01 6.157080723539046785e-01 5.054880689556897622e-01 4.947976816622794427e-01 2.692622435951053661e-01
6.647000000000000000e+03 6.036027302999602551e-01 6.246100179916087569e-01 5.219206086815479928e-01 5.152272272942697295e-01 4.934486925704389404e-01 6.113286230231215201e-01 4.443607431388660878e-01 6.288698865360883294e-01 3.961089470106182175e-01 2.433892363420186167e-01
6.648000000000000000e+03 6.519470829967033421e-01 5.496784131662828532e-01 5.296985159074648619e-01 6.174197805028002195e-01 5.813573327620628062e-01 4.190861819924669440e-01 5.800663094970756051e-01 4.963194195287593535e-01 3.638792106065358301e-01 2.820880808552914676e-01
6.650000000000000000e+03 5.888520214472151570e-01 6.548072254382478752e-01 7.159000004704272335e-01 5.384376696069335111e-01 5.282219114318011943e-01 3.854011349851929058e-01 3.638989741568212644e-01 4.924403183474451162e-01 3.886718995238506724e-01 3.731181020412740468e-01
6.651000000000000000e+03 6.590187119705871455e-01 7.099938007974603282e-01 5.314882389468819079e-01 6.258534948997979130e-01 3.539210290202762788e-01 3.082355227812695331e-01 3.874336725099827294e-01 4.652283640435486700e-01 4.591785324720430994e-01 4.534664759341934248e-01
6.696000000000000000e+03 4.581490795276668693e-01 3.573756963910885154e-01 4.267975170623016790e-01 4.846284644470224556e-01 4.166364112978172551e-01 6.543194975270029135e-01 4.696013413099833222e-01 6.796337227217318366e-01 5.789326432617357687e-01 5.330159652657284752e-01
6.697000000000000000e+03 3.810630632042005805e-01 4.119623460477894739e-01 4.451255228077548587e-01 5.027882427881781302e-01 5.638302222560599430e-01 3.833685473927608833e-01 5.814475323173824428e-01 6.701412027093810453e-01 5.762738922731749369e-01 5.379959955227464619e-01
6.698000000000000000e+03 4.251167993209251650e-01 4.259750160354259796e-01 4.612669853246966767e-01 6.268087933022181701e-01 3.180348646031459503e-01 4.946275482706538607e-01 5.659973701216284292e-01 6.636438272347826572e-01 5.779402373539265225e-01 4.793230763506222680e-01
6.701000000000000000e+03 6.269728544526630420e-01 4.326160972980129249e-01 5.450476868343684389e-01 5.683760565916220475e-01 4.889013853188837189e-01 5.771284839669084121e-01 5.855881903087397644e-01 5.553191044953326161e-01 3.744050605980813740e-01 3.432041163396614136e-01
6.702000000000000000e+03 4.876881323447527783e-01 5.723208843396154766e-01 5.879802862059556601e-01 6.143655099882315840e-01 5.517145123841122878e-01 5.663516664801090394e-01 4.917406975459179819e-01 4.706774803132722229e-01 4.518863488969846465e-01 3.005808158154483767e-01
6.703000000000000000e+03 5.969107605513002124e-01 6.000205220448417975e-01 6.240679523739091072e-01 6.562483754373028555e-01 5.275476032447588004e-01 4.531631070287556184e-01 3.733669778150252583e-01 5.526462452487603816e-01 4.041918661836428339e-01 2.532610505937272771e-01
6.704000000000000000e+03 6.242839448586530171e-01 6.381099902748964547e-01 6.736717199824728830e-01 6.394491981858360097e-01 4.308669238797597778e-01 3.360499490576838721e-01 4.780669812500852323e-01 4.985616548495201972e-01 3.662770136916856933e-01 3.397904263697673621e-01
