4.570000000000000000e+02 5.481758090138088013e-01 6.364185465313589862e-01 6.020172419302485256e-01 5.285392494779282968e-01 7.577188717990561706e-01 5.743900713789925616e-01 5.049671219721676430e-01 3.731552708772989946e-01 2.470341441751380263e-01 2.545342037776849864e-01
4.580000000000000000e+02 6.086760757007289024e-01 5.920904238603091896e-01 5.700749269260318997e-01 6.745450319240690051e-01 7.545857598949367029e-01 6.131626961723585234e-01 4.886345136994394989e-01 2.775222888031446677e-01 2.702695377757771689e-01 1.939828655149774816e-01
5.250000000000000000e+02 4.252507911709261790e-01 5.417458179847011168e-01 5.209437434472938833e-01 5.079027499307186000e-01 5.294057188359035937e-01 5.998226227044369807e-01 6.651934543930454469e-01 4.715892147182149108e-01 4.210952136891025210e-01 3.270643645919932285e-01
5.760000000000000000e+02 6.329831537899361926e-01 7.419794812234302706e-01 7.820253538291265238e-01 7.003548485243811239e-01 7.159462214422168680e-01 5.756221919323383229e-01 3.059747119436482810e-01 1.675906891355520845e-01 1.516905026854392380e-01 1.685287548537713065e-01
5.770000000000000000e+02 7.335500580688795180e-01 7.881923691282985978e-01 7.326719571325345237e-01 6.589294775804620530e-01 7.755725668922938132e-01 4.034536043426077412e-01 2.785816208937628158e-01 1.839777938968181481e-01 1.842989361635829770e-01 1.652108417028372855e-01
5.780000000000000000e+02 7.863753031657687576e-01 7.414749483927387530e-01 6.999592374992507082e-01 7.052074725805632660e-01 6.035532916704116069e-01 3.775010768886691293e-01 3.014863718973470608e-01 2.255006397076315394e-01 1.843283696899831459e-01 2.238722450100538996e-01
5.790000000000000000e+02 7.402579074131531156e-01 7.112377334284406549e-01 7.436237629296181817e-01 5.870025983560565042e-01 5.817180698501080993e-01 4.086674782176601406e-01 3.514899809700641753e-01 2.293395803319199511e-01 2.553639330271050278e-01 2.443103105668339714e-01
5.800000000000000000e+02 6.953777944056075411e-01 7.436658072490915927e-01 6.281957438721239573e-01 5.580791192958569624e-01 5.948546657286278849e-01 4.477029168898079003e-01 3.396418747318371012e-01 2.956167977913520262e-01 2.660665868662978606e-01 3.045816252716735395e-01
5.810000000000000000e+02 7.302881015000532994e-01 6.264334772144458663e-01 6.034062925491185947e-01 5.679846081258961288e-01 6.360145817538840340e-01 4.349274005003548327e-01 4.134433721731503586e-01 3.084690725301451608e-01 3.361461779049941812e-01 2.601861613798379103e-01
5.830000000000000000e+02 5.616058667824422868e-01 5.931367702125841523e-01 6.210235299465479697e-01 5.688835509365542942e-01 6.835830503184925355e-01 5.100599471586035882e-01 4.928189848390638894e-01 3.094293886389814507e-01 3.205205362201746233e-01 3.072573191537174564e-01
5.840000000000000000e+02 5.500331117144833248e-01 5.993003847243250082e-01 5.934636468570031465e-01 6.084780255465747079e-01 6.688809277563091404e-01 5.803629082020909102e-01 4.020939258817826101e-01 3.462512453347160735e-01 3.179413571543446282e-01 3.082155740284031054e-01
5.850000000000000000e+02 5.408111691135751853e-01 5.563624463248653118e-01 6.134635863747681661e-01 5.813870556207247908e-01 7.175807196756092132e-01 4.532929050072720401e-01 4.226070392722680591e-01 3.251371006377264394e-01 3.030445775849117118e-01 4.231607643872283275e-01
5.860000000000000000e+02 4.931596812630079096e-01 5.745094727070958474e-01 5.876374709177871747e-01 6.132492228789074851e-01 5.832824014044520888e-01 4.734084613776197714e-01 3.964271621588367767e-01 3.055319287652751292e-01 4.328213126195676885e-01 4.335804017014890932e-01
6.530000000000000000e+02 5.101639338912170585e-01 5.967783434949812671e-01 6.261849876322912456e-01 5.961786279831444713e-01 7.586960563999142204e-01 5.910870683570494943e-01 4.674438333019661496e-01 3.249240711525495651e-01 2.703628174171761045e-01 2.778977060912444230e-01
6.540000000000000000e+02 5.483228555890526934e-01 5.992962909746230027e-01 6.121688593387861754e-01 6.555843386680745288e-01 7.439857596656402894e-01 5.431037757097245677e-01 4.120862153500468583e-01 2.828433818763261831e-01 2.785036150485441508e-01 3.069453989402730620e-01
6.550000000000000000e+02 5.554224365200052249e-01 5.892192616170631725e-01 6.682314432866838239e-01 6.499336169908122018e-01 7.012459811309601498e-01 4.860560283895845046e-01 3.714101778102414930e-01 2.972073507105904011e-01 3.164434412716420342e-01 3.053743054813636837e-01
6.560000000000000000e+02 5.437090229012364606e-01 6.453241515886679602e-01 6.622978378029422686e-01 6.186248579099055123e-01 6.408610492126334268e-01 4.378177158297894556e-01 3.858686102329692003e-01 3.390921848722049936e-01 3.135517473178928705e-01 3.201320722662296392e-01
6.570000000000000000e+02 6.078067614749727010e-01 6.438339428232826567e-01 6.393867070630102623e-01 5.810825705984919987e-01 5.983475409578372650e-01 4.613953568002159833e-01 4.380664885165084232e-01 3.413482565052684548e-01 3.354212123788766764e-01 2.716002832959462654e-01
6.580000000000000000e+02 6.126605506200392126e-01 6.265567969062593168e-01 6.124952338056355305e-01 5.578389277007110847e-01 6.322616704020960210e-01 5.306790134384463675e-01 4.486984177926237050e-01 3.736207391379406939e-01 2.860354368875177578e-01 2.773783261962688429e-01
6.590000000000000000e+02 6.004726220145187865e-01 6.048791445568597602e-01 5.977780716491855051e-01 5.882353978302869990e-01 7.128458278730868125e-01 5.517589575524066703e-01 4.919811839578661639e-01 3.244535328253196904e-01 2.988477191807331068e-01 2.334103295847509973e-01
6.600000000000000000e+02 5.804202489427002787e-01 5.925884861252387337e-01 6.270596664583670821e-01 6.482633288633367075e-01 7.389350601498277937e-01 6.057176007605267198e-01 4.414607562145366204e-01 3.423554570175665890e-01 2.510870244582528721e-01 1.997049889957329960e-01
7.870000000000000000e+02 5.614960344410336868e-01 5.629542396017088723e-01 5.896865333051004576e-01 5.279342335349040960e-01 5.577802718516826630e-01 4.662345522184411228e-01 4.401002122546422424e-01 4.028665665415744335e-01 3.859685573019938643e-01 4.082583431455546474e-01
7.880000000000000000e+02 5.163128592305353814e-01 5.656459323554563490e-01 5.559679298854911522e-01 5.177198455134331967e-01 6.209745153119410332e-01 5.171773258542391449e-01 5.026106776218576266e-01 4.185117921780053818e-01 4.323396045492541861e-01 3.226599645074618161e-01
7.890000000000000000e+02 5.150740367869853786e-01 5.274412007899736965e-01 5.432573979774648620e-01 5.579973294202051903e-01 6.673063555222080723e-01 5.829253329226671276e-01 5.145981061141144952e-01 4.664372488246756876e-01 3.296444956001608473e-01 3.152639960261796048e-01
7.900000000000000000e+02 4.736554998119329452e-01 5.134930679942899534e-01 5.774734794299302143e-01 5.895647734336951773e-01 7.334219269202338909e-01 5.951157717056791974e-01 5.659617732486681430e-01 3.485388510123288985e-01 3.200487659887029657e-01 3.226563580783533003e-01
7.910000000000000000e+02 4.583937709528048687e-01 5.478357948392948984e-01 6.045683614756045543e-01 6.356571744055491413e-01 7.451742294041198145e-01 6.532637902867639568e-01 4.355747112152785205e-01 3.370235895152298156e-01 3.280127136687392975e-01 2.902650354787397746e-01
7.920000000000000000e+02 4.907755736531693724e-01 5.717345035113305940e-01 6.412119775055542537e-01 6.397857102793815809e-01 7.991451009784544812e-01 4.979693408589085379e-01 4.179380079246948210e-01 3.415511848015929108e-01 2.867769687733111583e-01 3.078794871419475165e-01
7.930000000000000000e+02 5.193830030462778247e-01 6.122417575214289531e-01 6.479658018695082511e-01 6.814730762505316619e-01 6.443232581685993665e-01 4.826687221993005705e-01 4.272152486485484291e-01 2.986209800238760481e-01 3.104736555217032512e-01 3.096102268513591937e-01
7.940000000000000000e+02 5.600359739081415267e-01 6.171009069795984070e-01 6.824085512505827511e-01 5.699626735121089416e-01 6.253683478595577494e-01 4.902065585650812740e-01 3.772883602154224469e-01 3.230789531873933251e-01 3.103005809377736846e-01 3.518429741379393016e-01
7.950000000000000000e+02 5.685473631686122076e-01 6.553774780441145031e-01 5.881034603310991704e-01 5.601656092229430062e-01 6.382017862982700684e-01 4.378482451359327898e-01 4.084780359526569704e-01 3.267805075282037564e-01 3.623271386175493380e-01 3.609352916613882134e-01
9.950000000000000000e+02 4.920664845545791866e-01 5.312047384996858579e-01 5.440264364763491844e-01 5.961836633610816394e-01 7.563493265151487455e-01 5.259818852224067420e-01 4.887199652762704294e-01 4.074718162427597989e-01 3.351324398823568584e-01 3.400334126468652074e-01
9.960000000000000000e+02 4.760292141219454320e-01 5.127619424418841110e-01 6.093520619077478218e-01 6.506874621721068230e-01 6.723468639978016359e-01 5.630676827299658793e-01 4.990327198550865706e-01 3.529100567669043453e-01 3.469073025618468753e-01 3.151249802177473747e-01
9.970000000000000000e+02 4.563817257304868535e-01 5.791187163285331785e-01 6.568220593058730072e-01 5.912310645867489001e-01 7.102838942889221352e-01 5.746488893109810148e-01 4.387951233924575201e-01 3.660868838366758693e-01 3.180775215323076721e-01 3.022997356605644503e-01
1.001000000000000000e+03 5.368324057744007227e-01 5.964195128178498839e-01 5.824925515168730694e-01 5.777026212863846100e-01 6.106500214110408553e-01 4.451901017980771647e-01 4.050401725086237859e-01 3.971162416930455463e-01 3.805018648781208213e-01 3.794020168456868070e-01
1.002000000000000000e+03 5.378712683136515071e-01 5.452924132052756612e-01 5.866780556759596532e-01 5.404255569968064998e-01 5.785938137913834156e-01 4.568184507675716044e-01 4.786611613390865938e-01 3.962741532239693054e-01 3.850035329736687384e-01 4.106894962893030687e-01
1.003000000000000000e+03 4.856242703694301222e-01 5.511849362726687351e-01 5.557201798592961151e-01 5.196463917419662515e-01 5.931587209754695111e-01 5.437640778475997250e-01 4.799434706609580492e-01 4.033935678760789401e-01 4.227547485257511228e-01 3.978410918906696847e-01
1.524000000000000000e+03 3.112475673672702170e-01 3.350427947227460068e-01 3.813998490017003751e-01 3.391596505848943344e-01 8.051671983344081962e-01 6.936262815710354523e-01 5.600567643587721633e-01 5.893797486152143605e-01 5.983338719860858967e-01 5.045908929929933118e-01
1.700000000000000000e+03 6.119818886846587480e-01 5.889152409568363389e-01 6.263969108120670537e-01 6.439964865340744860e-01 7.034786093428263554e-01 5.748716254221922783e-01 4.858476422784993587e-01 3.514576737094349257e-01 1.916304796406952116e-01 2.327680750282687117e-01
1.701000000000000000e+03 5.621086710020127830e-01 6.204423776158605186e-01 6.745594433284906044e-01 6.401304976737567376e-01 7.606425425114404781e-01 5.965892818896513239e-01 4.694179402871389017e-01 2.187147991794617663e-01 2.489122291187091385e-01 2.211898592595735735e-01
1.705000000000000000e+03 6.581031190960302535e-01 6.937619210674832448e-01 6.862331080464276756e-01 5.349052531645754893e-01 6.396676187950474102e-01 4.384214055910922725e-01 3.018670309021502240e-01 2.566273724626788044e-01 3.699213992137765916e-01 2.933412378225409012e-01
1.706000000000000000e+03 6.656429432353540010e-01 6.744923665832389670e-01 5.722585987080420766e-01 5.872262610275292838e-01 6.088429939953982073e-01 3.744941798092992213e-01 3.556103919565153926e-01 4.130675492365262214e-01 3.112645914928490187e-01 3.204656610712254827e-01
1.709000000000000000e+03 5.769411245718416570e-01 5.904477649986701326e-01 5.630305088065867825e-01 5.693565275635130707e-01 8.185709676100161314e-01 5.573628976243494293e-01 5.002235084456263525e-01 4.127266889364558655e-01 2.205367652347398899e-01 2.458127140565012636e-01
1.714000000000000000e+03 6.123493702014987106e-01 6.725614240950541500e-01 7.043226485560795114e-01 5.297610604910143461e-01 6.116412655634790863e-01 5.544083085301484415e-01 6.108586459756195630e-01 3.239082358190652489e-01 1.847553393455059756e-01 1.816859027062809606e-01
1.715000000000000000e+03 6.572306287263687263e-01 7.062025624369433485e-01 5.806301669097394536e-01 5.821740291110852894e-01 7.494457133567467011e-01 7.499651164692183736e-01 4.474141429597551234e-01 2.184209706159775943e-01 1.966546714584308519e-01 1.692021539227941684e-01
2.380000000000000000e+03 7.084994290889460311e-01 6.733577378738325736e-01 6.299894194571449280e-01 6.137342412571671346e-01 4.955022191468394510e-01 4.131648571599196296e-01 3.768364350477289570e-01 2.720951574375788384e-01 3.829876352215337842e-01 2.805004073122628894e-01
2.381000000000000000e+03 6.499110411505777396e-01 6.226518165596621746e-01 6.466371061378087814e-01 4.914853231954424140e-01 5.914976019434965426e-01 4.690666874134421516e-01 3.800080344644468644e-01 4.346757999933866801e-01 3.023690590822067370e-01 3.189022928468528972e-01
2.382000000000000000e+03 5.896106350163844434e-01 6.333342592150466022e-01 5.335011716127198156e-01 5.523131537763509291e-01 6.391992424783337068e-01 4.630456877229774948e-01 5.506667186497006261e-01 3.352830124072000428e-01 3.398655915359237722e-01 3.198103100486530681e-01
2.383000000000000000e+03 5.870437805066831549e-01 5.049974014501800168e-01 5.739238974778272384e-01 5.713535637270017453e-01 6.122449604389791356e-01 6.387494549787713360e-01 4.236157767499458271e-01 3.619226244366737233e-01 3.268391624085602021e-01 3.763868439990575854e-01
2.384000000000000000e+03 4.397939123791491656e-01 5.350793567756345626e-01 5.796653563534195364e-01 5.398738378145144789e-01 7.754369434470458344e-01 4.758077166234527255e-01 4.379501327210832962e-01 3.335244135303484514e-01 3.799175639915934877e-01 4.676563556626320839e-01
2.385000000000000000e+03 4.649605827731390639e-01 5.346808557991034050e-01 5.460541127543603324e-01 6.478927371724653161e-01 5.977981451620713038e-01 4.825808655462761054e-01 3.983189165487454608e-01 3.860929203597065484e-01 4.780375131580078540e-01 3.902254119720956482e-01
2.386000000000000000e+03 4.655853234701226584e-01 5.014824802929930270e-01 6.413208740952855980e-01 5.237949910392613040e-01 6.063434366935441799e-01 4.386971437727881229e-01 4.574222558569265851e-01 4.986418079255609537e-01 3.901297463889117911e-01 4.040916024569055631e-01
2.387000000000000000e+03 4.391721570726710433e-01 6.066120881339953641e-01 5.410066541952073260e-01 5.390064423124645288e-01 5.742009049589581471e-01 5.191136332421777411e-01 5.922505351896031334e-01 4.089793512527401531e-01 4.149601990474450219e-01 3.355546439341560716e-01
2.388000000000000000e+03 5.440639927251600394e-01 4.987797613151908060e-01 5.486597648057832677e-01 5.098945353758604915e-01 6.478195151517761596e-01 6.647509429724638430e-01 4.858752468437385064e-01 4.300814393575760342e-01 3.299330066390526173e-01 3.607213594814837054e-01
2.502000000000000000e+03 6.610781105689290671e-01 4.962318362655918080e-01 5.316704733889409118e-01 6.057724701064253203e-01 6.767084689396936081e-01 6.080925064658418977e-01 5.206764911893299042e-01 2.953871797811817856e-01 2.536740406119166735e-01 3.583580559085001727e-01
2.657000000000000000e+03 7.464469810885200340e-01 7.606521466694143863e-01 5.126018931894030795e-01 4.225448906568555207e-01 5.723623352242797058e-01 3.423584879859841168e-01 3.516332807682864270e-01 4.088957938623449806e-01 4.126745762350360613e-01 3.210653734989591390e-01
2.732000000000000000e+03 4.553334252623080780e-01 6.213151597628093770e-01 6.631602528893772996e-01 6.562110061557089313e-01 9.353794287932711837e-01 4.332355598320831724e-01 3.330149219778568703e-01 3.585734534903435300e-01 2.821914299731921316e-01 2.674337605999786982e-01
2.733000000000000000e+03 5.786220420001609854e-01 6.411048398302787721e-01 6.687157499469676969e-01 7.849893170869564063e-01 5.879311024243651929e-01 3.951977069047409308e-01 4.546760980721963330e-01 3.013196531710624071e-01 2.708922204380586618e-01 2.236483650541505330e-01
2.734000000000000000e+03 6.126140236647704684e-01 6.591478675440278767e-01 7.935729700209211979e-01 5.534729738502512930e-01 5.682305611680168456e-01 5.538940896504526146e-01 4.081984533835542606e-01 3.034930864628187508e-01 2.336544926461363303e-01 2.290273137712611484e-01
2.735000000000000000e+03 6.190322935847716312e-01 7.743815005410839003e-01 5.792860671937122286e-01 5.262275403532503670e-01 7.129093966779218583e-01 4.821202311422072562e-01 3.945968548917688223e-01 2.466544476791679152e-01 2.271164849666266472e-01 3.593805026214353382e-01
2.736000000000000000e+03 7.540375653462061400e-01 5.683711107309857846e-01 5.675256146484047859e-01 6.422700859725338773e-01 6.585548462331050068e-01 4.855191713603039250e-01 3.485383660195925382e-01 2.542105274065259990e-01 3.905008948683247882e-01 2.612615328358024458e-01
2.737000000000000000e+03 5.479204046758843205e-01 5.675168200457679779e-01 6.800961825959238594e-01 6.164040626300826275e-01 6.798181765027425660e-01 4.497708681077983162e-01 3.718147824350628294e-01 4.537993945828004416e-01 2.894182039352788949e-01 2.869287375481586744e-01
2.899000000000000000e+03 4.859323053409244086e-01 6.969177235962277228e-01 7.469113215006756290e-01 7.328676546927150870e-01 8.464086396804700874e-01 5.459816780782343892e-01 2.765271018964524652e-01 1.963990223628596932e-01 2.275783881809250453e-01 2.208807985484788072e-01
2.900000000000000000e+03 6.532290350187338612e-01 7.214188885922606653e-01 7.308243784242205443e-01 7.165566738589116413e-01 6.962072149863574033e-01 3.227750614073139346e-01 2.695702568028759960e-01 2.332355112569067801e-01 2.120112687682845776e-01 2.924625295847858020e-01
2.901000000000000000e+03 7.168779291657899622e-01 7.407452151983145994e-01 7.515934601803617721e-01 6.503355758054043534e-01 5.220367394737224220e-01 3.688867344335167164e-01 3.573556855758035500e-01 2.584548705991823181e-01 3.323704556260004273e-01 1.430157849140926141e-01
2.902000000000000000e+03 7.348327552658918682e-01 7.595755573396593130e-01 6.912387031931562786e-01 5.244538467064986387e-01 5.659474543286840964e-01 4.662686122805719813e-01 3.820304349445629577e-01 3.926774335229983315e-01 1.574415788314376952e-01 2.192302460430262667e-01
2.904000000000000000e+03 6.659382480367952439e-01 5.632629178491214139e-01 5.864987205393874525e-01 6.018341345572373324e-01 6.606601225810752043e-01 6.306177216797861362e-01 2.808519113775310716e-01 2.666895984408574338e-01 3.058203954216314746e-01 3.815421052900477283e-01
2.905000000000000000e+03 5.023585916584164535e-01 5.488847157363222484e-01 6.072775222603600254e-01 5.751511236266044769e-01 7.686855647876531528e-01 3.136811994589262520e-01 3.346083356659587116e-01 3.109007905957245077e-01 3.869387660230488302e-01 5.288739174598207082e-01
2.906000000000000000e+03 4.761912018326324714e-01 5.596022072498975097e-01 5.737444716551278745e-01 6.395628475734038698e-01 4.260304214460944872e-01 3.593037468042345473e-01 3.692114648227644569e-01 3.901724214865299190e-01 5.449231917018655391e-01 4.721200392833855286e-01
2.908000000000000000e+03 3.774722096122467008e-01 5.121327265510559057e-01 3.510287611596810131e-01 3.528237488580445169e-01 4.023275263138377800e-01 3.898560509128747853e-01 5.570589666264128548e-01 4.083396006087441354e-01 7.324640387464695923e-01 7.426165054181185221e-01
3.048000000000000000e+03 5.856437076650038431e-01 8.383901342694279890e-01 8.584205781333773544e-01 4.962651134281336751e-01 6.669546575952013390e-01 3.041135215027583327e-01 3.098281770302208082e-01 2.780155247804154128e-01 1.424607563434876212e-01 3.314994549456054540e-01
3.049000000000000000e+03 7.959001702276733425e-01 8.285749842247278618e-01 5.179065500141193379e-01 5.828500184688267804e-01 4.371817241734025639e-01 3.513528725119676732e-01 3.509491242061362204e-01 1.289605868558705848e-01 3.325251926751680576e-01 4.334988904262559450e-01
3.369000000000000000e+03 5.442215922963298258e-01 6.261743006754777463e-01 5.856683451842250587e-01 6.300328300734115983e-01 7.279668487153274636e-01 6.798676024173817556e-01 3.885843665018457460e-01 2.603821510822166285e-01 3.666348910002210082e-01 2.154982737098105061e-01
3.370000000000000000e+03 6.004024705996623412e-01 5.778303222480913881e-01 6.612854903950680097e-01 6.562415016936306023e-01 8.672644613749939113e-01 4.831632228124972950e-01 3.676189410253917766e-01 4.165449479150587497e-01 2.278695712959347419e-01 1.701336242258815745e-01
3.371000000000000000e+03 5.484883728912494094e-01 6.542346596465687947e-01 6.835133388160622436e-01 7.538859846149045252e-01 6.631748349200953241e-01 4.579542658524031196e-01 5.387283968243856691e-01 2.577762710354096209e-01 1.748157993652636188e-01 2.259979293418932500e-01
3.372000000000000000e+03 6.197971936984540964e-01 6.678895834075834204e-01 7.600865211837176671e-01 5.995598163403669245e-01 6.229442703054285380e-01 6.406587719031254791e-01 3.517809158846904594e-01 1.865702218445950966e-01 2.296195210591512881e-01 2.554556994530332581e-01
3.373000000000000000e+03 6.543323882025962046e-01 7.650641768109059937e-01 6.436574401234619325e-01 5.923262619572330356e-01 8.415623601501591722e-01 4.550223771172168252e-01 2.985486071976487521e-01 2.718348058205169449e-01 2.837839186511749157e-01 1.596103489449971768e-01
3.605000000000000000e+03 4.725756720608674244e-01 4.901282055102778035e-01 5.301906388501350653e-01 4.319284609622680016e-01 3.899352482249307528e-01 2.292377922644505961e-01 5.116212766456275096e-01 5.963951137047700524e-01 4.887705991823458884e-01 6.466558183301983620e-01
3.669000000000000000e+03 1.182222174973208140e-01 4.223616536327464699e-01 6.918691532055581961e-01 3.902661447838862707e-01 6.353392856437720670e-01 8.448016274808112236e-01 5.401293733694542132e-01 5.121160864875978769e-01 5.164202881687003366e-01 4.079484245267060993e-01
3.670000000000000000e+03 3.185226712044376685e-01 6.222518703129041873e-01 3.899230136393655455e-01 5.195592316349489925e-01 9.347192089353597577e-01 5.586887912996122418e-01 5.586868091711656437e-01 5.082548825067382259e-01 3.808129253525947555e-01 3.289812896835320744e-01
3.671000000000000000e+03 5.132030419768179863e-01 3.011451591712001608e-01 4.880149453625053924e-01 7.132170890215940862e-01 6.172609271502685901e-01 5.567730915298066963e-01 5.342249505964967726e-01 3.364486645376034146e-01 2.742194972727948210e-01 6.309790516443666286e-01
3.672000000000000000e+03 1.653784347906926133e-01 3.908687179691892055e-01 6.467916019234518643e-01 4.791663913697070121e-01 5.996347750385323527e-01 5.135798428017541717e-01 3.328347708797878557e-01 2.039335601544479681e-01 6.093165009762534501e-01 8.850564026339112766e-01
3.673000000000000000e+03 2.077621932080100098e-01 5.017099765678568746e-01 3.947243184748898126e-01 4.109672802858377327e-01 4.760334408226996605e-01 2.071771987940845827e-01 1.213017667086188772e-01 5.203810028625638351e-01 8.439480194450452721e-01 1.000000000000000000e+00
3.674000000000000000e+03 3.468543973211900555e-01 2.689421600976571458e-01 3.569693059561178106e-01 3.489846418018719976e-01 1.977292205898109889e-01 0.000000000000000000e+00 4.962031182001216401e-01 8.123775829141920424e-01 1.000000000000000000e+00 8.516751974726272101e-01
3.675000000000000000e+03 1.121665975017721167e-01 2.396875651816464114e-01 3.119741555823974388e-01 1.640011799354894884e-01 0.000000000000000000e+00 4.410605850390736937e-01 8.276887801920282950e-01 1.000000000000000000e+00 8.408094473308383998e-01 8.971353330580552621e-01
3.676000000000000000e+03 5.744805689903310225e-02 1.713579946459076464e-01 1.291214213091704532e-01 0.000000000000000000e+00 4.142387959116068386e-01 7.819706730905947589e-01 1.000000000000000000e+00 7.907429212728155354e-01 8.664180875823318528e-01 8.882517402053752287e-01
3.677000000000000000e+03 0.000000000000000000e+00 0.000000000000000000e+00 0.000000000000000000e+00 3.051785173145227792e-01 7.846637423275070189e-01 1.000000000000000000e+00 7.908207899776593663e-01 8.371230193694841892e-01 8.718410766849220561e-01 7.236586061393460723e-01
3.809000000000000000e+03 6.344082936455981425e-01 8.355365085898609490e-01 8.922912173563741778e-01 1.000000000000000000e+00 8.200019689656520283e-01 4.783291198117597398e-01 0.000000000000000000e+00 1.082147896080549662e-02 1.086403940521267208e-01 9.305012314375440963e-02
3.810000000000000000e+03 8.377514659812697051e-01 9.056341206935248911e-01 1.000000000000000000e+00 7.379422468683369818e-01 6.827009443961411517e-01 5.874135182111330650e-02 1.119779148358289594e-01 1.407039446823774020e-01 1.022854442017384763e-01 1.263337349398007403e-01
3.811000000000000000e+03 8.955844413132556525e-01 1.000000000000000000e+00 7.553016218859130992e-01 6.237367311808643677e-01 2.257545541342327045e-01 1.646018610672696503e-01 2.351356606339284616e-01 1.152236111608460067e-01 1.246295641185096309e-01 4.339262098497289055e-01
3.812000000000000000e+03 1.000000000000000000e+00 7.546539522033630654e-01 6.594615402475172417e-01 3.053559146035964567e-01 3.415300305870953013e-01 3.125393306010069150e-01 2.126254272405785350e-01 1.457069609409687438e-01 4.836805288569242522e-01 4.499163556773080330e-01
3.933000000000000000e+03 6.385935490497013367e-01 6.140848369785320005e-01 6.850679773491290536e-01 6.209246748715632203e-01 3.545409958234936321e-01 3.012769960735377506e-01 3.870631180763594026e-01 3.209835344966660009e-01 4.659132366959691240e-01 3.733414882801798784e-01
4.419000000000000000e+03 2.288524926110353519e-01 2.961753389719495311e-01 5.577743005476771820e-01 4.246678267348212299e-01 7.495935099599428941e-01 5.739165333693397875e-01 6.251503446159074606e-01 4.553293792449149002e-01 5.613297900406772900e-01 5.692537807017234996e-01
4.471000000000000000e+03 2.492839590001321992e-01 3.703321488331764999e-01 5.938949574906764450e-01 5.446682959106314836e-01 5.724121356605240685e-01 7.028565236600394783e-01 5.801375070091999708e-01 5.241100490577368376e-01 4.474671261431324987e-01 4.512554497896036354e-01
4.472000000000000000e+03 2.642891900859981602e-01 5.233276853127489803e-01 5.249348924761396695e-01 4.758807562388217560e-01 7.898358162888809986e-01 6.052556411114421442e-01 5.725514655241400463e-01 4.308304398561106363e-01 4.310488972491464676e-01 4.400884553882297712e-01
4.473000000000000000e+03 4.543321395005569530e-01 4.806850568066485807e-01 4.918341305725822954e-01 6.599428351143917792e-01 7.336541441518699136e-01 6.394399967189771106e-01 5.075175833517578949e-01 4.461767364221007059e-01 4.481860297436258134e-01 2.210206136927950760e-01
4.474000000000000000e+03 4.416602277305032298e-01 4.775655339448648951e-01 6.829383762840973704e-01 6.550865702601492702e-01 8.182020254129072079e-01 6.127210019972412214e-01 5.661430787877583803e-01 5.036680926721247564e-01 2.293300577167510512e-01 1.291893570028999072e-01
4.475000000000000000e+03 4.294012638777532365e-01 6.638299416205292180e-01 6.702572053398447860e-01 7.051561091294350492e-01 7.769732208678368224e-01 6.667676105944734255e-01 6.178542834714776388e-01 2.443561008603073459e-01 1.144719274153981475e-01 1.899874951282631841e-01
4.744000000000000000e+03 3.511602569169866572e-01 4.432127687989537712e-01 5.635694029092838120e-01 5.388472602108991261e-01 7.668704035385054407e-01 5.445172693152012799e-01 5.065914961853509313e-01 3.293557687427753899e-01 4.888412790231064231e-01 4.724002060093804856e-01
5.039000000000000000e+03 6.554236860762449046e-01 3.713716447643655161e-01 4.333510506861393830e-01 4.676689527342222097e-01 9.182673438467502391e-01 2.958197115729796489e-01 4.602554709087838813e-01 4.505995471434631194e-01 3.257401131654909521e-01 5.964227611892773950e-01
5.040000000000000000e+03 3.018407261390285146e-01 3.949606103172869642e-01 4.920079500170252973e-01 7.590563479621528220e-01 4.271590803488735655e-01 5.224067238831421323e-01 5.394614524234780939e-01 3.359094793453933914e-01 6.361747836487771091e-01 5.031078113960859577e-01
5.041000000000000000e+03 2.832817545507080315e-01 4.133025594274606918e-01 7.050778257427245954e-01 3.663064331284336395e-01 5.939663083097429519e-01 5.483867948484111299e-01 3.572045344276160717e-01 6.361660623547383819e-01 4.832346541210891799e-01 5.426074257915083354e-01
5.042000000000000000e+03 3.141533153738222395e-01 6.406536636482623726e-01 3.738428979976941013e-01 4.960049582328362461e-01 6.383140459543158451e-01 3.571222240628963984e-01 7.015106080142713418e-01 4.768125372753716507e-01 5.406806609061541868e-01 4.326654349384046472e-01
5.043000000000000000e+03 5.502704899860504373e-01 3.012270765833776620e-01 4.838031093131938132e-01 5.236884721235085527e-01 4.369228186933689084e-01 7.460854758683591603e-01 5.224375129210252489e-01 5.379781435024544312e-01 4.111326735019046330e-01 4.863718501899598756e-01
5.044000000000000000e+03 2.276386652747635908e-01 4.461703861168144769e-01 5.408010074511387932e-01 4.193765995690985626e-01 8.904597959217304126e-01 5.934894612443116779e-01 6.353482374505013963e-01 4.326832452339459123e-01 5.094576987875906182e-01 4.113754252105471521e-01
5.045000000000000000e+03 3.595773725670489696e-01 4.841263041752242313e-01 4.301201523840138541e-01 7.163811457374650304e-01 7.011521183129223456e-01 6.914679149359705956e-01 4.922787922035345987e-01 5.193257335563523647e-01 4.013355269640567768e-01 2.963674703550545630e-01
5.047000000000000000e+03 3.659020779308993498e-01 7.170733895800015523e-01 6.530162490355139182e-01 7.463237513068141649e-01 7.635454101439868024e-01 7.637917129908903258e-01 5.631039761504934571e-01 3.465547077629033690e-01 1.746947007870193191e-01 3.526650163996147141e-02
5.048000000000000000e+03 6.761113170921323468e-01 6.272912914201803636e-01 7.440643953668034660e-01 6.597582442111583623e-01 9.229623453626714102e-01 6.539038450673739788e-01 4.367822530381205159e-01 1.749638602701394097e-01 0.000000000000000000e+00 1.737455617826914045e-01
5.049000000000000000e+03 6.021296840520462545e-01 7.399205702226636649e-01 6.878145302323043220e-01 7.946653395855567403e-01 8.413023974282010098e-01 5.393470225857758260e-01 2.741738031328084801e-01 0.000000000000000000e+00 1.802968258189261708e-01 2.826344534290505806e-01
5.050000000000000000e+03 6.708807261985829662e-01 6.351001127013911063e-01 7.589787656279073369e-01 6.835329077716538748e-01 6.479927895404828941e-01 2.803423111965075432e-01 1.930096884837409488e-02 1.480918812309322263e-01 2.551923615612373131e-01 6.137007349300860337e-01
5.171000000000000000e+03 3.173928009339267442e-01 4.516058888742338628e-01 5.550153125469218240e-01 5.370433992992434957e-01 8.086597590100371713e-01 5.931735442804655367e-01 7.306851932098249458e-01 4.340154248658122382e-01 3.544752285956945248e-01 3.310766499196850510e-01
5.174000000000000000e+03 4.598012966738027618e-01 6.496930114161452163e-01 6.371538249316117675e-01 8.076920852004849660e-01 7.398593223168138389e-01 5.169712238603376697e-01 4.262258486116637379e-01 2.464070945319464523e-01 2.501608056819084602e-01 2.486576196571312347e-01
5.175000000000000000e+03 6.088723466982851606e-01 6.148574618358757515e-01 8.014073597249131709e-01 6.472264613646472320e-01 6.746091006171291982e-01 5.025680760168628192e-01 3.315509859240455270e-01 2.652202520012954534e-01 2.495438483242976013e-01 2.255171742797880685e-01
5.176000000000000000e+03 5.844949398008215669e-01 7.941215885261182494e-01 6.726756464515766254e-01 6.143499215098804367e-01 6.784391410719350368e-01 4.119184322723821734e-01 3.679771486628836130e-01 2.787997922345824553e-01 2.354482424338443236e-01 2.586463426711739233e-01
5.177000000000000000e+03 7.675321427217561832e-01 6.566973818594996626e-01 6.378861573646752436e-01 6.101789717343092390e-01 5.752558865126876642e-01 4.443546396583279434e-01 3.747371133645067687e-01 2.553304722404762250e-01 2.670634166629197170e-01 2.885448082110267931e-01
5.318000000000000000e+03 5.561583318721265989e-01 5.904085339999946003e-01 6.159497422355120211e-01 6.928439568073607724e-01 7.373397848231261209e-01 1.382321949951273721e-01 1.814484605761348679e-01 4.019090061925752466e-01 4.022161278591857014e-01 4.844412558561828064e-01
5.319000000000000000e+03 5.259069743947444309e-01 5.740240908546223597e-01 6.819883438044125334e-01 6.237859787581260251e-01 2.543289646368408485e-01 1.923608774119760223e-01 4.767522485257630893e-01 4.143879127088467840e-01 4.999855809069634893e-01 4.724999485114798614e-01
5.320000000000000000e+03 5.123471289257313099e-01 6.447574816016441446e-01 6.251723419040863261e-01 2.871569506703799401e-01 3.155521786887386382e-01 5.362821171812595100e-01 4.952401009291031442e-01 5.297057431025653518e-01 4.901103892835775300e-01 4.160494548431016293e-01
5.321000000000000000e+03 5.891994803576359185e-01 5.890138869845128466e-01 3.331864719310444478e-01 3.326142737261316706e-01 6.728127790238032091e-01 5.606827749187723864e-01 6.248294326498953222e-01 5.210568138728410847e-01 4.274529198236957650e-01 3.866521437705224828e-01
5.324000000000000000e+03 2.642862784753690630e-01 5.610361895118219921e-01 6.131610757913349419e-01 7.156209038401949440e-01 8.473702121616164540e-01 6.161483076492365596e-01 5.014023068519030124e-01 4.189050509687975987e-01 2.758850464759325383e-01 2.742590361346691208e-01
5.333000000000000000e+03 3.985299860050385834e-01 5.852566480120620085e-01 5.806955036010613691e-01 5.746956837380203797e-01 6.472107779090824353e-01 7.412097324365182205e-01 6.138761124747866837e-01 4.370629610106019913e-01 2.213004962743848336e-01 2.783753094597815614e-01
5.334000000000000000e+03 5.380004364593303778e-01 5.547122319012127711e-01 5.951075140051562684e-01 5.788617561601111516e-01 9.014439384382998410e-01 7.138560970221018431e-01 5.378407388531120104e-01 2.292294808914018267e-01 2.809305648166771086e-01 1.934700621247547325e-01
5.562000000000000000e+03 7.930276113963987683e-01 6.709826286214839453e-01 5.046746612979110536e-01 3.035327827914486298e-01 2.757852415742321206e-01 2.690782134665632985e-01 2.404317175163303011e-01 6.320851701994237848e-01 5.289172715718957196e-01 4.945178089477152428e-01
5.563000000000000000e+03 6.085472498832102950e-01 4.586050570151208872e-01 3.399478854748572698e-01 2.959317131150853708e-01 3.854438934986835208e-01 2.565480227020215942e-01 7.266593422418223813e-01 5.553872699151767289e-01 5.091247673597544265e-01 7.005387769927333697e-01
5.564000000000000000e+03 3.755640043471201173e-01 2.827054044592763327e-01 3.251066344101236627e-01 3.637738605952017812e-01 3.591519276419665174e-01 8.003331256394047299e-01 6.307461611903506515e-01 5.223587300013123880e-01 7.364107027741929601e-01 6.093638315213264489e-01
5.565000000000000000e+03 1.569267176544665576e-01 2.361785212000170608e-01 3.532067041010682473e-01 3.096709084029585224e-01 8.662869241745853044e-01 6.402771358920030798e-01 5.507142454444811097e-01 7.395619290951865876e-01 5.962457424042653109e-01 6.747509806761846640e-01
5.689000000000000000e+03 5.741652778287947845e-01 6.492047999200472042e-01 7.338260784128192160e-01 7.365115438759575195e-01 1.000000000000000000e+00 4.736213416315305791e-01 3.960502362734908965e-01 2.165274811564865121e-01 1.541404817887578049e-01 1.157790742547156332e-01
5.690000000000000000e+03 6.321694381580422739e-01 7.359948509852566323e-01 7.614072312785041818e-01 8.564913965006206720e-01 6.655496801289414455e-01 5.024798671247784343e-01 3.285930480283562605e-01 1.831856101002959092e-01 1.203196208781466547e-01 1.380207412673975786e-01
5.691000000000000000e+03 7.181807229850614149e-01 7.585936747223335219e-01 8.610110158567493288e-01 6.137876393353350890e-01 6.866170612964687114e-01 4.164995722694774805e-01 2.845267822215906683e-01 1.380750719842733509e-01 1.401513357136837390e-01 2.355493132756546482e-01
5.692000000000000000e+03 7.385730841268619562e-01 8.568526092435901909e-01 6.452922547372293982e-01 6.249857411563158882e-01 5.926969481010951890e-01 3.608207757219619172e-01 2.304444128477897979e-01 1.566756909738258596e-01 2.490514797953548021e-01 3.393710390236189811e-01
5.914000000000000000e+03 6.653504935055388758e-01 7.663170525319877857e-01 8.241356874533444232e-01 7.604119860417599686e-01 8.549299104632990254e-01 6.274799087755175142e-01 5.093051488152843254e-01 1.687179316484348907e-02 2.275651536213714812e-02 0.000000000000000000e+00
5.946000000000000000e+03 6.276135710466747009e-01 5.889637015402627851e-01 6.751535936072230459e-01 4.920053510896100768e-01 6.287571197428759584e-01 2.192790020262480322e-01 5.124999252345801004e-01 5.483835303535858907e-01 4.178353845509508169e-01 1.925357915254546914e-01
6.283000000000000000e+03 7.137967295833030912e-01 6.194453678649519679e-01 6.160354803962618808e-01 5.937100113593849482e-01 6.971983443404236036e-01 3.604595180248856279e-01 2.755715617470566037e-01 2.537423618010887783e-01 3.623934484074934348e-01 3.718349668050466850e-01
6.284000000000000000e+03 5.624793559386275232e-01 5.797149475518912354e-01 6.009388392453439698e-01 6.017866060267451633e-01 4.918266088355256471e-01 3.088060353915970668e-01 3.214045575932111820e-01 3.760664336300715838e-01 3.766103794524741089e-01 5.646917625409295649e-01
6.285000000000000000e+03 5.120513958568020385e-01 5.563198427389670631e-01 6.000982625178917784e-01 4.479906305062062999e-01 4.260011842351987266e-01 3.490325595378034884e-01 4.450671942091628530e-01 3.823425652159618826e-01 5.895514636191955260e-01 4.985744892707345555e-01
6.294000000000000000e+03 7.667704405965133363e-01 7.319602162977095761e-01 6.615238187402149306e-01 6.450900557861727336e-01 5.979779491316391526e-01 5.081918415660422461e-01 3.230130164211590382e-01 1.902962546715280812e-01 2.220406898005131691e-01 2.400935423705756189e-01
6.295000000000000000e+03 7.037874443089902066e-01 6.471841052901822211e-01 6.665943252101687033e-01 5.554118593493432288e-01 6.774405828180252165e-01 3.955524998979551565e-01 2.797406663599718013e-01 2.423273854787982018e-01 2.476716120871115812e-01 4.343740332469751553e-01
6.296000000000000000e+03 6.049184387340020841e-01 6.436195861936405693e-01 5.796244277070611295e-01 6.017777585424797238e-01 5.475518963609425915e-01 3.325501341025710045e-01 3.254203719497640868e-01 2.608993375964451245e-01 4.619926988691527292e-01 4.516904720848851085e-01
6.297000000000000000e+03 5.905204229685113715e-01 5.450282819766257836e-01 6.103198946030141681e-01 4.988953726832642821e-01 4.668440155425853666e-01 3.696095103339098187e-01 3.324539725598589790e-01 4.920707660882648882e-01 4.710229301477105723e-01 4.484789996498529940e-01
6.298000000000000000e+03 4.859910826485058788e-01 5.758618728153416244e-01 5.200406645880194523e-01 4.415035899261576802e-01 5.043474429915362212e-01 3.770429622374724121e-01 5.861164634204752977e-01 5.018146570061062794e-01 4.668807037905820523e-01 4.392205407778362325e-01
6.496000000000000000e+03 6.627601987569667896e-01 7.310565565547078037e-01 7.726941263084110556e-01 7.326279284985213192e-01 8.016618459188522561e-01 2.998473345375515797e-01 3.057772396405813442e-01 2.609717114603424259e-01 2.283579370798984320e-01 1.131300424526835852e-01
6.513000000000000000e+03 3.680980990712204304e-01 4.580115528266104352e-01 5.904424353166922712e-01 5.718442677866341084e-01 5.492439484314890485e-01 5.720672639917038227e-01 4.655073966892131487e-01 5.005374124753271259e-01 4.582527220455349659e-01 4.259607920920777668e-01
6.514000000000000000e+03 3.771116043514628480e-01 5.393962461550061427e-01 5.678275880033759604e-01 4.814741026889907682e-01 6.868405435415346760e-01 5.044833513189215246e-01 5.733372669634354546e-01 4.672442554341306731e-01 4.233276400493063973e-01 3.796189271713066860e-01
6.573000000000000000e+03 5.853835995650427115e-01 6.472963392914129477e-01 7.702272320664331762e-01 6.780290629476600772e-01 6.281198430270473754e-01 4.088810663669985579e-01 4.664314462577545672e-01 2.517557891426722150e-01 2.612470678609607466e-01 2.104714789316841361e-01
6.574000000000000000e+03 6.198330584750754157e-01 7.633057193079986202e-01 7.005881032146461518e-01 5.825817849532519688e-01 5.833427971367021181e-01 5.683761477816605678e-01 3.544381281541227890e-01 2.932899301987816343e-01 2.191454358663772750e-01 2.297053954716446467e-01
6.576000000000000000e+03 6.968011288868185549e-01 6.346858483690972497e-01 6.163520344178746724e-01 6.982977419032010413e-01 6.588455044193133325e-01 5.347693851165674639e-01 3.843025447911773140e-01 3.041268972804208603e-01 1.756742371267045189e-01 2.504343606299923586e-01
6.577000000000000000e+03 6.117388858935354223e-01 6.113278888245640141e-01 7.232179391668828172e-01 6.098483980698379270e-01 7.210690679972476813e-01 4.816260761275106828e-01 4.187747688733367557e-01 2.019275371093698646e-01 2.704858749927828154e-01 2.868140203834401714e-01
6.578000000000000000e+03 5.817343040809774823e-01 7.153150455729583301e-01 6.408674150976170214e-01 6.482166744505066802e-01 6.582990458169620807e-01 5.135447618501181033e-01 2.994741808256132787e-01 3.037398954603818257e-01 3.070587863068205414e-01 2.534583278333717438e-01
6.579000000000000000e+03 6.830986133951846284e-01 6.232252951964677434e-01 6.664770664863444161e-01 5.947759888723789246e-01 6.783545250849686292e-01 3.640842151266979743e-01 4.007927992467424927e-01 3.354668879925747360e-01 2.599661948036607884e-01 2.949222717587751674e-01
6.580000000000000000e+03 5.938498110736284419e-01 6.570047623673843651e-01 6.272410535058113856e-01 6.175313929662681334e-01 5.363593877469496896e-01 4.922018075776906643e-01 4.460057115312858755e-01 2.912340872939568892e-01 3.159257322355878417e-01 3.203768146909157233e-01
6.581000000000000000e+03 6.256497639301619174e-01 6.132884588912264068e-01 6.435182001020732789e-01 5.130547465821693187e-01 6.626246294839009954e-01 5.384329933593785533e-01 3.923137873294200162e-01 3.503688935358935108e-01 3.412724723194651144e-01 2.724562394045839664e-01
6.672000000000000000e+03 4.675689092764777066e-01 5.729866674518480085e-01 5.773738238498675734e-01 7.135973015298450184e-01 6.933657771355595800e-01 4.898220943638793012e-01 4.365345679997922890e-01 3.383365935782486900e-01 3.523124939358683871e-01 3.262657010506183064e-01
6.682000000000000000e+03 4.124941155003685189e-01 4.401264527270274951e-01 5.008723828039620685e-01 4.029200741285073883e-01 7.188358881030653125e-01 5.175790016561188089e-01 6.787374398143060095e-01 6.396340577584286313e-01 4.915832384145625289e-01 2.791583161039999372e-01
6.683000000000000000e+03 3.762635520522170651e-01 4.654293979785030788e-01 4.371525807569622835e-01 6.203652324445583233e-01 6.582497697565142802e-01 7.756983999298131538e-01 7.497357309425380922e-01 5.263754645719129766e-01 2.732022062887137781e-01 2.735786374781243868e-01
