3.280000000000000000e+02 3.460084010332581395e-01 1.689912244053395907e-01 3.187770715205316963e-01 5.414784997125476895e-01 5.818595686692979996e-01 7.686906101056684149e-01 7.083500017152442041e-01 8.304587543822719020e-01 7.998731085639523286e-01 7.071749407275997878e-01
3.290000000000000000e+02 1.101088095228267560e-01 2.565125320023597943e-01 4.593532582937987496e-01 4.969121893853014060e-01 6.958771583675112948e-01 6.556031685810294052e-01 8.004158424362912694e-01 8.186847620264271486e-01 7.724642138409830716e-01 7.393080404351771717e-01
3.300000000000000000e+02 1.814561062801912927e-01 3.703531559762905379e-01 4.039257163988578259e-01 5.924690657955198336e-01 5.610578962608003817e-01 7.434781887494459340e-01 7.741882429479409744e-01 7.762851115653157663e-01 7.876989828885616607e-01 5.970250687687636004e-01
3.310000000000000000e+02 2.936235270532833175e-01 3.243564553897413383e-01 4.965754065101218861e-01 4.659939468088379888e-01 6.583045755783890618e-01 7.187677975728453683e-01 7.324129325243203814e-01 7.967242148733756357e-01 6.734415511073998939e-01 6.397030531032881218e-01
3.320000000000000000e+02 2.579731663142589837e-01 4.164300501324780801e-01 3.891927104046588592e-01 5.709886638383757651e-01 6.429405198127189358e-01 6.821547380162662488e-01 7.635595603268739984e-01 6.800576990687078327e-01 7.163254637214916398e-01 6.831938317020687101e-01
3.330000000000000000e+02 3.352815215541260496e-01 3.087526091261755812e-01 4.741087592148858221e-01 5.428524058210695280e-01 5.909042187487995035e-01 7.041378694535862515e-01 6.258437521672473025e-01 7.164334790389126351e-01 7.426654058016213256e-01 7.485284641525925542e-01
3.340000000000000000e+02 2.494978996837781404e-01 4.029510548641271894e-01 4.677837349398738520e-01 5.134401896959021050e-01 6.358654129280788547e-01 5.708032089101181539e-01 6.836364758986704926e-01 7.623087474804194352e-01 8.124233962602076531e-01 6.651944890356670248e-01
3.350000000000000000e+02 3.464652712537422685e-01 4.046753259506309930e-01 4.487832017005256580e-01 5.661597791349156639e-01 5.044711210275774071e-01 6.441087421666803481e-01 7.410967793081575383e-01 8.458764828858671425e-01 7.499163354011399996e-01 4.969928664891253844e-01
3.360000000000000000e+02 3.529855569677113336e-01 3.926299442469383116e-01 5.032767690427591978e-01 4.441167179531505527e-01 5.879944075453743535e-01 7.144109867533026126e-01 8.370743529924381532e-01 7.823238340432351334e-01 6.149050635189520220e-01 5.574301708740498906e-01
3.370000000000000000e+02 3.403387914270536996e-01 4.406174702588508962e-01 3.888883772864800692e-01 5.241575393376061154e-01 6.606525011515964607e-01 8.205131890888589519e-01 7.668841554308464259e-01 6.332249285538102956e-01 6.639864837518792973e-01 5.762915283964672453e-01
3.380000000000000000e+02 4.253099605769639635e-01 3.779983114424337876e-01 5.083038836701492258e-01 6.441360639270374833e-01 8.232699488177956937e-01 7.897491414882575889e-01 6.473229521119223673e-01 7.260645298690560079e-01 7.153244386154586909e-01 1.693978561528152738e-01
3.390000000000000000e+02 3.627691752963185801e-01 4.834920470690592942e-01 6.168757573043126552e-01 8.000747355401651717e-01 7.874332470351078639e-01 6.522892156446434830e-01 7.456140657476891809e-01 7.799699015874400621e-01 3.744700656831744245e-01 2.911580119793019117e-01
4.510000000000000000e+02 2.190684580899813494e-01 3.594754870518570566e-01 4.673248579524069135e-01 6.454174537562202829e-01 7.239856797869739236e-01 5.278881599937672586e-01 7.075412895495640786e-01 7.907923221804172842e-01 7.359216158266114194e-01 6.278830150926476561e-01
4.520000000000000000e+02 2.781763640414424699e-01 3.761022526580877767e-01 5.395435842098524892e-01 6.180904265498095018e-01 4.250174197960605582e-01 6.380635865021285769e-01 7.425216999399719686e-01 7.349737069866048023e-01 6.942863016582240254e-01 7.334809143493369321e-01
4.530000000000000000e+02 3.018312201331229683e-01 4.493590182341685724e-01 5.234519494275559071e-01 3.369995183339972722e-01 5.509232776746618709e-01 6.867294752847273864e-01 6.906907267837942843e-01 6.973437142306486702e-01 7.888793331412999876e-01 7.211376561792970374e-01
4.540000000000000000e+02 3.728202677754610672e-01 4.360890725209545793e-01 2.649174654153861330e-01 4.610026192329630401e-01 6.036289356306183684e-01 6.302120470788776796e-01 6.512231820947140815e-01 8.019657433615581255e-01 7.797408842593611666e-01 7.360883487401382874e-01
4.550000000000000000e+02 3.692171002314426076e-01 2.125043451838223019e-01 3.899875803933846030e-01 5.236185976225696814e-01 5.557236989370819558e-01 5.970505484377173211e-01 7.743756461218106457e-01 8.011036592950482316e-01 8.004755571156986216e-01 7.253640700006211972e-01
4.560000000000000000e+02 1.621078834242677957e-01 3.318050287220565275e-01 4.552235543633750270e-01 4.848048654519309664e-01 5.288438169347771112e-01 7.425498636449839873e-01 7.803386296168332015e-01 8.301778273336765102e-01 7.974147236614184120e-01 6.580434374346368909e-01
4.590000000000000000e+02 2.676213497988431111e-01 3.012292531738368639e-01 4.940502494155178947e-01 5.723904612634281852e-01 6.826409028621768238e-01 7.389426902198167335e-01 7.051113611630248634e-01 7.577224342002975011e-01 6.891804986899083829e-01 6.136092700567469249e-01
4.600000000000000000e+02 2.422333071098457247e-01 4.208401699051397271e-01 4.950193187353644220e-01 6.027178964839857711e-01 6.724146194408650024e-01 6.593952445691472208e-01 7.282815685153889440e-01 7.036694234173386242e-01 7.005647991573398237e-01 5.897324137230692820e-01
4.610000000000000000e+02 3.462557249317516628e-01 4.111267309486670851e-01 5.113193221481246997e-01 5.800476904262347189e-01 5.756595448845855945e-01 6.729909654016922316e-01 6.587438523520702249e-01 7.059998783759644514e-01 6.715457260877020218e-01 6.626778661200675158e-01
4.620000000000000000e+02 3.383175731583394352e-01 4.271982302656655572e-01 4.918956034756060136e-01 4.875086033730799961e-01 5.916664727254254963e-01 5.968562667891416096e-01 6.627028361677232970e-01 6.755833471908523347e-01 7.331413100842570918e-01 7.666509147417206460e-01
4.630000000000000000e+02 3.609900313612303679e-01 4.173968314131361046e-01 4.148085403805137350e-01 5.122825841538888314e-01 5.209188602968202186e-01 6.102028758006513565e-01 6.377263430484901852e-01 7.503535437846375888e-01 8.260282248411664474e-01 6.838851080890968603e-01
4.640000000000000000e+02 3.544523591390382755e-01 3.508304763764634737e-01 4.409901575390193229e-01 4.468581540064326951e-01 5.385738616015809388e-01 5.856680036324937166e-01 7.218032210714909747e-01 8.548835274317604371e-01 7.600601696856487122e-01 6.811972236967965832e-01
4.650000000000000000e+02 2.893455690105212197e-01 3.727741585577261652e-01 3.785948963373225729e-01 4.620738069261738357e-01 5.106893382544711590e-01 6.778110932755362361e-01 8.333274165106155928e-01 7.810469603688768858e-01 7.563623770980567596e-01 6.898561986253847200e-01
4.660000000000000000e+02 3.041329816473822278e-01 3.101022622839219034e-01 3.855551505645057886e-01 4.272243251761373428e-01 5.998106042399881099e-01 7.949974735513022361e-01 7.465706704004765326e-01 7.707713866130689873e-01 7.578432481411425670e-01 6.784713281341145930e-01
4.670000000000000000e+02 2.473015600257232882e-01 3.194496131265177619e-01 3.567251996052577812e-01 5.177162110523206850e-01 7.270133164605957488e-01 7.015929287118093383e-01 7.386744988380199439e-01 7.753763293763344944e-01 7.511420285687662179e-01 6.654052840186454043e-01
4.680000000000000000e+02 2.475935431733231051e-01 2.844418741563139452e-01 4.303743658955516693e-01 6.306380904303479085e-01 6.174562788383080036e-01 6.821310567726174279e-01 7.341569723355831911e-01 7.592729957637495142e-01 7.323156560332184650e-01 6.887936560468520542e-01
5.820000000000000000e+02 2.981878348990562588e-01 3.329555333521007632e-01 4.007064325761777179e-01 4.933692411810365330e-01 5.560373904053699246e-01 6.814096966290049684e-01 7.302901622957683747e-01 8.123328492198124140e-01 7.467844446089885180e-01 7.128632247287959300e-01
6.400000000000000000e+02 3.571524404539864195e-01 4.018455194252281704e-01 4.808647599598380729e-01 5.674092613341653601e-01 6.292293715936653209e-01 6.833281073401433758e-01 6.456732236674085357e-01 7.085226288467217914e-01 7.077115420586204131e-01 6.119261832655610300e-01
6.410000000000000000e+02 3.439090074472473391e-01 4.149036510823618240e-01 4.970156885230734845e-01 5.578043046657145121e-01 6.211425428731178755e-01 5.997791675447965432e-01 6.811447682235994838e-01 7.296626084943195201e-01 7.043789588163968940e-01 6.336356511234045863e-01
6.420000000000000000e+02 3.559801192703629380e-01 4.290601764221711467e-01 4.876639150919104271e-01 5.494261745995132618e-01 5.325876006524810080e-01 6.390111125406978676e-01 7.036340435655716874e-01 7.256166368692981150e-01 7.220119353617395763e-01 6.226491965183604815e-01
6.610000000000000000e+02 2.731860084832264945e-01 3.587833791577694775e-01 4.767043230013656152e-01 5.682676953465043423e-01 6.839785030910222607e-01 7.082808924597079336e-01 7.608455521456917170e-01 7.473732130547224850e-01 6.988090167430810462e-01 5.357349232423238572e-01
6.620000000000000000e+02 3.030486584859375387e-01 4.114103844248301334e-01 4.980991675030506660e-01 6.114908691692947373e-01 6.477597738867210131e-01 7.290226063843029403e-01 7.235346796313179007e-01 7.201608727693765699e-01 6.414500220593717383e-01 5.363537730429154271e-01
6.640000000000000000e+02 3.731583215839390233e-01 4.683365640926069329e-01 5.071057286292203203e-01 5.993083150009429483e-01 6.274530771997264278e-01 6.559788368108351309e-01 6.274802567843121848e-01 6.593369360014124103e-01 6.762658821064092551e-01 6.061791791177968403e-01
6.660000000000000000e+02 3.807958264730209041e-01 4.580326247541778306e-01 4.886327556167339159e-01 5.240993386958133771e-01 5.139497269206534380e-01 5.819973862994319846e-01 6.686990711569676948e-01 7.226211949857967998e-01 7.369272391347185813e-01 6.745884781650250961e-01
7.820000000000000000e+02 2.532410679310164725e-01 3.378305565996365667e-01 3.995931329418051514e-01 4.993844318215113764e-01 6.374390429426965987e-01 7.210091914089806764e-01 7.356866953214843408e-01 7.815359554244002416e-01 7.462807928552871450e-01 6.761491624955707769e-01
7.970000000000000000e+02 2.190826881090265355e-01 2.883863695142692141e-01 3.765470573541346289e-01 4.309761580967584327e-01 5.557783892276738635e-01 6.539997031538721250e-01 7.660823785595755053e-01 8.198510233251213863e-01 8.483236226569388361e-01 7.866063662582565286e-01
7.980000000000000000e+02 2.084912991265392701e-01 2.923190872827052811e-01 3.391324703508462046e-01 4.519860558379926174e-01 5.550554008142404294e-01 7.010036534101115047e-01 7.717591287097194108e-01 8.557701855889641163e-01 8.236941256003088574e-01 7.536191766189690444e-01
8.110000000000000000e+02 3.135620961146872165e-01 3.726789162912900744e-01 4.485228583189050933e-01 5.235017103002603811e-01 6.229611118039014572e-01 6.967937900042731059e-01 7.490784491955997382e-01 7.287426441223303630e-01 7.513687559015365114e-01 5.751960066441080821e-01
8.120000000000000000e+02 3.138127634161765878e-01 3.833639894825073835e-01 4.537380734937531690e-01 5.488566590623340513e-01 6.324213722413432048e-01 7.127776024319429915e-01 7.006034354410408671e-01 7.751984509850711191e-01 6.718661154614560260e-01 6.071728142513961313e-01
8.140000000000000000e+02 3.262947542254716615e-01 4.069237018994521504e-01 4.831786781979418577e-01 5.717152729149881374e-01 5.892542507999576351e-01 7.121759942436173274e-01 6.541936230660304608e-01 7.149394769289182383e-01 7.109197534311089139e-01 6.238518644373355349e-01
8.160000000000000000e+02 3.436570921207166562e-01 4.176399187802395385e-01 4.349964851470737304e-01 5.610760722696489511e-01 5.243280446196214584e-01 6.293746117094107806e-01 6.918540183423986800e-01 7.220590658483854174e-01 7.334338204073336254e-01 7.074515036910203891e-01
8.170000000000000000e+02 3.487624584271320494e-01 3.628553188202697788e-01 4.792726034410614289e-01 4.428057914672092754e-01 5.511850025026040489e-01 6.390327308159996500e-01 6.846980247291741817e-01 7.475441527629775873e-01 7.741177518043176331e-01 7.211545088639635948e-01
9.920000000000000000e+02 3.582275294235838792e-01 4.213821965315731610e-01 4.800488008878079360e-01 4.067396859897472461e-01 4.902811128288486753e-01 5.709212806191271694e-01 7.103401606603367835e-01 8.035254337516485323e-01 7.569270024871945779e-01 7.270354318254201864e-01
9.930000000000000000e+02 3.510655455319260931e-01 4.021351629760097079e-01 3.350416924862670287e-01 4.080721278367923643e-01 4.880241541216434054e-01 6.581664190573788265e-01 7.715506657245236877e-01 7.719753933172081029e-01 7.891653139830242525e-01 7.503051723717264476e-01
9.940000000000000000e+02 3.344080343961645663e-01 2.732158307963053478e-01 3.382268038702606616e-01 4.079847311661314868e-01 5.820569315034757052e-01 7.287054133899018016e-01 7.392380896408837776e-01 8.089689182718848848e-01 8.100084326882114327e-01 7.251531900871728276e-01
9.980000000000000000e+02 2.323245673690854107e-01 3.551313345419176426e-01 3.918001940528549332e-01 5.117232447288029284e-01 6.234846177411100809e-01 6.700282383445526069e-01 7.467796679231705204e-01 7.718317167760895270e-01 7.591182564261158561e-01 7.202778918844119360e-01
9.990000000000000000e+02 2.712434341139013938e-01 3.052021037298151551e-01 4.127777212097813453e-01 5.168127035300593697e-01 5.708643836742941513e-01 6.784551067207540420e-01 7.189417814214760227e-01 7.574866348811905015e-01 7.680998583693571247e-01 7.766881659550314287e-01
1.000000000000000000e+03 2.273221051404990534e-01 3.278872776723426030e-01 4.217127358020961170e-01 4.702117655290721232e-01 5.844231244442099626e-01 6.518295063933916555e-01 7.074188825432401462e-01 7.709918506106547831e-01 8.181354409933605520e-01 7.837398752909480182e-01
1.004000000000000000e+03 2.138963418132250049e-01 2.684903765414234367e-01 3.346440214522108936e-01 4.392418259509607292e-01 6.084089807522358173e-01 7.089557059472694212e-01 7.815597709283781391e-01 8.621308023010693100e-01 8.456294750630973800e-01 6.916242619743495634e-01
1.005000000000000000e+03 1.980365758129143117e-01 2.635168934874541069e-01 3.566737197613041310e-01 5.139430581064865500e-01 6.239130755616264512e-01 7.288377627974610418e-01 8.269572398792177648e-01 8.615795161781691913e-01 7.530902449074102778e-01 6.612221718646977831e-01
1.006000000000000000e+03 1.928821848056966881e-01 2.829208957379467648e-01 4.252400114941592424e-01 5.285052598803648971e-01 6.442888776413453478e-01 7.790588136225331528e-01 8.258977489945730222e-01 7.599696472330449426e-01 7.275457415701512831e-01 6.475786822961023814e-01
1.007000000000000000e+03 2.134535004809224312e-01 3.468635840781099100e-01 4.411398757380405322e-01 5.509776360552838259e-01 6.998501788420937730e-01 7.804649956568344704e-01 7.182259131772181782e-01 7.341563840090887805e-01 7.181902049712589609e-01 6.205892129027335002e-01
1.008000000000000000e+03 2.755173120915181406e-01 3.623589509415662269e-01 4.632214913432587400e-01 6.064774710913735101e-01 7.027860630903425276e-01 6.614793939619202368e-01 6.915081859533733777e-01 7.250551449745137322e-01 6.968839772685085920e-01 6.324615398198725202e-01
1.009000000000000000e+03 2.943452253921229333e-01 3.865140789768333751e-01 5.192894199397117827e-01 6.144755623918298770e-01 5.828031678114804492e-01 6.365737016697299300e-01 6.860910856403253932e-01 7.058410230963557686e-01 7.104529214973898110e-01 6.614241425912433803e-01
1.010000000000000000e+03 3.183687208435840854e-01 4.380820864791718505e-01 5.278444769647467893e-01 4.988721251648253197e-01 5.578551379497628249e-01 6.317229070804217805e-01 6.663604283892721192e-01 7.216835079638662664e-01 7.353473186099732661e-01 6.726788334764791655e-01
1.012000000000000000e+03 3.735156266899381516e-01 3.479758553105190555e-01 3.968350412568240060e-01 4.678766816868020206e-01 5.277469912986415546e-01 6.271652970626264700e-01 7.115150498918408895e-01 7.577289927278018089e-01 8.334437688267746225e-01 6.873849061932646443e-01
1.013000000000000000e+03 2.852887362314819319e-01 3.315665149850135496e-01 3.964987353613384502e-01 4.498538064110270129e-01 5.526817255585956268e-01 6.646636528824102497e-01 7.265909348118511080e-01 8.600172356396311724e-01 7.602519589027745273e-01 7.248398210198419012e-01
1.021000000000000000e+03 2.973234412019658546e-01 3.956909305562131829e-01 4.905749141076782283e-01 5.549814449286645246e-01 6.097071667967166597e-01 6.323227646068196872e-01 6.883401953850184496e-01 7.162403881900064606e-01 7.187055475423723694e-01 6.858519731017455046e-01
1.023000000000000000e+03 3.444996689009224844e-01 3.979017501461442063e-01 4.470366444017822571e-01 4.722526619509754275e-01 5.574882183336846708e-01 6.242376871824997231e-01 6.950763684753836769e-01 7.727042212280706979e-01 7.585361892876241185e-01 6.816480533556835697e-01
1.598000000000000000e+03 2.371261688878971985e-01 4.420965126895919362e-01 5.136348217215274126e-01 4.885466957139364408e-01 6.290682271495637856e-01 6.470912655532744528e-01 7.855146258076344257e-01 7.571283563832268415e-01 6.978330235151433136e-01 5.913173055477570772e-01
1.702000000000000000e+03 2.898293713767269297e-01 3.946906743106197157e-01 4.610599897754849574e-01 5.738932663092383146e-01 6.680492057977882592e-01 7.213319871856466170e-01 6.574417546016793068e-01 7.383149030182714068e-01 7.105057953101762136e-01 5.919755214101691809e-01
1.703000000000000000e+03 3.294691838415086393e-01 3.890641729198225374e-01 4.941525208183298323e-01 5.860580240450544709e-01 6.513607681426032414e-01 6.036978405164868944e-01 7.051370298875595521e-01 7.250650234094081492e-01 6.808654475164783726e-01 6.343101644901338876e-01
1.704000000000000000e+03 3.167466345181718101e-01 4.111672613498812412e-01 4.968268681630031991e-01 5.605360878185065010e-01 5.180457000530837020e-01 6.480714022623824677e-01 6.827592455206817901e-01 6.852385894035214475e-01 7.091633449378167420e-01 7.531389443605899237e-01
1.707000000000000000e+03 3.300940691764842061e-01 2.948397942606266198e-01 4.071123616490972541e-01 4.633789042336349806e-01 5.007815028104832811e-01 6.247958794030601393e-01 8.009143859230847262e-01 7.828047570096261509e-01 7.896956251929410087e-01 7.468521012680607862e-01
1.708000000000000000e+03 2.397335763370928019e-01 3.462369161159299380e-01 3.983252573250475881e-01 4.300358346247478147e-01 5.568329485396082967e-01 7.710604671331066085e-01 7.594358018621153450e-01 8.173851104652007926e-01 8.143212591270357903e-01 6.236831978586263592e-01
1.710000000000000000e+03 2.533118389992922159e-01 2.812947510900722925e-01 3.855616956072675516e-01 5.994323884743785191e-01 6.257769018854179022e-01 7.320767453686657378e-01 7.952436278068124587e-01 7.043393480140419660e-01 7.214755633558669334e-01 7.154448204209036266e-01
1.716000000000000000e+03 3.764791356172489944e-01 3.224744466021957634e-01 4.248514521316412162e-01 5.829129935244652394e-01 7.954784007924050604e-01 7.202613155155475066e-01 6.715712333815710977e-01 7.091961168589534514e-01 6.782137102879661761e-01 5.458121530510757768e-01
1.717000000000000000e+03 2.773595735799919137e-01 3.740649690775456060e-01 5.221869716095425273e-01 7.316720943812525801e-01 6.720516304461124912e-01 6.400696289172387310e-01 6.919740626460039179e-01 7.066595782084430510e-01 6.580490593095753571e-01 5.620732673491558584e-01
1.721000000000000000e+03 4.008991110333259833e-01 3.829286897099647424e-01 4.564084028251684799e-01 5.087685664200976010e-01 5.387584998463964547e-01 6.118150687317276404e-01 6.962405681489650666e-01 7.436132371267875074e-01 7.219049363922429574e-01 6.953862011846467794e-01
1.722000000000000000e+03 3.183893054101381570e-01 3.850180747345076648e-01 4.340547223815599542e-01 4.602767286168805150e-01 5.362018226553780798e-01 6.472764192966962149e-01 7.110308060610994740e-01 7.376835148715871204e-01 7.666541782703134578e-01 7.581891785604654155e-01
1.723000000000000000e+03 3.142013274185764815e-01 3.583976864864362732e-01 3.820339448450154607e-01 4.500604020327934607e-01 5.655982213234159728e-01 6.562650667689839956e-01 6.978541439691693382e-01 7.804041031222238578e-01 8.129288056173534782e-01 7.274228970712337539e-01
1.724000000000000000e+03 2.892118948423424429e-01 3.119351927759489995e-01 3.730391775677056043e-01 4.791745605881229664e-01 5.755645063520612448e-01 6.420105891171917767e-01 7.445423192300131277e-01 8.314249632523675881e-01 7.878217446157923520e-01 7.187464369336818981e-01
1.960000000000000000e+03 2.227134413392350687e-01 3.262432437358578352e-01 3.850231197468160227e-01 6.501390408726310799e-01 7.828717748183211533e-01 8.443290589989774775e-01 8.770344296677095031e-01 6.411690089375345902e-01 6.391071366042386792e-01 5.035180284233153891e-01
1.961000000000000000e+03 2.856649816746049120e-01 3.430345215111816337e-01 5.900310637996816210e-01 7.253840618704033849e-01 8.090840206604335005e-01 8.761456117844367286e-01 6.232831832866524424e-01 6.685202807069170472e-01 6.272695802759972183e-01 3.406375944321340388e-01
1.962000000000000000e+03 3.232971349265969518e-01 5.511495400189239113e-01 6.853255359915070288e-01 7.785609462824610860e-01 8.709886834420318413e-01 6.180008690994871490e-01 6.764895175836028729e-01 6.771775666346104838e-01 5.115567313790365667e-01 1.933555805490801138e-01
1.963000000000000000e+03 5.345966491406185517e-01 6.500084997271079468e-01 7.487155515925558724e-01 8.542321583750521752e-01 6.132411838026773365e-01 6.921784314449899167e-01 6.987546853632359278e-01 5.617123154599596990e-01 3.995828550584955563e-01 1.167584734092533133e-01
1.964000000000000000e+03 6.181313605630178731e-01 6.956575155636359753e-01 8.060100244536542169e-01 5.880769294625644017e-01 6.775670814723065982e-01 7.037868462343777054e-01 5.612240419081498954e-01 4.278132662773942441e-01 3.261262828222551979e-01 4.668438599344569284e-01
1.965000000000000000e+03 6.679454936789331887e-01 7.539043239762892590e-01 5.656851014550735579e-01 6.584855774961853037e-01 6.975083978542435670e-01 5.564807027054031741e-01 4.218888463169094827e-01 3.528475128136971950e-01 6.226557947856452557e-01 5.017897193071756412e-01
1.966000000000000000e+03 7.396950506331279040e-01 5.526040134376785096e-01 6.492499844706799417e-01 6.975234349908818743e-01 5.614074259175839687e-01 4.183331021902380598e-01 3.565998946483727172e-01 6.942941843736780694e-01 6.658011353203684424e-01 4.030765191084366705e-01
1.967000000000000000e+03 5.418976915289970275e-01 6.235201601029959351e-01 6.802092204609870851e-01 5.584296061916746989e-01 4.092799823238660317e-01 3.394349378292960684e-01 7.237269792891424247e-01 7.372143262096529925e-01 5.794236155030324520e-01 5.303609098320150039e-01
1.968000000000000000e+03 5.786844241886431872e-01 6.189421587408246994e-01 5.151429135520340097e-01 3.714975167633104425e-01 2.872541408221918058e-01 7.149486708128198753e-01 7.370458509700020810e-01 6.117197218069472253e-01 6.574920541502204951e-01 6.138730499272492258e-01
1.984000000000000000e+03 2.262871468498185989e-01 2.964300797608740434e-01 4.096180651973648779e-01 4.993233880541220193e-01 6.859464551750803496e-01 8.133013379359618211e-01 7.578861371275332770e-01 7.888315542369489508e-01 8.170018410551608268e-01 4.985414060075455955e-01
1.985000000000000000e+03 2.456898548873698018e-01 3.531682530984741053e-01 4.367898465108649986e-01 6.161651570812531897e-01 7.612824800227483424e-01 7.283877574455086545e-01 7.708764916638404241e-01 8.518392321465243500e-01 6.126063639758462243e-01 4.613948906936107819e-01
1.986000000000000000e+03 2.991382065570115101e-01 3.769237249711739901e-01 5.441513506047361837e-01 6.887005609123837413e-01 6.708317954339830802e-01 7.420394165222122806e-01 8.383966920758696428e-01 6.271924930310429636e-01 5.811478945320879275e-01 4.906471901950744674e-01
1.988000000000000000e+03 4.171980636694850864e-01 5.374473714829165472e-01 5.330084208299056270e-01 6.181667210351761144e-01 7.686516712267591478e-01 5.483787817313207080e-01 5.605438291875359802e-01 6.221608228156275677e-01 6.522015204816877798e-01 5.547103402232260727e-01
1.989000000000000000e+03 4.770106145608042914e-01 4.657479980790157903e-01 5.482354748444268067e-01 6.983075719504333589e-01 4.835287856159808939e-01 5.088312040408402570e-01 5.914179254192967194e-01 6.724765357763242690e-01 6.602531401498256125e-01 6.650812207586559444e-01
1.990000000000000000e+03 4.157128746370138961e-01 4.870054298834484707e-01 6.308425719459748171e-01 4.291221968457089031e-01 4.509013214939682213e-01 5.520275218073648071e-01 6.537170255632774873e-01 6.884339496955570459e-01 7.583407979999389203e-01 6.609628370370865813e-01
1.991000000000000000e+03 4.190572125772619172e-01 5.437285494705268452e-01 3.619372264475624323e-01 3.763862541807641571e-01 4.749851513200127884e-01 6.013694632260518924e-01 6.527395620707258095e-01 7.789510302875963799e-01 7.394040510188455428e-01 7.611001974739267650e-01
1.992000000000000000e+03 4.727975259217789827e-01 3.008886588982591093e-01 3.127041245685568405e-01 3.993878605272094262e-01 5.264789655240237343e-01 5.998216184504773230e-01 7.504092430910850320e-01 7.578443068210323208e-01 8.220155179781148957e-01 7.686315261671412546e-01
1.993000000000000000e+03 2.393761311843720929e-01 2.546838862848255225e-01 3.319719282408004624e-01 4.473703521677799833e-01 5.226025238489787617e-01 7.069529296918855010e-01 7.256222999193048251e-01 8.464907331918625211e-01 8.266237139814789359e-01 8.468985644789067679e-01
2.379000000000000000e+03 3.100244221065073247e-01 4.533296317873979908e-01 4.758617041327802277e-01 4.981197662844903951e-01 5.950345916785907407e-01 5.520127227910760492e-01 6.667417888076061505e-01 7.331773660336883269e-01 7.187211302640792443e-01 7.641970338063863721e-01
2.398000000000000000e+03 2.733346827328206885e-01 2.934181459668120939e-01 4.282754615050400893e-01 3.839035255704592031e-01 5.634167266344808356e-01 6.898612973233396728e-01 7.582612394141057255e-01 8.304291858304502227e-01 7.922383810355906331e-01 7.367833999751001173e-01
2.399000000000000000e+03 2.179242392929242045e-01 3.437627864567998071e-01 3.010343241348134580e-01 4.652723684952548844e-01 5.987927386625453430e-01 6.980118693661945262e-01 7.883518128894605459e-01 7.992411342088409087e-01 7.868400584438265399e-01 7.675293549390750369e-01
2.400000000000000000e+03 2.390385509376426465e-01 2.013068485153164666e-01 3.450479600407385106e-01 4.658677440542859927e-01 5.725801493918196705e-01 6.984754285134641139e-01 7.250148873984911813e-01 7.660019031133856737e-01 7.872006733959024949e-01 9.769859898095085704e-01
2.468000000000000000e+03 2.757038532827147947e-01 3.648069102238911121e-01 4.497157162405921449e-01 4.877280056005177111e-01 6.382914467863376462e-01 7.522306155195871424e-01 6.825897573083475889e-01 7.229205811479517685e-01 7.504363157717023336e-01 6.685903064313253319e-01
2.469000000000000000e+03 2.967475675492640130e-01 3.744146697886949204e-01 4.095299912240016882e-01 5.517539189290886492e-01 6.784304815245957299e-01 6.266829878517734542e-01 6.838537263943710309e-01 7.645023436271328743e-01 7.404309962983987026e-01 6.609474690963093035e-01
2.470000000000000000e+03 3.159010157752257797e-01 3.486461727785608034e-01 4.803958869319028824e-01 6.034671004873870537e-01 5.591025617158074112e-01 6.402981524238511302e-01 7.398369287934134508e-01 7.636572999124129346e-01 7.433298450133245527e-01 5.838396063835556982e-01
2.471000000000000000e+03 2.925380451943364046e-01 4.138627499723936953e-01 5.297157887624420747e-01 4.887024025245507164e-01 5.750375309836226467e-01 7.044775364321337330e-01 7.402738596609959032e-01 7.680803343098004943e-01 6.805584454850386322e-01 5.930008852856418766e-01
2.472000000000000000e+03 3.578488398753300603e-01 4.615685151151524557e-01 4.269908755293108094e-01 5.080592124850018543e-01 6.466117533378721305e-01 7.087057230343418723e-01 7.484100836592179062e-01 7.023946448180433677e-01 6.909509035307689340e-01 5.358703757628144881e-01
2.473000000000000000e+03 4.064898128733851479e-01 3.720893546655160145e-01 4.484822201518973150e-01 5.817184306169093100e-01 6.550361470958431243e-01 7.215827485559879184e-01 6.805259735286606215e-01 7.168665518932186842e-01 6.463892944313840427e-01 5.786710181538983200e-01
2.474000000000000000e+03 3.231108644565200971e-01 3.936690978601189994e-01 5.191515320419487489e-01 5.925606553964875012e-01 6.713079878203779272e-01 6.480872686585800180e-01 6.984947094906817089e-01 6.701195598028035771e-01 6.837937721705957816e-01 6.126246126030957528e-01
2.475000000000000000e+03 3.344837896669679567e-01 4.477377404038903608e-01 5.184143109294396812e-01 5.967836044062526657e-01 5.819205051232135828e-01 6.569372726948179420e-01 6.377530377931668326e-01 7.018396718869450712e-01 7.034701462171369934e-01 6.115257995310058314e-01
2.476000000000000000e+03 3.851065179334668409e-01 4.460418822726488486e-01 5.211807177053134899e-01 5.084268788518775395e-01 5.899861992534143340e-01 5.877551388005752830e-01 6.710710985369587878e-01 7.224027011073619331e-01 7.016600219683496453e-01 6.342271783431377985e-01
2.477000000000000000e+03 3.857620920585188018e-01 4.509201999450638265e-01 4.420118604701462894e-01 5.191262431095927665e-01 5.199903672392153231e-01 6.278043496896407172e-01 6.958268638294443642e-01 7.226970725007892948e-01 7.225556153574116403e-01 6.685689666450368440e-01
2.478000000000000000e+03 3.863700303022534754e-01 3.752870779922556910e-01 4.472418917042761954e-01 4.458644525147118509e-01 5.570251760427514798e-01 6.506015373285651826e-01 6.917538118678744352e-01 7.415233076359410980e-01 7.473037616402183891e-01 7.098673992352202422e-01
2.479000000000000000e+03 3.097529036790737655e-01 3.753426206045777369e-01 3.742905097896592759e-01 4.763857563168094611e-01 5.753169144062623142e-01 6.406113455480448859e-01 7.072938306606313397e-01 7.641215802579597316e-01 7.774012341281436589e-01 7.553757833003515998e-01
2.480000000000000000e+03 3.020973785006503265e-01 3.015481419410064867e-01 3.935949033593872937e-01 4.845349951319452009e-01 5.548781477887800850e-01 6.485641627567263479e-01 7.233262704954670497e-01 7.892396652725948147e-01 8.079207754755841631e-01 7.467355519292711019e-01
2.501000000000000000e+03 2.489511018533899500e-01 4.286580760425873216e-01 3.165485305526216653e-01 4.086579075679293016e-01 6.062467430728013529e-01 6.900050225365280676e-01 8.019245884031828142e-01 8.412800402271275457e-01 7.475443121429103943e-01 6.650042740879624770e-01
2.503000000000000000e+03 1.749273881516349716e-01 2.549141328424413544e-01 4.204460929740834185e-01 5.060201684818113055e-01 6.650543329120688352e-01 7.508145263271177594e-01 7.071402977774747800e-01 7.334078575529128230e-01 8.195105541943268346e-01 7.699226055897653298e-01
2.504000000000000000e+03 1.730062648293020089e-01 3.280068292111883999e-01 4.042109389602242531e-01 5.536503233266049095e-01 6.521036307361604001e-01 6.307143797784379169e-01 6.742860603495538507e-01 8.205722291054897699e-01 8.065001336816514099e-01 7.407609404301658262e-01
2.648000000000000000e+03 2.159281636944432592e-01 2.676693276344849215e-01 4.290793816224892088e-01 5.247715198783624579e-01 5.953507232393482340e-01 6.952740337293915607e-01 9.862407253610978586e-01 9.814582900290375056e-01 6.377212628328007282e-01 4.566168649010068914e-01
2.649000000000000000e+03 2.170820598917250210e-01 3.695168918762607446e-01 4.590126320128155024e-01 5.263720925098116510e-01 6.353731117066763190e-01 9.826460960836659320e-01 9.784623427644988380e-01 6.542744850205807206e-01 5.767963832526354917e-01 4.613871820095076237e-01
2.650000000000000000e+03 3.351447497780163376e-01 4.183891155116567506e-01 4.847331532466409576e-01 5.916405079064948058e-01 9.657523118450908051e-01 1.000000000000000000e+00 6.463236000517231794e-01 6.082670273123076399e-01 5.996830906044441356e-01 2.522382329260534628e-01
2.651000000000000000e+03 3.939910337419076369e-01 4.543133749855697845e-01 5.593766583582296947e-01 9.298955138165814205e-01 1.000000000000000000e+00 6.420945015580601378e-01 6.093741648882584627e-01 6.454046717833629154e-01 4.367391446267220312e-01 2.641696710846960228e-01
2.652000000000000000e+03 4.211243448762192476e-01 5.142261000687533556e-01 8.649091271978487372e-01 9.540647947288530828e-01 6.123631547648521467e-01 5.918431100183949578e-01 6.419349371168382445e-01 4.593060112252763116e-01 4.402089578563940231e-01 4.035573826129669750e-01
2.653000000000000000e+03 4.808409326151720786e-01 7.930713683183344687e-01 8.901682631202416651e-01 5.782125468824440562e-01 5.622972460946527029e-01 6.312523090506173551e-01 4.422028124114425474e-01 4.654285915507096472e-01 5.581588512750789155e-01 4.105071683399755811e-01
2.654000000000000000e+03 7.447994888289779514e-01 8.128505702453862058e-01 5.379279651542525631e-01 5.257302849983501725e-01 6.003018318012719456e-01 4.036700985973320499e-01 4.458401073797005343e-01 5.921488037046450659e-01 5.613751450266216692e-01 5.065916200501040523e-01
2.655000000000000000e+03 7.763182749641561742e-01 5.071443770219733471e-01 5.033327713329486253e-01 5.781180916758350552e-01 3.752288523898002492e-01 4.222807172305922396e-01 5.966456415617775733e-01 6.077354664006197060e-01 6.522769211867818218e-01 6.833462236261642619e-01
2.656000000000000000e+03 4.779150539892160765e-01 4.700375916081928063e-01 5.455903180502356120e-01 3.511362423268512556e-01 3.879494216717276345e-01 5.850334877619326468e-01 6.076605920071143085e-01 7.021338327150360437e-01 7.942114599143471620e-01 7.742684012940074245e-01
2.666000000000000000e+03 3.993324772641669573e-02 3.909951225635375227e-01 3.384909248060872233e-01 5.987382260705103043e-01 6.823795107054795306e-01 8.283602220648809134e-01 7.169221155262756051e-01 8.727676101874206616e-01 8.348493415292247422e-01 5.037417223157709678e-01
2.668000000000000000e+03 2.039829521911311616e-01 4.239864752266586656e-01 5.009812890657180384e-01 6.607598106500081059e-01 5.784268593750935272e-01 8.016606191232303891e-01 8.218338211332507637e-01 5.978231959305296828e-01 6.824394396060966539e-01 5.667993931850695555e-01
2.669000000000000000e+03 3.568631947198197540e-01 4.244737316692333562e-01 5.738849941494907902e-01 4.980558902195436066e-01 7.352431955247499262e-01 7.869348325829865765e-01 5.523349950891184301e-01 6.937919208729357301e-01 6.595066693787932088e-01 5.430300817280747649e-01
2.670000000000000000e+03 3.717100271101324571e-01 5.053550112285041251e-01 4.399649493348758433e-01 6.689859031054240512e-01 7.383617240298055995e-01 5.027409380020317897e-01 6.718983515819630936e-01 6.830569216752354622e-01 6.529177953266958045e-01 5.710426817158494872e-01
2.671000000000000000e+03 4.388746695706164380e-01 3.740227892748693717e-01 5.866020537609009100e-01 6.593712962436606428e-01 4.259814172076284433e-01 6.245002930474975456e-01 6.493993010683093425e-01 6.658361777693742045e-01 6.670045498853293120e-01 6.884143339088316660e-01
2.685000000000000000e+03 7.151175610467040700e-02 2.074889183367416567e-01 2.953011926888267080e-01 5.777331321161303102e-01 7.220061826954133899e-01 8.478815979075940978e-01 7.561059027863484827e-01 7.953871587859283609e-01 8.472441755197860358e-01 7.039156145678743259e-01
2.686000000000000000e+03 1.197977396780570830e-01 2.069507271035962437e-01 4.608784244674064556e-01 5.986512416113440871e-01 7.434299099123494736e-01 6.753321532498395285e-01 7.323032201621164639e-01 8.425078906572335269e-01 7.443591994657701161e-01 7.070829266651112999e-01
2.738000000000000000e+03 2.358221011931137812e-01 3.905567392236861668e-01 4.297992483721982948e-01 5.080364660525101828e-01 5.512786271902936353e-01 6.341042741626243817e-01 8.292832995762173809e-01 7.622933370954559917e-01 7.585137862122746100e-01 6.674626226396198625e-01
2.740000000000000000e+03 2.772870768085891058e-01 3.430628140202613419e-01 3.770228666946516261e-01 4.553006798235944563e-01 7.039738277008985579e-01 6.616588050625411555e-01 7.258153772073341337e-01 7.408821962291710639e-01 7.567227609627351637e-01 7.434840391440721286e-01
2.741000000000000000e+03 2.722659160573666082e-01 3.049893734002586121e-01 3.751878857454995497e-01 6.109634259974127124e-01 5.782379882059782705e-01 6.704205169663119968e-01 6.991969666800021965e-01 7.675761463849434252e-01 7.989520181574245594e-01 7.006547000618222887e-01
2.812000000000000000e+03 7.566519457897752376e-02 2.828563512470047003e-01 3.678787185925840308e-01 5.733183407753256189e-01 7.029312632716508968e-01 8.877178419493821915e-01 7.213109832231032748e-01 9.015744175847436592e-01 7.727456703034821794e-01 5.404644442090459355e-01
2.813000000000000000e+03 2.442942192155542480e-01 3.276524835959589987e-01 5.189256884348684151e-01 6.474794343222944892e-01 8.549986813391556861e-01 7.017103313873097603e-01 9.060629661758220488e-01 8.151778274370115041e-01 6.580240662673325636e-01 1.734278823813217574e-01
2.814000000000000000e+03 2.947001122353289926e-01 4.721206484771310885e-01 5.966227934023621282e-01 8.056601357719116452e-01 6.685691694912671013e-01 9.182843039962618192e-01 8.206677979095299280e-01 6.970076018614104196e-01 3.601611121748786726e-01 2.870844598203384224e-01
2.815000000000000000e+03 4.325603080636151732e-01 5.420136965617816660e-01 7.430003501631765594e-01 6.231588268941801179e-01 8.968429241705613286e-01 8.221037529779405828e-01 6.919604378836660130e-01 3.698171089547629964e-01 4.542716383801627122e-01 3.472912122539346669e-01
2.816000000000000000e+03 5.054593824523051504e-01 6.807144141893967104e-01 5.806748668383796552e-01 8.537770875229370171e-01 8.030626048938780404e-01 6.850227959777575037e-01 3.428673891969923337e-01 4.789556664900720406e-01 5.096418970841041229e-01 4.430997993770890986e-01
2.817000000000000000e+03 6.460581411919213979e-01 5.420386276625699384e-01 8.038687521581308060e-01 7.718978413829754581e-01 6.681376061139531197e-01 3.023384271574261484e-01 4.696686383307438484e-01 5.473282899875258067e-01 5.962089351101046431e-01 4.483816864045496731e-01
2.818000000000000000e+03 5.359153328334569366e-01 7.680825786575502523e-01 7.542509412903013466e-01 6.681448825315109419e-01 2.915847347876222573e-01 4.715357157418499923e-01 5.680320159923486489e-01 6.647056037026528585e-01 6.208719572964235267e-01 3.829923933410698811e-01
2.819000000000000000e+03 7.544098866098717382e-01 7.247499157139617454e-01 6.595019835644277961e-01 3.010571436617958674e-01 4.727837068639613727e-01 5.840950599293857071e-01 6.976206502374084906e-01 6.934029073288231482e-01 5.677866662892316896e-01 2.424521016304627130e-01
2.820000000000000000e+03 7.149614220493262229e-01 6.410324219935825685e-01 3.201700708439182974e-01 4.812236515665142544e-01 5.946944347506918360e-01 7.324783849274365544e-01 7.311559113191807846e-01 6.370127997102212891e-01 4.525258626000260853e-01 4.695705556521481694e-01
2.821000000000000000e+03 6.266770592493436931e-01 3.251887102808306285e-01 4.789223601726342316e-01 5.909876058308471958e-01 7.418891155785439784e-01 7.607255269867153613e-01 6.612870220774116348e-01 5.024596827901720575e-01 6.347697135408184588e-01 5.026938380179301058e-01
2.822000000000000000e+03 3.016555360744574421e-01 4.457912145195708220e-01 5.551409096660800957e-01 7.070436947856556520e-01 7.430258795831764518e-01 6.551126781968222845e-01 4.909880097788341669e-01 6.808451629207258327e-01 6.421489356206091514e-01 6.255129063569155878e-01
2.823000000000000000e+03 3.822326512862008197e-01 4.780981436890596736e-01 6.220620241856914534e-01 6.641671092051888436e-01 5.867627409292148766e-01 4.222712072163539165e-01 6.472168891465966967e-01 6.542427745839860531e-01 7.123212309541172571e-01 6.073700324197276457e-01
2.824000000000000000e+03 4.107244266485812756e-01 5.359861188087616801e-01 5.796503078500372386e-01 5.089684488364676351e-01 3.385196455126533999e-01 5.942960436732467322e-01 6.158701006907267850e-01 7.287394357204378670e-01 6.951560538252667953e-01 7.216728341759937049e-01
2.825000000000000000e+03 4.486590529391102922e-01 4.796765775515356989e-01 4.162006217676560982e-01 2.460444920556666137e-01 4.978399180709010552e-01 5.385049487913651234e-01 6.779534693566783288e-01 6.927768324121982291e-01 7.740196310749610786e-01 9.257891214979041550e-01
2.826000000000000000e+03 4.070057611307130729e-01 3.449580173484994572e-01 1.867940927466830436e-01 4.158654453919733429e-01 4.543384705935462620e-01 6.223683371981685308e-01 6.519851202823397918e-01 7.910286397925123669e-01 9.540695007519215398e-01 8.487940496863461970e-01
2.827000000000000000e+03 2.900918052062743668e-01 1.501196958538277837e-01 3.572584312914564575e-01 3.879148525524757085e-01 5.575266627255456298e-01 6.074413734045377433e-01 7.711297078721885967e-01 1.000000000000000000e+00 9.011777526043270869e-01 6.849806910166086338e-01
2.828000000000000000e+03 1.061122005226235177e-01 3.060524633807831241e-01 3.337515366525265481e-01 4.910990934418558163e-01 5.444417695124769141e-01 7.433701547151719824e-01 1.000000000000000000e+00 9.441834264613951921e-01 7.672946902507173927e-01 5.321844879176051979e-01
2.829000000000000000e+03 2.331155328007576133e-01 2.619629753500693492e-01 4.037723762474718092e-01 4.507842535728603384e-01 6.591848850462815879e-01 9.720724339946675840e-01 9.149594652295279795e-01 7.751934637927548888e-01 6.204935157837084825e-01 5.470547303924668814e-01
2.903000000000000000e+03 4.145201364236921204e-01 4.157916983158879143e-01 3.646945710980663558e-01 4.486988801390424664e-01 5.815490000156747774e-01 6.596075512228141147e-01 7.978833072410952409e-01 6.697136500795165537e-01 7.139455771017869656e-01 6.936509651819162681e-01
2.921000000000000000e+03 3.194135826009504853e-01 3.507085834475962005e-01 1.739576246079169719e-01 3.112492729467695729e-01 4.980483868771621858e-01 5.862793857405920184e-01 6.908584984004142449e-01 8.594955596419721067e-01 1.000000000000000000e+00 8.712487568619593503e-01
3.047000000000000000e+03 3.871663010554743933e-01 3.455373272350673597e-01 6.361094687954544913e-01 7.443905399905601517e-01 4.748679218830557658e-01 6.612569609716022478e-01 5.965192791319077203e-01 6.863934248969881802e-01 7.194268397288621220e-01 5.452803021865637589e-01
3.050000000000000000e+03 4.637201793671019701e-01 2.469813044628528520e-01 4.052979473259897270e-01 3.491602658425284056e-01 4.864479903650875681e-01 6.233241507419465810e-01 5.835904103236150275e-01 8.018483160634479745e-01 8.878100155938121185e-01 8.476761483542373243e-01
3.051000000000000000e+03 1.719193169989891579e-01 3.212102309864560690e-01 2.668782575727868256e-01 3.881634916124652723e-01 5.265179800664423482e-01 5.006971850137914570e-01 7.554656016894769621e-01 9.018747156143674948e-01 8.768979205653926190e-01 1.000000000000000000e+00
3.053000000000000000e+03 7.587022806442185463e-02 1.784374514611370699e-01 2.825389932995973630e-01 2.412274773589718202e-01 5.364038986133653486e-01 7.530648433083616533e-01 7.966649249652320020e-01 9.770134407928325881e-01 9.762278117524684218e-01 8.930335116697510900e-01
3.058000000000000000e+03 1.829006424126645436e-01 2.464236820634869152e-01 4.772383084809636578e-01 6.031499552836439015e-01 6.224493961969591593e-01 7.619012659706986268e-01 9.282872472617373916e-01 8.204239054169273349e-01 7.911864126094948491e-01 3.673521065984907130e-01
3.059000000000000000e+03 1.961679711805646431e-01 4.122968898903667800e-01 5.308496012922718776e-01 5.519907043565341898e-01 7.047707535617496744e-01 9.169634593986216720e-01 8.031573902902832129e-01 8.217341770004591428e-01 5.022213880811952080e-01 4.305418495709580906e-01
3.060000000000000000e+03 3.395267615266048811e-01 4.448924623988821936e-01 4.660586662663080415e-01 6.133316830491568616e-01 8.485744111159421177e-01 7.584377745742824084e-01 7.881144004405156167e-01 4.904572176408999451e-01 5.410573132556674159e-01 5.965026005194293823e-01
3.061000000000000000e+03 4.072979446663798075e-01 4.248166838041947391e-01 5.654787194577169940e-01 7.999711955230675020e-01 7.290652234588229641e-01 7.865437031226425457e-01 4.684302615529208347e-01 5.690999624213803898e-01 7.119544834935702671e-01 3.901711841651837598e-01
3.062000000000000000e+03 3.919963673905640933e-01 5.187939637386976832e-01 7.432489935209195542e-01 6.881564872961335455e-01 7.637967490788855063e-01 4.325916935489613757e-01 5.580426884605635962e-01 7.605708184820269002e-01 5.440937316544656177e-01 4.276691298634910376e-01
3.063000000000000000e+03 4.726102685593049912e-01 6.696795198229917867e-01 6.286529862869105756e-01 7.104103595439689167e-01 3.782492007187992500e-01 5.220404039531278961e-01 7.560362427298500387e-01 5.671670672331049490e-01 5.669182772554779426e-01 5.030508999888881894e-01
3.064000000000000000e+03 6.117455602131182113e-01 5.608353977945648161e-01 6.434056412189118612e-01 3.278006191263780900e-01 4.662921047371298422e-01 7.379038070724466269e-01 5.406668394513640674e-01 5.872418314497108716e-01 6.249450582732749560e-01 6.444881744995156758e-01
3.065000000000000000e+03 5.372362877593818142e-01 6.050679395947436978e-01 3.220519315127143845e-01 4.498740756824237130e-01 7.316665792496029885e-01 5.315773803930985419e-01 5.937799386504375443e-01 6.798959506514703488e-01 7.690906198691694895e-01 5.095681115773310621e-01
3.066000000000000000e+03 5.655380608677251786e-01 2.997685784863789449e-01 4.195306853113761059e-01 6.920284316259287527e-01 4.958009105595964638e-01 5.745251295622649801e-01 6.795826162784009972e-01 8.243612248974999668e-01 6.442506761781996438e-01 5.641338277115161004e-01
3.067000000000000000e+03 2.721985607744289437e-01 3.866688871054704824e-01 6.428918543966997134e-01 4.600347207458710952e-01 5.396414842358331354e-01 6.693581968449339170e-01 8.352660630126012009e-01 6.860944064994410896e-01 6.884945460978590948e-01 6.081990024667843775e-01
3.068000000000000000e+03 2.982076240305623349e-01 5.278840236174928702e-01 3.614923903113979597e-01 4.314504615115648534e-01 5.662109946829334550e-01 7.734816808946669564e-01 6.228932643275871817e-01 6.772486033657875160e-01 6.726164363118791734e-01 8.524995713083294291e-01
3.069000000000000000e+03 4.353305950753346143e-01 2.775122871787983891e-01 3.381738305656492583e-01 4.606161156495238718e-01 6.790952779738912426e-01 5.396234427750918883e-01 6.162242645674600450e-01 6.625791910122184047e-01 8.770452124175456277e-01 8.549196902318001445e-01
3.070000000000000000e+03 2.085762502437978616e-01 2.687315215729178530e-01 3.786989784809789428e-01 5.852117564156298357e-01 4.482584101122438769e-01 5.464288855472042572e-01 6.131081284513900664e-01 8.979368493259782813e-01 8.900545383455011894e-01 8.910307344085507397e-01
3.204000000000000000e+03 4.382777685804789547e-01 4.869555052578773968e-01 5.086095542265723912e-01 4.108966465128855994e-01 5.534106016604112277e-01 5.094289034480304901e-01 6.421355429415660510e-01 6.782325128690375182e-01 7.516264969876218505e-01 7.510990366619955116e-01
3.205000000000000000e+03 4.156755746094716319e-01 4.300417280339530191e-01 3.412610305354912277e-01 4.721300700823100049e-01 4.259076434609961881e-01 5.843920849442283405e-01 6.380945376276015990e-01 7.682587489026453387e-01 8.110054836819655666e-01 8.198365741533812923e-01
3.206000000000000000e+03 3.607090287803965123e-01 2.784950705375708324e-01 3.971253876724196163e-01 3.470919872264947581e-01 5.039733190954895914e-01 5.790458436463344905e-01 7.348681312097523621e-01 8.325496113666236431e-01 8.672989418460529398e-01 8.011879098667158416e-01
3.289000000000000000e+03 6.028630348894501445e-01 4.999906577072968927e-01 6.358251432644465018e-01 7.732767131621199885e-01 5.611203034019897062e-01 6.108089557069882325e-01 6.471979519625666866e-01 5.606892000763071815e-01 5.185403268890143025e-01 4.120738644847035115e-01
3.290000000000000000e+03 4.721531247131017239e-01 5.910618151154019007e-01 7.281090895853739031e-01 5.342463629552381965e-01 5.886094600574773850e-01 6.431069304644922990e-01 5.576619346245000886e-01 5.562817928959976621e-01 5.696570632656953181e-01 5.670577471211830645e-01
3.291000000000000000e+03 5.303373685852283970e-01 6.440485166410654383e-01 4.729376434124946127e-01 5.253557369866611593e-01 5.860843248168947639e-01 5.081302103359323086e-01 5.222219716379513654e-01 5.841159120206839139e-01 6.724072790488992979e-01 7.060753995556565688e-01
3.292000000000000000e+03 5.868988904479134350e-01 4.198493551134457880e-01 4.714703220824645880e-01 5.301982487820271484e-01 4.511770362044020821e-01 4.754454817355221463e-01 5.586891294725425672e-01 7.025592117601482389e-01 7.930921460332821527e-01 7.131967909648040393e-01
3.293000000000000000e+03 3.800028499636617374e-01 4.262123812431314884e-01 4.844752878278060781e-01 4.076447474127775084e-01 4.259989677910654970e-01 5.251596292515134934e-01 6.952079997082936114e-01 8.423184814255969544e-01 8.057888322769404255e-01 7.034625514195314011e-01
3.294000000000000000e+03 3.634903853462064238e-01 4.143090898168195757e-01 3.448569476237451359e-01 3.551316869211760818e-01 4.497777330865316836e-01 6.507575760600317061e-01 8.221547141277831816e-01 8.333581688055031744e-01 7.768591211831077370e-01 6.963679674506768613e-01
3.295000000000000000e+03 3.466163298838865203e-01 2.826816317938610768e-01 2.899335265553579788e-01 3.714717398236315749e-01 5.750221436608100589e-01 7.860437813267674434e-01 8.063830984076593156e-01 7.961058078997542697e-01 7.658902253305976959e-01 7.331641701735014394e-01
3.296000000000000000e+03 2.187307935961081418e-01 2.307356839244311397e-01 3.023416424593651786e-01 4.905151452557455771e-01 7.144173397997805042e-01 7.654961475940182947e-01 7.634411655911779171e-01 7.817144106688060923e-01 7.941777307465841540e-01 7.378898754681235683e-01
3.297000000000000000e+03 1.563464578839136032e-01 2.284318786941644530e-01 3.973620117871403123e-01 6.097915988963396039e-01 6.758916711616527184e-01 7.014810505585717948e-01 7.335759524220609729e-01 7.994442566591938304e-01 7.860029220817820184e-01 7.250632986109009082e-01
3.298000000000000000e+03 1.374555774846273892e-01 2.963028227143528204e-01 4.877752967969559705e-01 5.509570208752333498e-01 5.867203957036954964e-01 6.473864913261615506e-01 7.341654188371353751e-01 7.733389532223378104e-01 7.596984615699274856e-01 8.256828383859898812e-01
3.299000000000000000e+03 2.011331902795551740e-01 3.766401159361865147e-01 4.324788215843600736e-01 4.632489148003282042e-01 5.287947069474349115e-01 6.469688102398194474e-01 7.050075684054434300e-01 7.437473026122231046e-01 8.419708055606577313e-01 8.133003117819151973e-01
3.300000000000000000e+03 2.987370869301412268e-01 3.491494815260547391e-01 3.761264347943937270e-01 4.335019611151806895e-01 5.556510500330066327e-01 6.403858228923587914e-01 6.962424670869211685e-01 8.551638261579095346e-01 8.515663840306582077e-01 6.707335717914936213e-01
3.301000000000000000e+03 2.713690703080448019e-01 2.971815394048865078e-01 3.472737129970452918e-01 4.581587220879086431e-01 5.472110906740653702e-01 6.291519766222095633e-01 8.155022907103978147e-01 8.644501799348249804e-01 7.325285201078109987e-01 7.925890101829786705e-01
3.302000000000000000e+03 2.204304391650449280e-01 2.697083739674249747e-01 3.683933617540335326e-01 4.481460397368466353e-01 5.335458496342762036e-01 7.606237977888946622e-01 8.239588561093286190e-01 7.328775267911623592e-01 8.319893967095849385e-01 7.762805016552603021e-01
3.303000000000000000e+03 1.879151791550292272e-01 2.820480201268095177e-01 3.517353915291177580e-01 4.268441967391390368e-01 6.634941552936296505e-01 7.621616626984651921e-01 6.746232036509817176e-01 8.350518594848257425e-01 8.125320370424038430e-01 7.835696073192529587e-01
3.304000000000000000e+03 2.080918586696436645e-01 2.759037345738453717e-01 3.418778642892356112e-01 5.639089173695949198e-01 6.761418201205539047e-01 6.057962711173233705e-01 7.944643679492218169e-01 8.224490192507867281e-01 8.264818854749768073e-01 6.611215123609190947e-01
3.305000000000000000e+03 2.083318595509074944e-01 2.734196565039168081e-01 4.757145370333829559e-01 5.839788470645462803e-01 5.195599233239267534e-01 7.472754175122907627e-01 7.875986116545615756e-01 8.439643616544678650e-01 7.308578688981467453e-01 6.217714817913029268e-01
3.374000000000000000e+03 4.213206062468686230e-01 3.744075066881440983e-01 4.274435564392052300e-01 6.384763767296998127e-01 5.761410201614208804e-01 5.966553339154897495e-01 7.068005333543927460e-01 7.743131989799384440e-01 6.649317227370104000e-01 5.991442844537300250e-01
3.375000000000000000e+03 3.238936451392705473e-01 3.731779999268873271e-01 5.700636634150699766e-01 5.137986054343400832e-01 5.377225602971392737e-01 6.757710587487889553e-01 7.592466785536443608e-01 6.890059024544690214e-01 6.994601692809936377e-01 6.438082573417254206e-01
3.376000000000000000e+03 3.082537674497540237e-01 4.865972502821263035e-01 4.377400770129734608e-01 4.582242985758335774e-01 6.024830700783148085e-01 7.167420797839635371e-01 6.509611620500368456e-01 7.122769067679335375e-01 7.231608554667411370e-01 6.797331302306841572e-01
3.377000000000000000e+03 4.266852271519994133e-01 3.779423588548821988e-01 3.980620374691737906e-01 5.340597505190921579e-01 6.587559292386671039e-01 6.079569615637742119e-01 6.872373157109058495e-01 7.484552141065380360e-01 7.622988910525770878e-01 5.597293622332458751e-01
3.378000000000000000e+03 3.378652009005340129e-01 3.577208281097300491e-01 4.856538912414435916e-01 6.077475234503868506e-01 5.632369998521783439e-01 6.667957368522869910e-01 7.427901252271673638e-01 8.064420656879164317e-01 6.764728130758325131e-01 5.431090677036048975e-01
3.379000000000000000e+03 3.078105877449683336e-01 4.255670869294707614e-01 5.414246002523617207e-01 5.010297233749945178e-01 6.114962659613278895e-01 7.159068658268662455e-01 7.939382658781177771e-01 7.015078262349678795e-01 6.528538436552751012e-01 5.510127927014368820e-01
3.597000000000000000e+03 3.607078780145898667e-01 3.866921426297774134e-01 2.631534405460223547e-01 3.940843152020261364e-01 3.396105237332169291e-01 5.850830398675413990e-01 7.861501829723609447e-01 8.656221697078658739e-01 8.757738222205915246e-01 8.107048200904883872e-01
3.598000000000000000e+03 3.106689688674215133e-01 1.991187817742219868e-01 3.149151835230429297e-01 2.523216683543788030e-01 4.935685484303750648e-01 7.339516629133144843e-01 8.307210934537582192e-01 8.945267607644464825e-01 8.516173209575028658e-01 8.268054601704546425e-01
3.599000000000000000e+03 1.319128892306853651e-01 2.457356644201033613e-01 1.838722251288576748e-01 4.021597987403069396e-01 6.501946474088202699e-01 7.837667091415148057e-01 8.620051429947575006e-01 8.681135738983996042e-01 8.649410661277152634e-01 7.704102402270764927e-01
3.600000000000000000e+03 1.609759188112941941e-01 1.117637353740085354e-01 3.044704423436341845e-01 5.350055014972333600e-01 6.824047497176451982e-01 7.994820974690799442e-01 8.162351641416202286e-01 8.667856694108013738e-01 8.038010039465214307e-01 7.259998577301316480e-01
3.601000000000000000e+03 3.841505700876946677e-02 2.254570692598822090e-01 4.329762493243178301e-01 5.726905234569843461e-01 7.054888948522930470e-01 7.546320736194234158e-01 8.203840390692173079e-01 8.051626106907242564e-01 7.717899098243627964e-01 7.076817019944027232e-01
3.604000000000000000e+03 2.042298751243996902e-01 3.044333298584743774e-01 3.502297677937087350e-01 4.501052078370402776e-01 4.787069696968127008e-01 5.418214684822428850e-01 6.078902033798797566e-01 8.705943960159117090e-01 9.763959552562433419e-01 9.147648702061811354e-01
3.661000000000000000e+03 8.547893950333240731e-01 9.447588520285320479e-01 9.404872004623782145e-01 1.000000000000000000e+00 7.603617842755298062e-01 7.356166708458256043e-01 7.578547338180160464e-01 0.000000000000000000e+00 0.000000000000000000e+00 0.000000000000000000e+00
3.662000000000000000e+03 9.515103768892674285e-01 9.222357062470791789e-01 1.000000000000000000e+00 7.938532049341471275e-01 7.866026101553065253e-01 8.300034957170435712e-01 0.000000000000000000e+00 3.440493845171919973e-02 2.716018698609874993e-01 3.407425491146989782e-01
3.663000000000000000e+03 9.525085327803354263e-01 1.000000000000000000e+00 8.333180412541374427e-01 8.471841870644425398e-01 9.150795363153410023e-01 0.000000000000000000e+00 5.976748022479643624e-02 3.550504745900587289e-01 5.756805999911916993e-01 2.337516882796482620e-01
3.664000000000000000e+03 1.000000000000000000e+00 8.200527624763959134e-01 8.521671453108783378e-01 9.401757031726404312e-01 0.000000000000000000e+00 3.737308380592248985e-02 3.832129591086951836e-01 6.653829992235306134e-01 4.629105639347884660e-01 4.961199794630778426e-01
3.665000000000000000e+03 8.006193174013461755e-01 8.097335011107187341e-01 9.084959288287565160e-01 1.104103839030760002e-02 8.462306657900698498e-03 3.718840430420158882e-01 6.945247448218636599e-01 5.160012673722396137e-01 6.588391465474825459e-01 8.044743153072372310e-01
3.666000000000000000e+03 7.740724168606860633e-01 8.433763171656214475e-01 2.590074582437355485e-02 0.000000000000000000e+00 3.425134900049640607e-01 7.025308527360391020e-01 5.145693930629208213e-01 7.155727777795531930e-01 9.007164909432485711e-01 7.394137740876188802e-01
3.667000000000000000e+03 7.917665744533262107e-01 3.018271277883924006e-02 0.000000000000000000e+00 3.095705424035239406e-01 6.741477992304696354e-01 4.835271900861108918e-01 7.164496958887055511e-01 9.670874928299991735e-01 8.336116236255608491e-01 8.496757224691247057e-01
3.668000000000000000e+03 7.231721909631383220e-03 0.000000000000000000e+00 2.796471292444689394e-01 6.251713374255959410e-01 4.343172987996894441e-01 7.018720409731120657e-01 9.822907738489221607e-01 8.866030316767558039e-01 9.189509191121583154e-01 9.368016535302762238e-01
3.692000000000000000e+03 4.934784684978800184e-01 3.650661679057580766e-01 6.753568421461287885e-01 5.009041467282409066e-01 3.974232396784841415e-01 3.252957962898033739e-01 5.508015852708866289e-01 6.647315248527649878e-01 8.593445095028134917e-01 8.601795172048848359e-01
3.813000000000000000e+03 4.172451848297161203e-01 3.939148072450903149e-01 1.777574659274102631e-01 3.048236481706235734e-01 4.798151864669396582e-01 5.350561727667891843e-01 6.145464104139645167e-01 9.414351413519871370e-01 9.174299891256233463e-01 8.665717937008140526e-01
3.815000000000000000e+03 3.638845222334743251e-02 1.479967521406794773e-01 2.838323946465020065e-01 3.226968665684100124e-01 4.193790471800592501e-01 8.471978010887615262e-01 8.860069274272523998e-01 8.953352922975791328e-01 9.867548649971326080e-01 8.981145271149809650e-01
3.907000000000000000e+03 4.445831992715597036e-01 3.538400087797380356e-01 3.516616214357097259e-01 5.189721264650666299e-01 6.533591365762132508e-01 6.612949695209487944e-01 7.568111984609000586e-01 6.869719063480514976e-01 7.098499456960976062e-01 6.399736851268997828e-01
3.908000000000000000e+03 3.030549478335398672e-01 3.035310093785640317e-01 4.579567457063310476e-01 5.876104292278344632e-01 6.043416647316146584e-01 7.303214768268356805e-01 6.632026058118075662e-01 7.370259020778188175e-01 7.322198551036722680e-01 6.821354857968865426e-01
3.909000000000000000e+03 2.434673398190535243e-01 3.872803809526557672e-01 5.079740375155290533e-01 5.252075498334302095e-01 6.620796079634190257e-01 6.113207174523774823e-01 7.047968348994200216e-01 7.498079003611377580e-01 7.564418652019005984e-01 6.394797962696631144e-01
3.910000000000000000e+03 3.036021269278226242e-01 4.115774103877871126e-01 4.272613648695273159e-01 5.565449606186003706e-01 5.113902855299753414e-01 6.337070897241946499e-01 6.970351861826586948e-01 7.563294027675664388e-01 7.029040848854805068e-01 7.716170364973550244e-01
3.911000000000000000e+03 3.155969818089833789e-01 3.273086766982017393e-01 4.432587745429744097e-01 3.961165819826162338e-01 5.206393553274820674e-01 6.114576319721705122e-01 6.919220627419262470e-01 6.866389066504103855e-01 8.018223037507472561e-01 9.514433792545973212e-01
3.913000000000000000e+03 2.510214871364995770e-01 2.105732531908538485e-01 3.057163132497065505e-01 3.847907819062248991e-01 4.937401706023262782e-01 5.240667270991377080e-01 7.353994897944658993e-01 9.587588999079169616e-01 9.334919961922029108e-01 8.914473824624279397e-01
3.914000000000000000e+03 1.249292591802907831e-01 2.186246653542912866e-01 2.854193598635500484e-01 3.796825734749878500e-01 4.062118630782485251e-01 6.549657434810457479e-01 9.112814843409452470e-01 9.389372780600676593e-01 9.013539840159257022e-01 8.865023070595743349e-01
3.915000000000000000e+03 1.405381702810910294e-01 2.087161667182794444e-01 2.899784653465256046e-01 3.046226766281600051e-01 5.540840412738712306e-01 8.612407445555523289e-01 8.988304806049595141e-01 9.121269332082334591e-01 9.048441681955575744e-01 6.631897657448910799e-01
4.143000000000000000e+03 3.305015722871589290e-01 3.423031121872438520e-01 3.761073784064498660e-01 4.510407963886697846e-01 6.068898678549726755e-01 9.407386055824779048e-01 8.974386825034108561e-01 6.514532128591349336e-01 6.310700284091195211e-01 5.936325332117725617e-01
4.144000000000000000e+03 3.027929735516266541e-01 3.368402355027874662e-01 4.075070277250500417e-01 5.558479899255712731e-01 9.131611511980057827e-01 9.012330850257467274e-01 6.363809536415940826e-01 6.614895356326584430e-01 7.036970769087675937e-01 4.444803669152948555e-01
4.145000000000000000e+03 3.121692889256874048e-01 3.805150846642494922e-01 5.217640970313748294e-01 8.736557662687981507e-01 8.906762507982975974e-01 6.263706121268284299e-01 6.631820797476002394e-01 7.559045094582562685e-01 5.931783365682083975e-01 2.653562531702342575e-01
4.146000000000000000e+03 3.507441261344882988e-01 4.804646044400759375e-01 8.129923700805726794e-01 8.475347943962937558e-01 5.960586961271254758e-01 6.525200079855983937e-01 7.622833433750761944e-01 6.313049791106315478e-01 4.414083196631350403e-01 3.085607617350819010e-01
4.147000000000000000e+03 4.365596525000440264e-01 7.333266433778251603e-01 7.771537484917532268e-01 5.473775374717995135e-01 6.111380500310285013e-01 7.517654940248222895e-01 6.163201794596733230e-01 4.551047003008059089e-01 4.685678610849337011e-01 4.504725826104626352e-01
4.148000000000000000e+03 7.118083486726457521e-01 7.358744585447815068e-01 5.366335406632638527e-01 6.029529704193338224e-01 7.580397893269963383e-01 6.275475601266288228e-01 4.596195929951932269e-01 5.168725743444220200e-01 6.158735612176551300e-01 2.201110287842402147e-01
4.149000000000000000e+03 7.362282936019499680e-01 5.404250484077560701e-01 6.132563195767561925e-01 7.738877594330736409e-01 6.539426662757922282e-01 4.768762215181312492e-01 5.497319614876220450e-01 7.002283184399884508e-01 4.430527123512360554e-01 3.179992526260171926e-01
4.150000000000000000e+03 5.651657146419031275e-01 6.274869583659213879e-01 7.920531753411338416e-01 6.925358023735895818e-01 5.150799573190485425e-01 5.983040045624922199e-01 7.677423516623710364e-01 5.259016074051886536e-01 5.395063987894271884e-01 1.802017871136830929e-01
4.151000000000000000e+03 6.154741526278307839e-01 7.548067646543018538e-01 6.775852233758778986e-01 5.151891774608347019e-01 6.020546777447286502e-01 8.040351831549854555e-01 5.421298285771670722e-01 5.999206297107610997e-01 3.953177196533048110e-01 3.151593903792864748e-01
4.152000000000000000e+03 7.122134459054292321e-01 6.247819235324155729e-01 4.839670577418251352e-01 5.694841676433880506e-01 7.879090684979752623e-01 5.205166529115089480e-01 5.962077523664620626e-01 4.171779229841165448e-01 4.856550905919015393e-01 6.196883553013807777e-01
4.394000000000000000e+03 6.076124085471973357e-01 5.467332030055176428e-01 5.840869099318398705e-01 7.012049803780250334e-01 9.502954811120636336e-01 6.718026804334421564e-01 5.813430353096150638e-01 3.496910050760814181e-01 5.076619440240723868e-01 3.905902372019019464e-01
4.395000000000000000e+03 5.294271439381080802e-01 5.573125484704039012e-01 6.756961824661802396e-01 9.306899798675590807e-01 6.689948859421616101e-01 5.840875482904556160e-01 3.412269725733257375e-01 5.565171545775559059e-01 5.629359087508786219e-01 4.483514860882371056e-01
4.396000000000000000e+03 5.219217373982572017e-01 6.217627575938974305e-01 8.682808893611591028e-01 6.333706508998631080e-01 5.539026437633166600e-01 2.935269276093276924e-01 5.477029287899367604e-01 6.000493442074267270e-01 5.952452676764220518e-01 5.346545014232509940e-01
4.397000000000000000e+03 5.632295581333254253e-01 7.743493304328090687e-01 5.688662466798329875e-01 4.958817585488189406e-01 2.218619542648120058e-01 5.011959114378661262e-01 5.734713289070968445e-01 6.156409164877625351e-01 6.487297058014319662e-01 7.270863948552586109e-01
4.398000000000000000e+03 7.143371943703249460e-01 5.094692623007018861e-01 4.474314197394004822e-01 1.782146530733478562e-01 4.474612359864955646e-01 5.363005489322657526e-01 5.959586210075596968e-01 6.794307469773357422e-01 8.131504010648776815e-01 7.219167828398558306e-01
4.399000000000000000e+03 4.708057873984416442e-01 4.097821543477847550e-01 1.637297978337306226e-01 4.102914991769639474e-01 4.966873671317891259e-01 5.730743760286132193e-01 6.755816871584643390e-01 8.694649258596617303e-01 8.177136530574869999e-01 7.968351164694071898e-01
4.400000000000000000e+03 3.665069173938821923e-01 1.441677140325146877e-01 3.688093155993144023e-01 4.472745150480779142e-01 5.241233747837841239e-01 6.515388809026986250e-01 8.721950342136762790e-01 8.654020418091286082e-01 8.716325331201484339e-01 6.110546430448281496e-01
4.401000000000000000e+03 1.070206727406705222e-01 3.234827758960780453e-01 3.965064304546002116e-01 4.669325728318062807e-01 5.995862863203003101e-01 8.648818127667111666e-01 8.614807738710849039e-01 9.187013321999429882e-01 7.121883388913246016e-01 5.506465774277098379e-01
4.402000000000000000e+03 2.289891533895884457e-01 2.967250800123390486e-01 3.573094582119322737e-01 4.782788521600358500e-01 7.597759687742745571e-01 7.914599891076838922e-01 8.642413695887288805e-01 6.939422731356096330e-01 6.167070423634710696e-01 7.586758217483916544e-01
4.403000000000000000e+03 2.199754952554317244e-01 2.787213748580352202e-01 3.869603102596263500e-01 6.549035635176758685e-01 7.042081967868175640e-01 8.150473184625012246e-01 6.394780057105129423e-01 6.062703550094008520e-01 8.039198272126355516e-01 7.287470735223450236e-01
4.404000000000000000e+03 1.936062645676429050e-01 2.957118535001511117e-01 5.392430627536607401e-01 5.890812598984869197e-01 7.168975857957953224e-01 5.526438843790245636e-01 5.345879901034387149e-01 8.014271431880866103e-01 7.705330120916510372e-01 8.124830108106259052e-01
4.422000000000000000e+03 0.000000000000000000e+00 2.426221441406255230e-01 3.020742595922598084e-01 4.893826393038950284e-01 5.321507477040245959e-01 7.618644731272066206e-01 8.614317756862356346e-01 8.950445536576946415e-01 9.384462415475516295e-01 7.348062445882792559e-01
4.423000000000000000e+03 1.366331320912174130e-01 1.956491767598545484e-01 3.598962768329626027e-01 3.932373573876677408e-01 6.313182257007829978e-01 7.720477176659822360e-01 8.213656497489766339e-01 9.247610382925333106e-01 7.542903369425548732e-01 7.964427620503811145e-01
4.598000000000000000e+03 3.199252022496907322e-01 5.401375964774977056e-01 3.771698439068446596e-01 5.882923738811723924e-01 7.410165309926143307e-01 6.830244041537547606e-01 7.657537847885540483e-01 8.625114107403998309e-01 6.072337284335408425e-01 3.185904629783253839e-01
4.599000000000000000e+03 4.993980230573916712e-01 3.454938583637118255e-01 5.433962168235753065e-01 6.961536027015990946e-01 6.506989962319390530e-01 7.626691138338621556e-01 8.736778979467738626e-01 6.427077908438271203e-01 4.820162397244318053e-01 3.580793392107339823e-01
4.600000000000000000e+03 3.217843746948140793e-01 5.048487433382288225e-01 6.536072550249012458e-01 6.187696316126409801e-01 7.459796822767369440e-01 8.944155526675005019e-01 6.442117723480176306e-01 5.137519190791526302e-01 5.225671435693316491e-01 4.744539423087006935e-01
4.601000000000000000e+03 4.511111169959717837e-01 5.800864579544159350e-01 5.548496727519515170e-01 6.827625430942680929e-01 8.551088566806192004e-01 6.088255155121066187e-01 4.793916803677092386e-01 5.355613647517628584e-01 5.984108943177223194e-01 5.051601672330437998e-01
4.602000000000000000e+03 5.435581021909079436e-01 5.122920624598931161e-01 6.379250030823234718e-01 8.150834513389548786e-01 5.798391621498801829e-01 4.484230948219322110e-01 5.247548853965597893e-01 6.388489990119226025e-01 6.423135111036766265e-01 4.476079387983257218e-01
4.603000000000000000e+03 4.841554894821572530e-01 5.931967122254917513e-01 7.672010238728851350e-01 5.528280210450641219e-01 4.172271655628289611e-01 5.058719426202943348e-01 6.428973165818376856e-01 6.924867665277112394e-01 5.994021603572977641e-01 4.976846883656270704e-01
4.604000000000000000e+03 5.562526795894602305e-01 7.045125079107891208e-01 5.174664720153706599e-01 3.872661807931830347e-01 4.712386765381500475e-01 6.321261372280976287e-01 6.954835601149993440e-01 6.400812447321547749e-01 6.362322405855977969e-01 4.835555139102436506e-01
4.605000000000000000e+03 6.392147553724201181e-01 4.544608715695844237e-01 3.373554822356745198e-01 4.115056342035522952e-01 5.751576826761350958e-01 6.631249127941771793e-01 6.136676341133399104e-01 6.575793706223481694e-01 6.036180131962390893e-01 7.959576205242092639e-01
4.606000000000000000e+03 3.972947034926749832e-01 2.887025853494677996e-01 3.562763535643372337e-01 5.090261313657843401e-01 6.038944022267173084e-01 5.677567309591291522e-01 6.293211909914795399e-01 6.187799669707996220e-01 8.598517382679122800e-01 9.204872036024849269e-01
4.632000000000000000e+03 9.013097638676850765e-02 2.611464783020209235e-01 3.481111464871906591e-01 6.271692760428229096e-01 7.893271844210404398e-01 7.817450881606415880e-01 8.589022886965440584e-01 7.837425688972213811e-01 7.583740475119947755e-01 5.473344155212940265e-01
4.633000000000000000e+03 1.866356872497298702e-01 2.710202350639436264e-01 5.251828806315742559e-01 6.843596144580763596e-01 6.947153782865399529e-01 8.097723284092961382e-01 7.372366255389113388e-01 7.616685667411244864e-01 6.296220988402765339e-01 5.667038663047067049e-01
4.634000000000000000e+03 2.135640938074378214e-01 4.490748616805449456e-01 5.988267695898872311e-01 6.146793715316226647e-01 7.472249891062040517e-01 6.955326209731391707e-01 7.327275631268411749e-01 6.386243584022004427e-01 6.618468588003367792e-01 4.967910544151216690e-01
4.720000000000000000e+03 5.228250564713516901e-01 6.306535769592667151e-01 2.856789607631536332e-01 5.066636704938362046e-01 5.749555019967692582e-01 4.812051468559705447e-01 6.604210218168308222e-01 6.684781632557368347e-01 7.898301720427582939e-01 5.845139639581156121e-01
4.721000000000000000e+03 5.678566499214489083e-01 2.444212571151677671e-01 4.470495245823316033e-01 5.116763197369514904e-01 4.150046117975946802e-01 6.228801932469323344e-01 6.436068745628080734e-01 8.250992119815067083e-01 6.866196024506404649e-01 7.662080447167483044e-01
4.722000000000000000e+03 2.040345619053836046e-01 3.954292272848800027e-01 4.576360802077497625e-01 3.620105439002574421e-01 5.709585162279237069e-01 6.102715026048647351e-01 8.191228926998816995e-01 7.171425420265687967e-01 8.420623957913085933e-01 7.655948182475739161e-01
4.725000000000000000e+03 1.769150986762757505e-01 3.426960996000171233e-01 3.766872300229918702e-01 6.256762982707496645e-01 5.474892589979728497e-01 8.067184107258049686e-01 8.183108622340860006e-01 8.584859057904119517e-01 7.118697541456947553e-01 5.381528812569380538e-01
4.729000000000000000e+03 2.566258899834513163e-01 4.756506887819452745e-01 5.352524333296694303e-01 6.378239752823621211e-01 5.529635168935479461e-01 5.277335843661612458e-01 6.976333737722918427e-01 6.801548663116383509e-01 7.681032793626684230e-01 6.443278929334503857e-01
4.730000000000000000e+03 4.062803483148314521e-01 4.555082789600977122e-01 5.528193126241542910e-01 4.734171444810133522e-01 4.469374466757640718e-01 6.481528288608157107e-01 6.416729521369047839e-01 7.876845940775173416e-01 7.238458970145249527e-01 6.010674883995833495e-01
4.731000000000000000e+03 4.214776224164859530e-01 5.074668192386675436e-01 4.402995501424510905e-01 4.126118351278896257e-01 6.177531033309088260e-01 6.271354714162398203e-01 7.956974691016545087e-01 7.737403392493765741e-01 7.194199259032846294e-01 4.253742358820650771e-01
4.732000000000000000e+03 4.660926673685981680e-01 4.004361851113963366e-01 3.780446365457441060e-01 5.731827419975177307e-01 5.890669041818792362e-01 7.937606499502356527e-01 7.750116152315484896e-01 7.637919369143559845e-01 5.688752009071019744e-01 4.934113075922437197e-01
4.733000000000000000e+03 3.600791312775484254e-01 3.403730391884712825e-01 5.227598820528871482e-01 5.405944774572369882e-01 7.602682672164995381e-01 7.660805233105748568e-01 7.602173325862561226e-01 5.949711927029420755e-01 6.220630097634809452e-01 5.805357481912259976e-01
4.734000000000000000e+03 2.760498122108271390e-01 4.429913915423116522e-01 4.614686489781054668e-01 6.738565929625484063e-01 6.964005344284083243e-01 7.167045397965899900e-01 5.481041971298460380e-01 6.266544690211011126e-01 6.699145195587318247e-01 7.297705778508258856e-01
4.735000000000000000e+03 3.624471782246670437e-01 3.757644648294720668e-01 5.713419275497662042e-01 5.972050562375704752e-01 6.296365600052935552e-01 4.656500510947040317e-01 5.700677569411516377e-01 6.675609576860317418e-01 7.829132570251817747e-01 7.502142758758738594e-01
4.736000000000000000e+03 3.039329082300630813e-01 4.805649310716119116e-01 5.069769697044527179e-01 5.392162956603261392e-01 3.725837143139337226e-01 4.968968456489198382e-01 6.203545124692418922e-01 7.967230478122254711e-01 8.049819201195622664e-01 7.916753731053216558e-01
4.737000000000000000e+03 3.889618756501120322e-01 4.070487571695505236e-01 4.361878345111219746e-01 2.707271156131177969e-01 3.866976213247086402e-01 5.352072557676772480e-01 7.439874078177697303e-01 8.058609676435175562e-01 8.255425077562740244e-01 8.745018801578841039e-01
4.738000000000000000e+03 3.283410961858593824e-01 3.531481200374787521e-01 1.989180424398569180e-01 2.960159415788687354e-01 4.388942510690594934e-01 6.847143068783630993e-01 7.641461313931497967e-01 8.378456324442095093e-01 9.027911298627024905e-01 8.760167905119988774e-01
4.749000000000000000e+03 1.054228788438736492e-01 2.007658361225006238e-01 2.045750954606557759e-01 4.554925931967978570e-01 5.676988121437007706e-01 7.717950159869825244e-01 8.159580297704028817e-01 8.958772220340796011e-01 9.027837029656997636e-01 8.341470416661734832e-01
4.861000000000000000e+03 4.816966911189072831e-01 4.455849297842895962e-01 4.199578198844441390e-01 5.227198190485071727e-01 6.799930512323782983e-01 7.825572775500418965e-01 6.630085659720205138e-01 6.474137999080216144e-01 5.884970345958931981e-01 5.825268489027871643e-01
4.862000000000000000e+03 4.269623762449274995e-01 4.029055305412772570e-01 5.033743108095503072e-01 6.591617957871138689e-01 7.790927965730810589e-01 6.692286099923733245e-01 6.594158057149334118e-01 6.399762469988496960e-01 7.176783296668154399e-01 3.607243195999824126e-01
4.863000000000000000e+03 3.528748312894959827e-01 4.435651490921954099e-01 5.912917286433642117e-01 7.139983964406281247e-01 6.165150651616516653e-01 6.248344920519034451e-01 6.154313469365418898e-01 7.485835123512487588e-01 5.033072333859707204e-01 6.324677155730380473e-01
4.864000000000000000e+03 3.877960303785389362e-01 5.188019420579760288e-01 6.375092930943819791e-01 5.504883354561829201e-01 5.646861876440769645e-01 5.708247425796011409e-01 7.289947255110905688e-01 5.097688870044152498e-01 7.251257089527939348e-01 5.880850128972371360e-01
4.865000000000000000e+03 4.514542921070247572e-01 5.519048246302334926e-01 4.766262668835365424e-01 4.898035137565479591e-01 4.973900005895365850e-01 6.880940969836539800e-01 4.613290640277377119e-01 7.446456683076401184e-01 6.808971547579651951e-01 7.090815294905364885e-01
4.866000000000000000e+03 4.752866472575015266e-01 3.987938477567926632e-01 4.115916201596995228e-01 4.146902420477859286e-01 6.110677610114972902e-01 3.793837606255225370e-01 7.075153526505809642e-01 6.885409056648315040e-01 7.740719178646292553e-01 8.578991347814099999e-01
4.867000000000000000e+03 3.363353589541189792e-01 3.475483730343555955e-01 3.502387891902250527e-01 5.342502979276247954e-01 2.949510133738937334e-01 6.633230373931360280e-01 6.544190501145177308e-01 7.976286363119596823e-01 9.039030359851817353e-01 8.138430230999343928e-01
4.966000000000000000e+03 2.862761110402665121e-01 4.436307810984680411e-01 5.562728211495202579e-01 7.055572439602874057e-01 8.265448740689805840e-01 6.590951069152118924e-01 5.720947717624403905e-01 5.838134475818280711e-01 6.257404843049056975e-01 6.133942650060723034e-01
4.968000000000000000e+03 4.388509969562495727e-01 5.633392632147987689e-01 6.867736680485084788e-01 5.468506554483982818e-01 4.684356802089381100e-01 5.091058178115726029e-01 6.255607889733966198e-01 7.448534276308920177e-01 6.726551678327401529e-01 4.876697246350767956e-01
4.969000000000000000e+03 5.106547559711296369e-01 6.138806067061580718e-01 4.924043555275616213e-01 4.164655794732403660e-01 4.533113211649263397e-01 5.923106133880515767e-01 7.340793088261080568e-01 7.037019417081981087e-01 6.126573732736072531e-01 6.010771355957675866e-01
4.970000000000000000e+03 5.477986902367730782e-01 4.268392205461944422e-01 3.589229450721573844e-01 3.881083225720135532e-01 5.270797815026263544e-01 7.005308136238079797e-01 6.774990223766960140e-01 6.269987498843121454e-01 6.967186859129977927e-01 7.923142530405729023e-01
5.036000000000000000e+03 8.489299653695903114e-01 9.110567250263809091e-01 1.956664746101601793e-01 4.896842580227752095e-01 2.301378725195168118e-01 3.728764999794324519e-01 5.311091660664071235e-01 8.243937685724053166e-01 5.780217568941821149e-01 6.327906813949800702e-01
5.037000000000000000e+03 8.737118007059855307e-01 2.005740406632549599e-01 4.735219973109041081e-01 2.198833989756555363e-01 3.466663234465590104e-01 5.219005572517660951e-01 8.528014194186948060e-01 6.291893398764039080e-01 7.601709224228069273e-01 7.694520536485193185e-01
5.038000000000000000e+03 1.962721315793059529e-01 4.557378271882093212e-01 2.266197555591999147e-01 3.380981137079713816e-01 5.086367055266399761e-01 8.875993554430616772e-01 6.440505909541398566e-01 8.328802765410470155e-01 8.770350281996288633e-01 7.635034761271896064e-01
5.178000000000000000e+03 3.187040574723005171e-01 3.588737595345921072e-01 4.319440839859733372e-01 4.453843227411476979e-01 5.558813872870537187e-01 6.444649820723681310e-01 6.833620410860552497e-01 7.508543456436664876e-01 7.660076968577587131e-01 8.011997443472148595e-01
5.322000000000000000e+03 2.443652385782299485e-01 6.324416318410169824e-02 1.665876715508651240e-01 4.908700704370145274e-01 6.181300340453060871e-01 8.200603663081681427e-01 8.702023383712820248e-01 8.640233308541479529e-01 8.343467853547981150e-01 8.048901271240944677e-01
5.323000000000000000e+03 1.414805380548580377e-03 1.110878704981161924e-01 4.031787682550888041e-01 5.220816666662435601e-01 7.394367938374500904e-01 8.266057413587032388e-01 8.278434631385405140e-01 8.481702778213412453e-01 8.458363610074102201e-01 7.061709065829602228e-01
5.326000000000000000e+03 2.102067053797740392e-01 3.800391656195277745e-01 4.714100803151702879e-01 5.165097885371567887e-01 5.923521194397139977e-01 6.953509268432268575e-01 6.566683454115426199e-01 7.079566535194723453e-01 8.133963309147675957e-01 7.382259271279251189e-01
5.327000000000000000e+03 2.955534628349967829e-01 3.774605698535988818e-01 4.178876304810833497e-01 4.872834027000298440e-01 5.982498525726126504e-01 5.785497540482067436e-01 6.505142515360234912e-01 8.173898137949632270e-01 7.834901841266934674e-01 7.457965551888698919e-01
5.328000000000000000e+03 3.019391024179187144e-01 3.385426649193147841e-01 4.011457587398266078e-01 5.041240510113307316e-01 4.867816377774011882e-01 5.824412377355980830e-01 7.785936348786143268e-01 7.936891021483863939e-01 7.979685391686888174e-01 7.526966279692604012e-01
5.332000000000000000e+03 1.390774954113493944e-01 2.098727739851903862e-01 4.100345327463608691e-01 4.676462748090773336e-01 5.808463843980655739e-01 6.754811010328972687e-01 8.877771228449413687e-01 9.058508314456173993e-01 8.437567969570758386e-01 6.405668831778894567e-01
5.335000000000000000e+03 2.276938541152699613e-01 3.158103654699185858e-01 3.997651326642673308e-01 6.619367849158629413e-01 7.446062493282471495e-01 7.676780934956182190e-01 6.591137099545281153e-01 7.582924003079176689e-01 6.814069690440520688e-01 6.297081221624170055e-01
5.336000000000000000e+03 2.607268832911140422e-01 3.406372319059337572e-01 5.833008926729346122e-01 6.689404876421174428e-01 7.086637342864881006e-01 6.135371509691944780e-01 7.339431365534669904e-01 6.997882546450387986e-01 7.181440393401313793e-01 4.981800952217155243e-01
5.337000000000000000e+03 2.871604390920481920e-01 5.090996125536622063e-01 5.930098726774862827e-01 6.373782139292335502e-01 5.497563653512353987e-01 7.006680003970459092e-01 6.735129159767763163e-01 7.427902314907360859e-01 6.116313081598783175e-01 5.077634483551681788e-01
5.338000000000000000e+03 4.449164355601717968e-01 5.146274511022592701e-01 5.602061162721320153e-01 4.786218120070679927e-01 6.376561102476797638e-01 6.292845748177449128e-01 7.168052955659288683e-01 6.230672646138177839e-01 6.167958416123295873e-01 5.683748517057383154e-01
5.339000000000000000e+03 4.616204437367216751e-01 4.969807820181763036e-01 4.263144810951334240e-01 5.785294846963631166e-01 5.769537392232171324e-01 6.915728455308602918e-01 5.992457492302242228e-01 6.400022114223038461e-01 6.773806428349288256e-01 6.326449962417819428e-01
5.341000000000000000e+03 3.116972510176294064e-01 4.411868794389801618e-01 4.436068656573778912e-01 5.612894214910908453e-01 4.812551136797313944e-01 5.591185912705379790e-01 6.705545399953023455e-01 7.471454447167592550e-01 7.982921876759723201e-01 7.269849442907765358e-01
5.349000000000000000e+03 4.177434689840531790e-01 4.808524466441420064e-01 6.064582195197898429e-01 5.769318143846074998e-01 6.653346512969905424e-01 7.611681454990774087e-01 6.230955604212580212e-01 6.653388312924999326e-01 5.368960380297335133e-01 5.036482757159876922e-01
5.350000000000000000e+03 4.342717183140619719e-01 5.439196477750519731e-01 5.231200888062330634e-01 6.116935851365143950e-01 7.223998155112953956e-01 5.924940790006529845e-01 6.504131534909526335e-01 5.572442647588348175e-01 6.281277585004727548e-01 5.527803629095355831e-01
5.351000000000000000e+03 4.909489632540680604e-01 4.648889068415076320e-01 5.511892238376910891e-01 6.628934889189828095e-01 5.398410549941288217e-01 6.187878270375657408e-01 5.292430749329533057e-01 6.537467648097804451e-01 6.656528166038205852e-01 6.072966404848852973e-01
5.579000000000000000e+03 4.513336690991658351e-01 4.516515745417623573e-01 5.433914408129870699e-01 6.145913440202178668e-01 7.918438528543526589e-01 7.320664195168244959e-01 6.318058924235798735e-01 6.437932048459649170e-01 5.221390164893670027e-01 4.738658594796089085e-01
5.693000000000000000e+03 4.965464149678385786e-01 3.724066268601339824e-01 4.525980806031250081e-01 4.652878519642443256e-01 5.041252335344543756e-01 5.391757413398982068e-01 6.141957923390983787e-01 7.427617270324826659e-01 8.153860834456156947e-01 7.097494657702982934e-01
5.694000000000000000e+03 3.209122358801763664e-01 3.947601374813134445e-01 4.083710054834502889e-01 4.422165846156694835e-01 4.757448649689294817e-01 5.707394474354953173e-01 7.238506694599610158e-01 8.527978694277384974e-01 7.901994519876728296e-01 7.395553918468793508e-01
5.695000000000000000e+03 3.263684842165991973e-01 3.382602753940921469e-01 3.686544869960770576e-01 3.947740520422817756e-01 4.887149457012263110e-01 6.741206735490302693e-01 8.256747858013083752e-01 8.090808544824172888e-01 8.001729051466330844e-01 7.012721910982340212e-01
5.696000000000000000e+03 2.773553432005654851e-01 3.075564861249172055e-01 3.303966702483199791e-01 4.134967451525144444e-01 6.038628113907706929e-01 7.940412062067343513e-01 7.837007946478011799e-01 8.249617442031538239e-01 7.729965608041609038e-01 6.581401312505595902e-01
5.697000000000000000e+03 2.296719161887205429e-01 2.538455597041739953e-01 3.263825808004157669e-01 5.024460693595246275e-01 7.061095940037120933e-01 7.243026529218689058e-01 7.805286800102464451e-01 7.764527419742882630e-01 7.201867573629497921e-01 7.895351773166479070e-01
5.698000000000000000e+03 1.646422590301695188e-01 2.356761424633816437e-01 3.922896838305132139e-01 5.841653330121425736e-01 6.146292656805194543e-01 7.035084149243011620e-01 7.126773658027185654e-01 7.045963537975848956e-01 8.157847710503816074e-01 8.773588442038458002e-01
5.701000000000000000e+03 2.981230585563703905e-01 3.202325691898378901e-01 4.008074682149269652e-01 4.342296913583583162e-01 4.605675078901796393e-01 7.037250508817195493e-01 8.665037065037110020e-01 8.895848576484538528e-01 7.242443441471756449e-01 6.445696630443641384e-01
5.702000000000000000e+03 2.566591224339904720e-01 3.328776559156416126e-01 3.628524141743009745e-01 3.817002826528063109e-01 6.305052139927722621e-01 8.353726525435766215e-01 8.670393573080992233e-01 7.382966549868063000e-01 7.227812316985418040e-01 6.617189589828194052e-01
5.703000000000000000e+03 2.573074911168219958e-01 2.867365915361831941e-01 3.010684214278694926e-01 5.328067629131707506e-01 7.541795183676268666e-01 8.217737524601755883e-01 6.906374370532571971e-01 7.251354467579108620e-01 7.264063927033972412e-01 7.305894013075011628e-01
5.704000000000000000e+03 2.154780231891037234e-01 2.333340256967330328e-01 4.432259804425035532e-01 6.558801047262338146e-01 7.426791917158945822e-01 6.272837547695585547e-01 6.787446118191792221e-01 7.312700717200050216e-01 7.853835293989303024e-01 7.096060458055232223e-01
5.716000000000000000e+03 3.320686726817702605e-01 4.123889359007671951e-01 5.160074745681423325e-01 5.887041588741953602e-01 7.074339499147236365e-01 7.795399714349544595e-01 8.474339489991759011e-01 6.287267003062939619e-01 5.811096051606471358e-01 4.550170041040905167e-01
5.717000000000000000e+03 3.688975830593744787e-01 4.622857596937182678e-01 5.341151005125062134e-01 6.528766573537259088e-01 7.418762750241040260e-01 8.440679565684936492e-01 6.107418859898124941e-01 6.058033549645813753e-01 5.878256156277859024e-01 4.552483047750540135e-01
5.718000000000000000e+03 4.238487959531682669e-01 4.862439526825975689e-01 6.020681574070546604e-01 6.956374396102127378e-01 8.193779483637844141e-01 5.874694327793494875e-01 5.936379623194574240e-01 6.203417643073714238e-01 5.945575864694355728e-01 4.242531278328809385e-01
5.719000000000000000e+03 4.465177721952943157e-01 5.474077312775875725e-01 6.414529493114621284e-01 7.710302175657476331e-01 5.481020796521289817e-01 5.679863183314888264e-01 6.091660522140452949e-01 6.274859253323723518e-01 5.685929102368350030e-01 4.888743442158860475e-01
5.720000000000000000e+03 5.026495583795417277e-01 5.805217438676232300e-01 7.086354573516736588e-01 5.031248185529808570e-01 5.245395353383094372e-01 5.825701764457883458e-01 6.143979453841940108e-01 5.966695421830792156e-01 6.201358734866795341e-01 5.380493363359530878e-01
5.777000000000000000e+03 3.293975524725755721e-01 4.177856940422029486e-01 5.305593572866744712e-01 6.512054119524671725e-01 6.543714214186141520e-01 6.741188330360778913e-01 7.072949093708734702e-01 7.158710770507205057e-01 6.055926457144223951e-01 5.420983897310677202e-01
5.778000000000000000e+03 3.653124742539197722e-01 4.662383992516426767e-01 5.818411428852259260e-01 5.900896962805571855e-01 6.193884245991538862e-01 6.763086730161501636e-01 6.958379956821165724e-01 6.239633216092668189e-01 6.521363681248508737e-01 5.401172342849797081e-01
5.915000000000000000e+03 4.452673962943404229e-01 5.637535424778402637e-01 6.034899134725368874e-01 6.762702179096087285e-01 7.295665672241096189e-01 7.899237193309622818e-01 5.341553096214403107e-01 5.850142879115818317e-01 5.490709567037909133e-01 3.806034749898646874e-01
5.916000000000000000e+03 5.295144273168997939e-01 5.579443902901672914e-01 6.337355794297874212e-01 6.943573017844341111e-01 7.732268919793280348e-01 5.117780193575948156e-01 5.801940557526368281e-01 5.862175722735202266e-01 5.402098248805560221e-01 4.252427679411519557e-01
5.917000000000000000e+03 5.273527297608302522e-01 5.888636332650496463e-01 6.544688029008933761e-01 7.412936161988704642e-01 4.835530331990481878e-01 5.675131428676204459e-01 5.851115232731812776e-01 5.798026316797596502e-01 5.803445750234043077e-01 4.869136148391925434e-01
5.918000000000000000e+03 5.562765634231041645e-01 6.069112399468371555e-01 6.972711104541895466e-01 4.572002324854899102e-01 5.416135818898998311e-01 5.722242314965904075e-01 5.774138969331051863e-01 6.232293548047193044e-01 6.310099034305198806e-01 4.912074583404776318e-01
5.947000000000000000e+03 2.723919696368253818e-01 4.052601351130706853e-01 3.404539602546918786e-01 4.963541045678270813e-01 4.090535439774544701e-01 7.668728882422547466e-01 9.226167929176184446e-01 8.850373473529210555e-01 6.948170748794795237e-01 5.554218418392470324e-01
6.216000000000000000e+03 5.306465002578064638e-01 5.701413377124796567e-01 4.473468953662902980e-01 5.081428272582505512e-01 5.489183610270533809e-01 5.674129177471570751e-01 5.646752848905985944e-01 7.102815020227674081e-01 6.902959961026442492e-01 5.987918111915533359e-01
6.217000000000000000e+03 4.923551334820277514e-01 3.720762666417864462e-01 4.281872485119331828e-01 4.644750754249031832e-01 4.836124257239529101e-01 4.945789797924662889e-01 6.699539150911795193e-01 6.985060000670935132e-01 6.824578632265901890e-01 9.503879625452128499e-01
6.218000000000000000e+03 2.980961002521319014e-01 3.491674765583929752e-01 3.815541766743189567e-01 3.941599945356274448e-01 4.000751902537061921e-01 6.057397349115098972e-01 6.513283422737815576e-01 6.845112106358864912e-01 9.684873415845871580e-01 9.615028741292848125e-01
6.219000000000000000e+03 2.576551032705512445e-01 2.877136582214765426e-01 2.950617355133361985e-01 2.897442989019451964e-01 4.931090904693447574e-01 5.622101988130041583e-01 6.158881402315287135e-01 9.780330725856685170e-01 9.600477170095516044e-01 9.307442309952780324e-01
6.281000000000000000e+03 3.924214268435185504e-01 4.518904628595875050e-01 5.381661040094590787e-01 4.970216633796077366e-01 5.629844507773210660e-01 6.499772540061378168e-01 7.312924828233597907e-01 6.739151978267162724e-01 6.587154022537172748e-01 6.240386179398753619e-01
6.282000000000000000e+03 3.843464455377121336e-01 4.589019978272652067e-01 4.233810043228511399e-01 4.840899516000633507e-01 5.766107943141842718e-01 6.866989524725329863e-01 6.357031028110449178e-01 6.686886736412509524e-01 7.077091933529452428e-01 7.469231183781662731e-01
6.299000000000000000e+03 2.299912152915936092e-01 2.306796980093766547e-01 2.595528116273803088e-01 3.728042622297443320e-01 4.823475495438551697e-01 7.858589282061992920e-01 8.518738974272218600e-01 8.927074876904297351e-01 8.761908687868562584e-01 7.426920649565346144e-01
6.300000000000000000e+03 1.603668415024908644e-01 1.941781594561270419e-01 2.933535876018261712e-01 3.891905750276047349e-01 7.026687532632572841e-01 8.053729146451210630e-01 8.582140100768520519e-01 8.932993317908856090e-01 7.938089446581360065e-01 6.960916782404135139e-01
6.301000000000000000e+03 1.196783707317961437e-01 2.183978929043748074e-01 3.015866496395350205e-01 5.959890302352500724e-01 7.153809510578589270e-01 8.050244620195697864e-01 8.522021915403712455e-01 7.971345274950497606e-01 7.496952665273707295e-01 6.782849596278482940e-01
6.302000000000000000e+03 1.431835684680732856e-01 2.262695645833787406e-01 4.931378016443584977e-01 6.089171546716064531e-01 7.155951798594231139e-01 7.988619483321813819e-01 7.486843339386237695e-01 7.493832896251406694e-01 7.353825607580295465e-01 6.279562187628875414e-01
6.303000000000000000e+03 1.568331818136700084e-01 4.052252364745340674e-01 5.123732151516953159e-01 6.170198597720657485e-01 7.172288292412534183e-01 6.908919742061824243e-01 7.038578117691975944e-01 7.400412666045093069e-01 6.995024458241018150e-01 5.914346148911789891e-01
6.304000000000000000e+03 3.654235062804405687e-01 4.625483829913404343e-01 5.643085772624577556e-01 6.667008806262122445e-01 6.526722974302029412e-01 6.872300315176660401e-01 7.352629512061297223e-01 7.390392550526617699e-01 7.041435972299511237e-01 2.231652222229180693e-01
6.305000000000000000e+03 4.389259540063245590e-01 5.291036900125285491e-01 6.321833969770414008e-01 6.270594736135184366e-01 6.727606157976767642e-01 7.451975000333856958e-01 7.544612396177138303e-01 7.628208897614744410e-01 4.149100390315534348e-01 2.719227640075086994e-01
6.306000000000000000e+03 5.149834118228697744e-01 6.034604497257129996e-01 6.095937364365354716e-01 6.620550991691236398e-01 7.498111658145738545e-01 7.816876652168885942e-01 7.936454493889837369e-01 4.568748638543859708e-01 4.663285852661537279e-01 2.327080588264892336e-01
6.307000000000000000e+03 5.853440923981536592e-01 5.820204779334074985e-01 6.410655078928502171e-01 7.363388653929242578e-01 7.872468715641118830e-01 8.246210771174764531e-01 4.595229461091858703e-01 5.125402120050562838e-01 4.328642888468975380e-01 3.281599035461996161e-01
6.308000000000000000e+03 5.628951655242595553e-01 6.085543769570010975e-01 7.079487348757710352e-01 7.706233929954775519e-01 8.302625214802469289e-01 4.467128532768342986e-01 5.181388554140763381e-01 4.739040860620837292e-01 5.106542680922370181e-01 4.266522804678238856e-01
6.309000000000000000e+03 5.854899103371244973e-01 6.661638352984974309e-01 7.365311908029844590e-01 8.091783101994047822e-01 4.268056994571662321e-01 5.092547757996588320e-01 4.731058671363652102e-01 5.567086467023497631e-01 5.901115594078815141e-01 4.292263434174504177e-01
6.481000000000000000e+03 3.269568019615907706e-01 5.393339377632830889e-01 5.692676688921347594e-01 5.755796730646731696e-01 5.467464056276347684e-01 6.295592245848995461e-01 6.991058993162759805e-01 7.009012466710495826e-01 6.421486676216165979e-01 5.595401743982618692e-01
6.482000000000000000e+03 4.857079200202608082e-01 5.056651094096703547e-01 5.167268848952344396e-01 4.904184336621699170e-01 5.778538285303259636e-01 6.723205075502385331e-01 6.842209088835451425e-01 6.682709940744065991e-01 6.704858413537747586e-01 4.945786242969696933e-01
6.483000000000000000e+03 4.671251221111696883e-01 4.723860208274918149e-01 4.533881422214629531e-01 5.376305888657454402e-01 6.402918152152730080e-01 6.720494098577928233e-01 6.634125512316841888e-01 7.128295462768174939e-01 6.288304917368248148e-01 5.386065089812099860e-01
6.484000000000000000e+03 4.259084974741909058e-01 4.053671631085824512e-01 4.863685616528317102e-01 5.869094302190961399e-01 6.280081050901382689e-01 6.373636414654838545e-01 7.016755208030727164e-01 6.578048422177722454e-01 6.568981550966078720e-01 6.112998038264545464e-01
6.485000000000000000e+03 3.506539518000538203e-01 4.234171737056733886e-01 5.190140166355245999e-01 5.608619560571926899e-01 5.770422419096316036e-01 6.666022850960910962e-01 6.298229834666737581e-01 6.773911102770543424e-01 7.069633458352388988e-01 6.772414005699586292e-01
6.486000000000000000e+03 3.522134377404108063e-01 4.364179492756464218e-01 4.766835004604615400e-01 4.915764982033317687e-01 5.877392406700006067e-01 5.671577645811890500e-01 6.340865951414631496e-01 7.165117360041544092e-01 7.472035024164345174e-01 7.497269805992531344e-01
6.499000000000000000e+03 4.337859697374649715e-01 4.829358531469776228e-01 3.577391425183175655e-01 4.865252061216351342e-01 6.157319418593896199e-01 6.841450064468848069e-01 6.232945261900058043e-01 6.872294292461210707e-01 7.147994078244802596e-01 6.786311731801799585e-01
6.500000000000000000e+03 4.256276563054408046e-01 3.082752413327822794e-01 4.270737196699422311e-01 5.500168311372295449e-01 6.275151752458336674e-01 5.799133103264695333e-01 6.627074114435818064e-01 7.417317927434885494e-01 7.636194132990525851e-01 6.771129064876788561e-01
6.501000000000000000e+03 2.453947997500295353e-01 3.567009114701973904e-01 4.701395914684969313e-01 5.444950422522739641e-01 5.003133025613222262e-01 6.075805774704468032e-01 7.070369047154051456e-01 7.815304780943197471e-01 7.498643384670741208e-01 8.041050412427541705e-01
6.502000000000000000e+03 2.673986546218857785e-01 3.700781571537022918e-01 4.368172686715117159e-01 3.903662750099543555e-01 4.983538733161887446e-01 6.275315092309970977e-01 7.235601480568835120e-01 7.419650638169035251e-01 8.324130517084339376e-01 8.454008956001538566e-01
6.575000000000000000e+03 4.204077927641919898e-01 4.271599013401033429e-01 4.194615341800286279e-01 4.638479282884067079e-01 6.584139365999123195e-01 6.412222114865837597e-01 7.240221955905403739e-01 7.224581298744336966e-01 7.253520143600707959e-01 5.616999322767797231e-01
6.582000000000000000e+03 2.694702435637606475e-01 3.513363676546165659e-01 3.316853038362716499e-01 4.894572021694408859e-01 6.078186341429847594e-01 6.434186941377445512e-01 7.434273585536206319e-01 7.987052803493611686e-01 7.410706922938418151e-01 7.939763893119752280e-01
6.583000000000000000e+03 2.750538967909935129e-01 2.588380604041018995e-01 4.008431746969794984e-01 5.109313568488014212e-01 5.524661930151222311e-01 6.838403266653845236e-01 7.561804126260657233e-01 7.452908130076022486e-01 8.359776445736644135e-01 7.434193142829674805e-01
6.584000000000000000e+03 1.835921809866184751e-01 3.176004559201452415e-01 4.167859260894791196e-01 4.528616811787596341e-01 5.906492959379119334e-01 6.939636813020158002e-01 6.947035165079227248e-01 8.456190151912675868e-01 7.910252026832983452e-01 7.836272195002602636e-01
6.605000000000000000e+03 3.446361648813560108e-01 4.841546916164892744e-01 5.711694775189366524e-01 5.682754458920442620e-01 5.723705953107264266e-01 7.154768957472015245e-01 7.364766276967052994e-01 6.902441430667596300e-01 6.761513905176531614e-01 4.352079762260662177e-01
6.671000000000000000e+03 2.061574867139392142e-01 2.658423595832406505e-01 3.947925881716328744e-01 4.607470551129482783e-01 7.146289912554839585e-01 7.028805998916909381e-01 7.313293012870364374e-01 7.882925417848919425e-01 7.769435549513240558e-01 7.550352637120310018e-01
6.673000000000000000e+03 2.348951394534135872e-01 2.907551653228124255e-01 5.094917269885511635e-01 5.101369897571761403e-01 5.727715654292895309e-01 6.778920135577272132e-01 7.340120579119615574e-01 8.075191001886004027e-01 7.868311832924216320e-01 6.511297330896371749e-01
6.674000000000000000e+03 2.242136091621580174e-01 4.262462018596217539e-01 4.280117890415933712e-01 4.855236537076651482e-01 5.976755865236618170e-01 6.818208509280673235e-01 7.733458905251636706e-01 8.023598344534081939e-01 7.241897962501177011e-01 6.344477296559957180e-01
6.675000000000000000e+03 3.486437408249567493e-01 3.478813331381956364e-01 3.997637278147520568e-01 5.038301727679509456e-01 5.957066736536751339e-01 7.199838575576337218e-01 7.625585018015920147e-01 7.290603312093917321e-01 7.060208709512565406e-01 6.701701400503369266e-01
6.676000000000000000e+03 2.910516234294867610e-01 3.403349697980082578e-01 4.365815476318166688e-01 5.234328975754503066e-01 6.580313785368088197e-01 7.289820323469152763e-01 7.019398805103632677e-01 7.264546115429265649e-01 7.514135855636259187e-01 6.376069332318546889e-01
6.677000000000000000e+03 2.586654606543829504e-01 3.470855448372976992e-01 4.253553371512129311e-01 5.523184749817880990e-01 6.348004312736826860e-01 6.302357777171110342e-01 6.715267116702052785e-01 7.506029788886366960e-01 7.011439850475272850e-01 8.275190648920695002e-01
6.678000000000000000e+03 2.649379809093141969e-01 3.368185422526555062e-01 4.518554210269448701e-01 5.295280475167019052e-01 5.307811056658732207e-01 5.960776665940197283e-01 6.974727187423049868e-01 6.955174677079057899e-01 8.580391705317433892e-01 7.926283717979054622e-01
6.707000000000000000e+03 4.421805555629312878e-01 4.391045206545085011e-01 4.283244147488181608e-01 5.789916585644607760e-01 6.013711906291732134e-01 6.246971000165757459e-01 7.477589144271226118e-01 7.253261311402401379e-01 6.352349516996215195e-01 5.591097610465264323e-01
6.708000000000000000e+03 3.864403262630312641e-01 3.747562329253698588e-01 5.158267207800432130e-01 5.393487734333618500e-01 5.682532168015007601e-01 7.225692035954747183e-01 7.069256628264183329e-01 6.572099182890226432e-01 6.669421868690101896e-01 6.598305010388519909e-01
