1.380000000000000000e+02 5.097415391965210985e-01 4.850538845639489338e-01 4.819613606560418373e-01 4.892367803126616566e-01 4.884425550601555477e-01 5.615871443994243650e-01 5.294297661369703478e-01 4.128098264425522634e-01 3.647403637923272157e-01 3.594905549271322776e-01
1.390000000000000000e+02 4.998006410874837879e-01 4.928997916993143047e-01 4.896657412475278748e-01 4.535950747825748808e-01 5.029769663167484861e-01 5.098716086101154898e-01 5.796826126261535039e-01 4.105278076701248113e-01 3.607996858586310918e-01 3.721163206849436023e-01
1.400000000000000000e+02 5.035858871033388473e-01 4.959777672244672364e-01 4.565118791992013314e-01 4.621992862448527917e-01 4.461709797973159586e-01 5.589356569825313370e-01 5.719209005649685817e-01 4.010765731190574779e-01 3.726196000343603432e-01 3.853384329159536548e-01
1.410000000000000000e+02 5.076079163120285065e-01 4.699274737101063470e-01 4.655524822018755615e-01 4.118243287564691824e-01 4.976925010611621958e-01 5.531917183147707640e-01 5.625271155716465854e-01 4.196534280597218891e-01 3.893022681904219628e-01 3.777235084461937342e-01
1.420000000000000000e+02 4.853654701553190010e-01 4.772103467963266232e-01 4.240426926539707098e-01 4.593331374132527678e-01 4.915292520667290388e-01 5.425893861299064813e-01 5.853993296044296413e-01 4.427881223963947011e-01 3.802639161250864763e-01 3.829303660280388710e-01
1.750000000000000000e+02 5.144741460692112689e-01 4.647338283298463879e-01 4.748863556590080526e-01 4.410900650548748025e-01 4.561290498397031490e-01 5.181523831467635954e-01 5.695201409596063469e-01 4.173018854649992448e-01 3.950427523793852980e-01 3.835747395044807884e-01
1.830000000000000000e+02 4.974675690076834633e-01 4.745998928745153167e-01 4.321934451750788497e-01 4.284815647697778340e-01 5.656085464889740733e-01 5.629434227393963486e-01 5.963022776515815027e-01 4.171197064721475778e-01 3.677693371270827072e-01 3.630656231590575489e-01
1.840000000000000000e+02 4.930210674389868264e-01 4.536836831727847907e-01 4.428946707474536448e-01 5.289481002152605083e-01 5.081518031175411565e-01 5.860612669431192190e-01 5.886323493237052284e-01 4.176179876519746648e-01 3.669458308802295288e-01 3.460702180025052033e-01
1.850000000000000000e+02 4.754650850442449506e-01 4.627827454905957816e-01 5.252242781661612403e-01 4.756964219823649476e-01 5.314229919523291157e-01 5.779877055533735319e-01 5.894664609041964098e-01 4.166263439234940136e-01 3.474011692743524393e-01 3.413803772220673771e-01
1.860000000000000000e+02 4.819552899966653148e-01 5.302554507134561446e-01 4.799745060198167823e-01 4.952650935205006877e-01 5.211354006772627168e-01 5.766439267593557183e-01 5.861475042236332644e-01 3.874762275347291007e-01 3.408022534963565664e-01 3.356732160996585557e-01
1.870000000000000000e+02 5.399387522561603925e-01 4.935321357196369441e-01 4.973403636346873657e-01 4.873631468558620172e-01 5.215898491604763487e-01 5.748520378543080511e-01 5.512636332927397520e-01 3.795149859473486709e-01 3.351390109644995507e-01 3.338299181915261316e-01
1.880000000000000000e+02 5.127638332378531283e-01 5.126405559132279910e-01 4.963422744139202591e-01 4.944676043667226573e-01 5.269837774773746819e-01 5.442869673373819106e-01 5.479165455518268946e-01 3.768348966493580421e-01 3.367636987059777764e-01 3.535806784570058037e-01
1.900000000000000000e+02 5.067312655435227686e-01 4.912510583006804987e-01 4.758914365864952978e-01 4.340659686446965426e-01 4.531007243242455296e-01 4.971411272266011427e-01 5.105788955536250118e-01 3.818420011018656690e-01 4.286601957049307465e-01 4.065458975338094860e-01
1.910000000000000000e+02 5.064938020179674538e-01 4.895451294371033768e-01 4.466157971521654835e-01 4.232299733643236084e-01 4.414466210601601937e-01 4.921813938036651015e-01 5.433715588700261945e-01 5.024568973336963618e-01 4.166607798709101584e-01 3.584791521055106234e-01
1.920000000000000000e+02 5.055347774494686197e-01 4.656157519413703372e-01 4.384353517567213809e-01 4.132180964246254806e-01 4.373957860917497831e-01 5.285638200518409935e-01 6.954215739494417070e-01 4.862438608859920852e-01 3.615251787148621720e-01 3.546049198961198079e-01
1.990000000000000000e+02 5.295214268841414995e-01 4.514407500034799958e-01 4.232194978373284844e-01 5.525615242058221632e-01 5.269089200298914255e-01 5.689946511874715007e-01 5.811596225600776933e-01 3.471750779953809429e-01 3.791718986395978819e-01 3.525976800301185432e-01
3.500000000000000000e+02 4.543163136867805485e-01 2.614803372355968825e-01 2.573238887980301426e-01 2.997789839102721898e-01 5.422644230909128282e-01 5.119419903448606535e-01 6.452764233590211340e-01 7.731258500059464689e-01 4.170912760808870301e-01 4.678609556812532988e-01
3.510000000000000000e+02 2.937495050484023595e-01 2.845527001727262140e-01 3.102258921837490191e-01 4.731811799808824937e-01 4.209308185298873406e-01 6.022501883674789003e-01 1.000000000000000000e+00 4.598203990877833824e-01 4.686878099420427324e-01 4.590820163723651204e-01
3.520000000000000000e+02 3.068877756533511247e-01 3.211928983898315604e-01 4.425477735661507706e-01 3.494657721668656958e-01 4.987021235905859107e-01 9.727592762126185955e-01 5.969851823741291197e-01 5.232384343909317614e-01 4.521545175719800524e-01 3.726940353839690578e-01
3.530000000000000000e+02 3.382566529512861520e-01 4.321756852931020187e-01 3.424322961831605117e-01 4.224804975228897419e-01 8.678144278325714556e-01 5.390256198155707335e-01 6.771306096042225553e-01 5.007688585652382285e-01 3.530393450915961795e-01 3.798593377033021024e-01
3.540000000000000000e+02 4.419913176565891111e-01 3.607088660550481496e-01 4.164702581659515124e-01 7.830822030420251378e-01 4.559669082819102770e-01 6.448404037550048429e-01 6.669647739721985547e-01 3.759223921368449184e-01 3.714058768381699460e-01 3.277192617440571887e-01
5.100000000000000000e+02 4.156845813920170829e-01 4.451430313303826880e-01 4.513111982478877904e-01 4.435496623144711825e-01 5.478125640144033692e-01 6.454122881051503891e-01 6.340469898856470055e-01 4.396926657713533526e-01 4.006645615481862488e-01 3.444365968185161275e-01
5.130000000000000000e+02 4.306016112412366370e-01 4.474914981711618500e-01 4.569202535815353183e-01 4.286010205280550434e-01 4.394435122817382799e-01 5.266092228294241284e-01 4.446175631201959577e-01 5.923772963954383464e-01 4.494871591380368847e-01 3.940972794496160891e-01
5.150000000000000000e+02 4.621062110220287011e-01 4.264087930380163760e-01 3.857182185530472762e-01 3.886749224751519516e-01 3.108909142997878239e-01 7.571668911526626689e-01 6.797491302528064772e-01 4.244305448187788432e-01 4.388709087207312565e-01 3.956891196007194522e-01
5.160000000000000000e+02 4.416430094361708525e-01 4.022021373121100751e-01 3.952699335382227619e-01 2.736408447719918535e-01 6.815680130298121808e-01 6.562133627249174816e-01 5.792879482049464457e-01 5.027643358612605695e-01 3.941530496620043733e-01 3.977834031831381512e-01
5.170000000000000000e+02 4.160496014771991047e-01 4.040621162650185894e-01 2.940627459576027891e-01 6.089554138208340683e-01 5.713169495857605140e-01 5.379212188621143031e-01 6.683052561861466678e-01 4.327374840366403630e-01 3.914495467356518543e-01 4.201802315387168085e-01
5.180000000000000000e+02 4.192916449316221317e-01 3.214977697613156105e-01 5.701298181423294364e-01 5.095102630755956596e-01 4.567677118257966185e-01 6.372301617367883697e-01 5.836020440354889871e-01 4.312722124515866451e-01 4.189752439109499793e-01 3.856786136065942783e-01
5.190000000000000000e+02 3.500645738825083897e-01 5.526400197996407249e-01 4.895676966651071327e-01 4.038635095093502936e-01 5.563954443107227421e-01 5.465395546261587745e-01 5.825158797172340641e-01 4.705294125544072226e-01 3.795545581925893752e-01 3.851212503013906607e-01
5.210000000000000000e+02 4.896815368532971835e-01 4.149243066668403812e-01 4.808442009767782133e-01 4.149826073014965533e-01 4.675707312107690861e-01 6.010572834438603351e-01 5.647607757347796742e-01 4.161817695334339429e-01 3.633552781442074275e-01 4.370232776231823268e-01
6.470000000000000000e+02 5.005476559792841895e-01 4.867791030228563742e-01 4.508449534607400500e-01 4.411943016599169098e-01 4.361302086891004071e-01 5.593835481772809759e-01 5.692990056274344068e-01 4.381717215200570670e-01 3.881202363008066647e-01 3.776012343919256109e-01
6.480000000000000000e+02 4.962154077033114064e-01 4.609093072918674094e-01 4.432706918819973030e-01 3.962491021813843717e-01 4.914047322769336534e-01 5.436015119990543765e-01 6.027530214697858213e-01 4.364540689929511386e-01 3.768038786282512653e-01 4.027285929360354677e-01
6.500000000000000000e+02 4.698522514854413523e-01 4.248490419286943820e-01 4.497058063894960878e-01 4.344567238042603141e-01 5.132580646071002173e-01 5.789988718737008044e-01 5.821098443027843405e-01 4.625250602696506785e-01 3.983725220276236878e-01 3.777565797661439628e-01
6.510000000000000000e+02 4.465895369318450547e-01 4.631262263971834825e-01 4.415523589069994537e-01 4.725955712872716985e-01 5.159375345458991902e-01 5.624621347911243907e-01 6.379096609508924098e-01 4.545743617068011555e-01 3.796145900053879418e-01 3.563109035164800376e-01
6.520000000000000000e+02 4.787155630145842888e-01 4.560637559799282648e-01 4.724324147263854190e-01 4.747313519300126461e-01 4.990795667507603728e-01 6.224278471318346329e-01 6.275908835999141067e-01 4.279141393069043620e-01 3.546156252757930449e-01 3.381865037189912826e-01
7.160000000000000000e+02 4.863340675964454296e-01 4.412704499752880261e-01 4.555413906038274785e-01 4.633130124748405243e-01 4.982500975359510642e-01 5.365283874496941108e-01 5.807537856520829100e-01 4.204468263188598787e-01 3.745514798442939886e-01 4.076638269821692417e-01
7.190000000000000000e+02 4.703953001208591722e-01 4.498454970703797406e-01 4.151569949271401438e-01 4.247743586998412590e-01 4.665955937498635353e-01 5.303271385224097578e-01 6.220826107453325537e-01 4.765499376132613651e-01 3.897497647491043327e-01 4.073553057180943071e-01
7.210000000000000000e+02 4.497489243202654752e-01 4.440390796509445792e-01 4.305025663225146570e-01 4.217270306139447311e-01 5.336017482168672332e-01 6.328322549428758714e-01 6.044687328619403610e-01 4.696923212960671390e-01 4.003094272080847671e-01 3.480557252741970364e-01
7.220000000000000000e+02 4.625584483358721188e-01 4.467796092073138547e-01 4.308083756748930515e-01 4.910960626478945712e-01 5.691211644537196301e-01 5.861937458908029752e-01 6.464724543507204269e-01 4.569645735265427944e-01 3.450355252782346671e-01 3.411319114699536414e-01
8.400000000000000000e+02 4.839312879925127264e-01 4.536685116082693758e-01 4.492204513906880026e-01 4.374183873423752589e-01 5.223184865199851368e-01 5.591891837958985478e-01 5.815861916900882944e-01 4.366343204751153562e-01 3.850083832606102097e-01 3.766525053549665270e-01
8.410000000000000000e+02 4.718541544422201750e-01 4.638129126221708365e-01 4.452786423149081019e-01 4.826239821276121500e-01 4.979214504427983967e-01 5.636228254017396910e-01 6.070665108986016412e-01 4.370586150497844380e-01 3.792449030159200096e-01 3.611814847072010726e-01
8.420000000000000000e+02 4.776429286315370115e-01 4.572248144754703647e-01 4.782829065678749214e-01 4.551129693310677071e-01 4.971548030204234747e-01 5.859719010434921715e-01 6.027789853383959118e-01 4.251105807152751326e-01 3.586272684037459246e-01 3.721909124078828790e-01
8.430000000000000000e+02 4.713612841911621332e-01 4.839711775114370340e-01 4.547853030039059052e-01 4.531543014240130285e-01 5.180739226148994847e-01 5.799887994032556504e-01 5.865665429983567547e-01 3.951349644393500338e-01 3.706488789136477280e-01 3.825777409469153234e-01
8.440000000000000000e+02 4.988976838841462924e-01 4.701760010062806527e-01 4.601834011298702176e-01 4.811794430234446751e-01 5.213380722490381647e-01 5.717091917361249997e-01 5.575486705000163301e-01 4.188549322616196280e-01 3.875153823667523145e-01 3.395287946545894608e-01
8.450000000000000000e+02 4.863147473969404722e-01 4.735945328717692804e-01 4.817802783591214055e-01 4.826070427417091802e-01 5.113581072333989175e-01 5.385843908646512634e-01 5.856769909842790556e-01 4.412973060257830427e-01 3.368167329167793267e-01 3.699172814958044397e-01
8.460000000000000000e+02 4.870391534552609980e-01 4.890962096623408528e-01 4.798797340186155558e-01 4.695744652741087877e-01 4.743270377683490580e-01 5.649672451486388303e-01 6.100566300775941420e-01 3.670232128857224829e-01 3.698402599128878809e-01 3.757646458125143418e-01
8.470000000000000000e+02 5.008543300844481294e-01 4.883622915496642070e-01 4.702512139069898733e-01 4.363880968258815329e-01 5.019539216104114132e-01 5.926844812114884231e-01 5.182361703940464581e-01 4.144503965281364222e-01 3.773092404279256296e-01 3.708749346297927629e-01
8.480000000000000000e+02 5.047750810514219921e-01 4.856797885009216942e-01 4.495338483126325446e-01 4.699322900686882520e-01 5.380285997511667917e-01 5.018092354832995872e-01 5.854978705184494814e-01 4.312096594677722883e-01 3.761013713593540086e-01 3.480020950171719973e-01
8.490000000000000000e+02 5.023025326644084965e-01 4.680984839363799277e-01 4.766746394574444268e-01 5.031428432684008634e-01 4.470569787565095154e-01 5.742151046205574705e-01 6.061552814543287315e-01 4.292270881448548292e-01 3.494373894253015589e-01 3.528872191193213603e-01
8.590000000000000000e+02 5.301713209466603072e-01 5.144704482098760856e-01 5.146262271802790611e-01 4.796748476014099927e-01 4.965517615206849755e-01 5.913593076370401436e-01 5.486346828926064179e-01 3.604198357113726492e-01 3.338748470438933080e-01 3.385691085842790216e-01
8.600000000000000000e+02 5.257139458339570304e-01 5.214840916123812953e-01 4.833429868554027786e-01 4.629641066292841112e-01 5.346152526212900602e-01 5.326151476029186149e-01 5.158276528474149414e-01 3.685598304995570396e-01 3.376297187766260088e-01 3.813786021613950195e-01
8.610000000000000000e+02 5.327889568071416670e-01 4.966615716651543444e-01 4.712968650920324465e-01 5.003597938411159518e-01 4.781864291179230286e-01 4.992421309615807101e-01 5.279975234946342466e-01 3.754107541941774651e-01 3.882746919422422338e-01 3.688957877141856856e-01
8.620000000000000000e+02 5.102496983124674701e-01 4.847353404738531379e-01 4.996679196352838970e-01 4.451613936985993614e-01 4.420308300198165785e-01 5.095137065894926875e-01 5.339070515104186176e-01 4.445153896705805741e-01 3.723058918026583841e-01 3.867531062579351309e-01
8.630000000000000000e+02 4.929005897084471344e-01 4.998472842807442640e-01 4.442676844337932196e-01 3.989964164526103585e-01 4.387908263101925055e-01 5.023794189810054656e-01 6.079495711372528977e-01 4.120348970826451240e-01 3.858224253282291349e-01 4.230389815227609818e-01
8.640000000000000000e+02 5.057664357386095766e-01 4.536612438836226668e-01 4.067095037707993965e-01 3.961712793727624748e-01 4.318870727227681616e-01 5.826202215520340788e-01 5.674579470954671523e-01 4.311803577846460844e-01 4.278645674028926371e-01 4.075378092855805323e-01
8.910000000000000000e+02 5.224307998610606685e-01 5.077949987617205174e-01 4.905503284681989040e-01 4.861915805709188243e-01 5.075241145456977909e-01 5.539866268728746990e-01 5.714308951350269838e-01 4.086253736654684721e-01 3.277020300362220584e-01 3.375904148597305143e-01
8.920000000000000000e+02 5.241031876503901010e-01 5.061034878277936855e-01 4.943660054551268779e-01 4.801301705723473590e-01 5.048383978117642057e-01 5.647811962156243926e-01 5.831920378381126868e-01 3.653823924483500796e-01 3.404161555730836897e-01 3.442158439872441411e-01
8.940000000000000000e+02 5.231031498232944221e-01 5.024618562184317572e-01 4.841561310003421048e-01 4.837283264716307207e-01 5.240832476462760070e-01 5.145856416041161285e-01 5.475024069403100491e-01 3.909601199367289670e-01 3.515228337533178316e-01 3.581983480979630263e-01
1.054000000000000000e+03 5.169360576164592214e-01 5.121930000205040523e-01 5.160950649215021446e-01 5.140028508859381118e-01 5.471423115350827482e-01 6.072332863335134778e-01 6.031076050638085606e-01 3.680867283219229069e-01 2.994297963987768152e-01 3.018655143527241291e-01
1.055000000000000000e+03 5.334571152737460631e-01 5.341667294183420900e-01 5.250930858546547508e-01 5.267590212535915306e-01 5.684216763592941923e-01 6.095807243228449357e-01 5.420022152784288449e-01 3.332576873025696051e-01 3.045158289927811235e-01 2.967759708076095904e-01
1.056000000000000000e+03 5.510379699736743797e-01 5.405106379707409481e-01 5.341085488144374782e-01 5.448342947595602448e-01 5.688894877298352748e-01 5.415121439475901743e-01 4.965664277639789681e-01 3.390493121307812663e-01 2.976476710090657507e-01 3.184317108640907223e-01
1.057000000000000000e+03 5.602253940681166666e-01 5.525832400585078963e-01 5.543070766119353454e-01 5.518710655635447049e-01 5.080244666486607441e-01 4.993425626587623123e-01 5.103437795886760497e-01 3.345588294863139911e-01 3.264182802174577236e-01 3.044299980275111395e-01
1.059000000000000000e+03 5.831899391929569187e-01 5.724731317818242404e-01 5.114039053339394236e-01 4.532261368800926116e-01 4.779281767670819359e-01 5.052554849255955771e-01 5.529097832953996372e-01 3.500979180365170751e-01 3.234727726251912516e-01 3.278171806987209003e-01
1.060000000000000000e+03 5.856903209327395388e-01 5.316875262899990462e-01 4.770647751382242063e-01 4.643976419557612756e-01 4.689173543656771637e-01 5.574752708993173655e-01 5.215198432605295809e-01 3.687943075719571362e-01 3.357628165801201936e-01 3.436562367695727982e-01
1.067000000000000000e+03 4.910657482913417526e-01 4.755557001329865363e-01 4.709772369960635863e-01 4.693889825355959111e-01 5.335673235357416555e-01 5.493877482257362166e-01 5.689570862383922512e-01 4.194114772572593020e-01 3.717519087176522352e-01 3.538684614230478420e-01
1.068000000000000000e+03 4.938455152789190117e-01 4.861616248061431667e-01 4.763706163558480422e-01 4.991637113907467227e-01 4.946697347885164464e-01 5.565003302110792527e-01 5.915344883494287886e-01 4.232442470278274249e-01 3.563213604328046014e-01 3.405211758201306949e-01
1.069000000000000000e+03 5.050796834852600004e-01 4.933635518343468251e-01 5.039382183743038590e-01 4.668967516418252028e-01 5.059814480373789891e-01 5.851746607998501437e-01 6.002609457282390704e-01 4.046554121062034270e-01 3.430930157566887684e-01 3.255828191641797487e-01
1.073000000000000000e+03 5.270482337437825127e-01 5.303923165966216713e-01 5.277822333628721108e-01 5.048661643665188770e-01 5.102347920356499200e-01 5.276984102002629795e-01 4.864170303181182820e-01 3.678684690703454829e-01 3.513126928010901207e-01 3.431296950377361044e-01
1.074000000000000000e+03 5.444721691507711236e-01 5.387710148078536099e-01 5.114273677159124620e-01 4.848308729263340333e-01 4.809571689989954324e-01 4.750790720743856554e-01 5.342345631942747586e-01 4.003422659053890165e-01 3.480544904814757423e-01 3.385514335486595194e-01
1.132000000000000000e+03 4.999483235636006939e-01 4.811665360995666108e-01 4.674773979796497669e-01 4.902106122058437210e-01 5.137127296214654137e-01 5.910899233249933271e-01 5.824914429429305374e-01 3.732427246387132191e-01 3.450099226831902510e-01 3.692350986972036675e-01
1.133000000000000000e+03 4.962202603811211588e-01 4.804310623875843178e-01 4.900424428726971593e-01 4.765894821679743654e-01 5.318276893845150788e-01 5.667255906734011139e-01 5.295788282398004032e-01 3.823688969062184473e-01 3.717809167890127608e-01 3.660787519822707448e-01
1.134000000000000000e+03 4.978782039241794188e-01 5.020134244880037899e-01 4.821347980711693237e-01 4.973930565426061823e-01 5.117900126460058763e-01 5.137233558040622539e-01 5.449409714544637406e-01 4.231643006095427983e-01 3.703624243487821377e-01 3.455544468516603684e-01
1.135000000000000000e+03 5.176777640754204324e-01 4.972399845526612738e-01 5.013541486251621437e-01 4.814443009474246304e-01 4.618413749858120698e-01 5.332465586646844002e-01 5.987771554899934401e-01 4.233128729623513720e-01 3.481362105563522436e-01 3.351005766446181200e-01
1.136000000000000000e+03 5.193666294681429374e-01 5.201107142718537357e-01 4.964034891495270330e-01 4.448224308198789334e-01 4.919183533541013897e-01 6.022021613383504723e-01 6.088354153335912011e-01 3.998856814840859308e-01 3.416087658275130945e-01 3.083503921080210097e-01
1.137000000000000000e+03 5.374718494125727553e-01 5.144972427882765764e-01 4.646824436863575269e-01 4.706959407353469849e-01 5.584137746745613251e-01 6.107839540350614715e-01 5.773059182499807873e-01 3.889970944709832401e-01 3.094318327029517701e-01 3.191955601339016568e-01
1.138000000000000000e+03 5.313754703237356658e-01 4.863397310135069151e-01 4.839544137326096118e-01 5.302794633295750959e-01 5.644661180654740873e-01 5.741289518351870846e-01 5.613293710776887657e-01 3.418546603029727349e-01 3.206818980574169253e-01 3.447747233765303676e-01
1.139000000000000000e+03 5.055913944629173429e-01 5.001400826767300467e-01 5.299038026740980900e-01 5.324861025406842918e-01 5.242319114569822247e-01 5.531513649208821271e-01 4.988072681180127921e-01 3.549921195329586165e-01 3.483679632631522805e-01 3.546289139358829723e-01
1.140000000000000000e+03 5.134000671967049456e-01 5.340255252532722929e-01 5.262342966772393105e-01 4.883627478675862665e-01 4.961528382948003357e-01 4.783217053979246236e-01 5.086732173053458705e-01 3.886680905442129186e-01 3.560085515356811170e-01 3.621175259699526139e-01
1.141000000000000000e+03 5.422430354414234932e-01 5.312031392571007204e-01 4.904531977671744425e-01 4.626009184655011652e-01 4.219555947834540688e-01 4.893841708944707269e-01 5.512476906326677639e-01 3.997032289521949000e-01 3.648754186953353518e-01 3.671411321894010871e-01
1.142000000000000000e+03 5.410105650779040154e-01 5.026212057266776778e-01 4.710105743779536280e-01 3.955447789324955110e-01 4.351045499235291492e-01 5.375873283472103470e-01 5.670577034605518429e-01 4.137552061972369355e-01 3.718095899344379673e-01 3.828375290627504257e-01
1.143000000000000000e+03 5.166468317276438071e-01 4.861038164546145346e-01 4.158819398196360595e-01 4.074223819388788081e-01 4.827718873924768395e-01 5.543098128450483220e-01 5.843178875666760197e-01 4.232256403733696826e-01 3.897664889992309423e-01 3.833728101060547844e-01
1.150000000000000000e+03 4.848939445020667982e-01 4.867059740090300402e-01 4.726225465544526827e-01 4.948061116762251244e-01 5.031224236092933788e-01 5.824685582218404045e-01 5.798175435319752324e-01 4.124640112930336167e-01 3.545981895098385128e-01 3.503289929836505001e-01
1.151000000000000000e+03 4.978863326767601905e-01 4.811690451289491466e-01 4.895281948506421399e-01 4.615246070688943658e-01 5.176231670105687632e-01 5.582077662013724684e-01 5.735392925785691709e-01 3.917133820222262752e-01 3.469708967601264904e-01 3.762869919525765883e-01
1.196000000000000000e+03 4.915317850454141713e-01 4.862808158625149257e-01 4.780957872250980456e-01 4.595797658693910326e-01 4.722077968090819811e-01 5.500912275660471140e-01 5.975009009257921111e-01 4.191270598282941240e-01 3.652376229922355000e-01 3.657476927781807552e-01
1.261000000000000000e+03 5.214939375993700166e-01 5.503321951896449349e-01 5.100795718294066639e-01 3.395547204812014996e-01 4.385935063670978740e-01 6.079418279251275203e-01 5.998677147705372414e-01 4.718800259637066508e-01 3.460345342632758503e-01 3.062171050700518427e-01
1.262000000000000000e+03 5.582229439116348502e-01 5.202798916215216618e-01 3.718417247777074941e-01 4.128147080251225454e-01 5.552291376006227575e-01 5.921442983446876251e-01 6.593531049998957450e-01 3.886719962628671365e-01 3.023287063552198561e-01 3.573588663253909892e-01
1.284000000000000000e+03 5.880452951090994196e-01 4.752230752322441076e-01 4.454564778411536086e-01 4.764670480043814993e-01 4.669541583925871930e-01 5.916248731125973714e-01 5.422695667339892944e-01 3.839368540406205565e-01 3.329239586027022413e-01 3.634373907538416826e-01
1.285000000000000000e+03 5.059734147900231127e-01 4.794698553706494559e-01 4.997411739515865703e-01 4.586213461908196232e-01 5.599248542930668204e-01 5.507431882445439353e-01 5.684326779351324133e-01 3.856398204913642491e-01 3.795466740053798360e-01 3.281737090375910770e-01
1.286000000000000000e+03 4.992474174651059249e-01 5.127200202788422256e-01 4.705269862813139525e-01 5.273275170067156514e-01 4.999148790756758887e-01 5.598404320478324037e-01 5.527985872779402898e-01 4.370999378992723727e-01 3.286326824794788548e-01 3.371925414132995180e-01
1.287000000000000000e+03 5.275918335505782597e-01 4.885428833307573493e-01 5.270616027297028161e-01 4.718827949789290432e-01 5.094240387870215825e-01 5.433560814455329346e-01 6.177418597943216128e-01 3.657701088170749459e-01 3.392995089591625546e-01 3.297004752440750308e-01
1.288000000000000000e+03 5.069234936102898770e-01 5.355979303014830606e-01 4.813832339446064146e-01 4.803362872677612305e-01 4.925604608825149278e-01 6.132269278305919613e-01 5.278906344325804412e-01 3.804675619379804252e-01 3.304055579666855813e-01 3.554600732236743443e-01
1.291000000000000000e+03 5.097223169421294386e-01 4.811193730399846991e-01 5.149595807273610326e-01 4.227782927139527303e-01 4.674519069061676690e-01 5.012040649427762506e-01 5.668029438488173533e-01 3.971046843697105810e-01 4.151102616887394348e-01 3.597862904368150372e-01
1.299000000000000000e+03 4.389524364382357269e-01 3.486692931979834542e-01 3.430416410360949686e-01 4.024703468714967425e-01 6.184400615566759685e-01 6.616379924127480106e-01 7.442341780417320862e-01 4.913441308782729999e-01 4.150303908608899972e-01 3.409117745927128795e-01
1.304000000000000000e+03 5.576808308230930544e-01 6.047192418057818486e-01 5.613616106083624269e-01 5.642542140350900182e-01 4.633720359536331324e-01 4.159122286410122937e-01 5.052675048215715670e-01 3.496672398594358744e-01 3.154138072918785118e-01 3.198764771093430825e-01
1.305000000000000000e+03 6.110278227697739650e-01 5.712540444037897958e-01 5.652311244005631119e-01 4.475170208482614487e-01 3.762009272310989916e-01 5.022825511055203362e-01 5.176790018844796837e-01 3.548107890773514184e-01 3.246940105672665999e-01 3.366648096978773763e-01
1.306000000000000000e+03 5.845956244157818338e-01 5.767169843354957859e-01 4.723019410062839207e-01 3.695186811598097920e-01 4.658341980212200584e-01 5.191860231409707316e-01 5.273286630626256022e-01 3.704290251495127029e-01 3.459509668761441836e-01 3.677382504181617162e-01
1.311000000000000000e+03 4.772002977531038526e-01 4.509561846741007574e-01 4.312010270833460668e-01 4.349114242830516841e-01 5.147236668424511885e-01 6.091433565864106114e-01 6.582355054571134012e-01 4.415343449813779464e-01 3.626465554191455887e-01 3.558318762148177661e-01
1.343000000000000000e+03 6.038785921261676792e-01 4.141974843485782265e-01 4.589555244708669601e-01 3.800518955137379695e-01 4.890164679402863035e-01 6.182519394935619417e-01 5.603219009211638513e-01 3.420776501748799547e-01 3.167671230111554492e-01 4.415053093221293912e-01
1.355000000000000000e+03 4.983537084318843680e-01 4.221440934290765501e-01 4.035665259112022896e-01 5.011709384058208316e-01 6.543123561088223239e-01 5.987050290699776900e-01 6.169761055597678956e-01 3.931843665861717851e-01 3.554913298588352477e-01 3.400221150182193286e-01
1.356000000000000000e+03 4.568586694570129225e-01 4.394002198361514067e-01 5.139992623916770365e-01 6.258599230468990804e-01 5.591364519206256656e-01 6.238276611910991143e-01 5.727876188395645274e-01 4.116484697011326688e-01 3.483047020865255861e-01 2.841840706183109688e-01
1.357000000000000000e+03 4.715945007475553230e-01 5.320810043671796441e-01 6.162674626169188929e-01 5.374491374788261666e-01 5.844633529673995964e-01 5.762156769065391870e-01 5.961988239677377122e-01 4.017158854456585049e-01 2.837683006028052790e-01 2.479542821509050088e-01
1.387000000000000000e+03 4.798092261887784704e-01 4.913506509272575484e-01 4.602321530964343377e-01 4.353026699263651267e-01 4.815404008151837889e-01 6.562403543523823712e-01 6.617074368535500462e-01 4.419657842411182092e-01 3.323838815202227459e-01 3.251080261576536623e-01
1.388000000000000000e+03 5.066271085656289808e-01 4.764989112087862910e-01 4.476963469588945976e-01 4.497750117284580185e-01 6.001258024928968204e-01 6.558075256789663854e-01 6.188317378419402326e-01 3.670785193629700904e-01 3.224951076434945385e-01 3.353053891156018707e-01
1.391000000000000000e+03 4.917374785289254091e-01 5.492125651517292262e-01 5.467944331730757446e-01 5.134760408386451758e-01 4.487649158259874871e-01 4.855232042734919373e-01 5.251437391809479216e-01 3.770545219321427832e-01 3.512799378601956790e-01 3.664527178575561761e-01
1.392000000000000000e+03 5.499465292632289559e-01 5.423375759356482417e-01 5.037561177849246841e-01 4.097308979942267948e-01 4.197060463354138626e-01 4.977334217446365838e-01 5.279272006939531581e-01 3.860516811552759942e-01 3.649029347144077118e-01 3.876024702402922073e-01
1.415000000000000000e+03 6.433931862041619709e-01 6.267192864942320307e-01 6.046063875505507390e-01 6.055072148834150791e-01 5.797881037629932788e-01 5.963214605196643925e-01 5.999412690657293101e-01 4.706386967086399475e-01 5.500488379862665533e-02 1.550957675404552316e-01
1.416000000000000000e+03 6.493943000992814518e-01 6.307864523383712729e-01 6.268045001999087429e-01 5.897923817916861378e-01 5.925038686684103162e-01 6.412173545876530545e-01 7.032544928069111023e-01 1.377333898574900628e-02 1.523078764072691160e-01 2.614227664952869512e-01
1.417000000000000000e+03 6.552383283641302070e-01 6.522577934980253733e-01 6.172746111456154372e-01 6.057696964940452178e-01 6.418230552208894490e-01 7.578475591914617393e-01 1.323938071657682347e-01 1.543033675936158200e-01 2.780217781101961272e-01 2.486014194024327439e-01
1.418000000000000000e+03 6.641729935684493880e-01 6.333225284080754580e-01 6.173632622948592719e-01 6.359097815230222439e-01 7.413415652688832846e-01 1.213010840797250495e-01 2.938897765144299901e-01 3.194343760097559937e-01 2.543645507234242875e-01 3.228488938358102245e-01
1.420000000000000000e+03 6.616956767469958089e-01 6.701037033185568426e-01 7.373552299381210817e-01 1.576252710458516670e-01 3.045498929564428581e-01 5.464084492006446858e-01 4.821846802012634825e-01 4.257898698488871148e-01 2.535107774771287459e-01 3.097882559401493596e-01
1.421000000000000000e+03 6.781322279351061910e-01 7.326991294458919945e-01 2.483599683086385457e-01 3.193256975748733351e-01 5.279006140888858889e-01 4.987067729874991029e-01 6.331870556637957392e-01 2.833129939272833187e-01 3.242336137514422179e-01 3.369914124761185237e-01
1.422000000000000000e+03 7.313578148183149663e-01 3.226711529316092508e-01 3.811818206503597706e-01 5.279855674701365853e-01 4.805823633400216899e-01 6.628731992018157548e-01 4.544381251153008505e-01 3.833203583512921342e-01 3.559685334736170659e-01 3.495087269761223414e-01
1.522000000000000000e+03 4.898208816246175656e-01 4.486867251880409246e-01 3.314648836296997247e-01 2.598105769080165106e-01 3.013853482583145338e-01 3.706309522151021718e-01 7.352335480091509723e-01 5.637527848826741073e-01 4.586229577123965839e-01 5.014373779509493367e-01
1.523000000000000000e+03 4.483708214794956959e-01 3.426930212750700644e-01 2.731466498244483621e-01 2.441234084032362084e-01 2.745142552447563666e-01 6.932924858653175537e-01 7.325261345665893264e-01 5.136337390390448565e-01 5.042299470029970587e-01 5.135488572615370950e-01
1.574000000000000000e+03 5.637586504721086023e-01 5.071670991991787947e-01 4.713166444747028949e-01 4.609992578891017878e-01 2.712179892448236540e-01 4.818748199517194908e-01 5.841473399978001080e-01 4.397028606099698811e-01 3.305541718773763460e-01 4.392915642866802028e-01
1.576000000000000000e+03 5.042544146249874348e-01 4.863596780598724578e-01 3.027760458706288960e-01 4.024238349072730148e-01 5.203901810514175441e-01 6.107198189779596831e-01 5.257379844195129159e-01 5.422634960196266452e-01 3.901724472086272044e-01 3.763191431481747173e-01
1.579000000000000000e+03 5.051237184005080705e-01 5.469894966559042393e-01 5.707368167090619560e-01 4.906702909354407893e-01 7.626976163366562256e-01 6.913440917231996607e-01 6.796027002285955909e-01 2.535013705657501171e-01 2.311245892394665213e-01 2.214571421423701114e-01
1.580000000000000000e+03 5.591014695984836136e-01 5.754448555504932949e-01 5.006498081009804757e-01 7.209067791596355246e-01 6.452856267828966930e-01 6.853623778184347870e-01 3.917729178016617908e-01 2.319517807981646418e-01 2.077739951376508798e-01 3.154716119278906383e-01
1.581000000000000000e+03 5.746295591267331915e-01 5.067224874840117188e-01 6.768644037982634032e-01 5.968245289880119708e-01 6.234645335419797263e-01 3.581286784994562877e-01 3.503950126371332408e-01 1.876803840764930675e-01 3.083997283900812847e-01 4.255413071970051142e-01
1.582000000000000000e+03 5.187632460034860005e-01 6.567591180969226672e-01 5.785561078538893343e-01 5.803352212222840922e-01 3.014084500168576208e-01 3.173750016798611018e-01 2.986005702306830378e-01 3.321721604499051073e-01 4.378430619932862644e-01 4.220899460092761291e-01
1.586000000000000000e+03 3.683422831482409676e-01 3.029357340636759099e-01 2.116628865718356844e-01 3.292173896020654245e-01 5.988936389714126785e-01 6.490117006202523742e-01 9.173994841874150152e-01 5.596719893994309691e-01 4.608281134618166242e-01 3.959342460081937687e-01
1.628000000000000000e+03 5.721708352037385703e-01 4.562077229967072545e-01 3.918371283984732334e-01 4.960883743165238613e-01 4.680964041774404172e-01 5.799005481528457517e-01 5.905796530649845000e-01 3.611296613715423431e-01 3.793881238292777236e-01 3.679128530405339492e-01
1.629000000000000000e+03 4.825035166731413971e-01 4.258336064474554372e-01 5.053269752046239960e-01 4.469183605915961754e-01 5.344443047634233057e-01 5.892866756854480137e-01 5.270913982284524124e-01 4.409163777924197114e-01 3.774902667066472595e-01 3.709830652755888858e-01
1.630000000000000000e+03 4.515533841470408816e-01 5.145859085395252386e-01 4.576106089837665980e-01 4.995077643205830809e-01 5.339361419774739659e-01 5.106884465079124524e-01 6.180257311487601379e-01 4.309426309544415190e-01 3.758557209088137507e-01 3.353429400960511453e-01
1.631000000000000000e+03 5.254390735474400165e-01 4.733348452982377719e-01 4.990330692155743320e-01 4.971009763120097236e-01 4.535199018506889113e-01 6.070034102935633058e-01 6.035936900601993615e-01 4.271056922746246376e-01 3.335358850442954326e-01 3.176316082752042580e-01
1.632000000000000000e+03 5.137853043077724724e-01 5.355562892949475851e-01 5.299973041860157608e-01 4.623480717674616769e-01 5.928568298646456070e-01 6.348278647370727557e-01 6.389181037405882169e-01 3.994161456435948998e-01 3.356238983329724590e-01 2.033390442891215566e-01
1.633000000000000000e+03 5.691414599204589475e-01 5.646489864202897113e-01 5.051926764132820269e-01 5.969006748529591677e-01 6.255523531381630420e-01 6.780567274004972722e-01 6.086071117343220260e-01 4.059429548419634659e-01 2.055216052285947226e-01 1.735542581889130132e-01
1.634000000000000000e+03 5.901939643611118225e-01 5.395762945058462101e-01 6.104519616769830126e-01 6.211711986403530839e-01 6.620673677897327414e-01 6.384572360769585897e-01 6.106425906301973239e-01 2.175047857802204776e-01 1.675515924304351312e-01 2.478202758947060658e-01
1.635000000000000000e+03 5.624704527056197945e-01 6.201835519712520783e-01 6.211394042881622779e-01 6.439735085756101984e-01 6.104472002073028092e-01 6.286167060153092789e-01 3.628502589597982220e-01 1.553041996832635052e-01 2.475079673397468372e-01 3.146838230694433691e-01
1.636000000000000000e+03 6.224251308435584384e-01 6.193400908304229624e-01 6.281074803423104536e-01 5.816077266833182824e-01 5.853456917357644507e-01 3.449574636727484878e-01 2.709515821728684659e-01 2.569235239915215185e-01 3.170667239133523885e-01 3.533650501741700811e-01
1.729000000000000000e+03 4.253332182136371209e-01 4.269891414916525130e-01 4.468998456089718907e-01 3.954006582829247551e-01 4.067695585832870053e-01 5.073684552736350550e-01 7.083614052606892475e-01 5.051180810256002962e-01 4.770343576393691332e-01 3.595087512481767722e-01
1.766000000000000000e+03 5.201491731491840742e-01 4.740640060434110348e-01 4.643557684806837726e-01 4.833783117269504492e-01 5.217829121434225392e-01 5.354275546184646961e-01 5.376100771531118205e-01 3.973147336362405913e-01 3.587421233438690127e-01 3.793316019032454411e-01
1.768000000000000000e+03 4.815489700022922426e-01 4.805940930972484315e-01 4.682583440271545494e-01 4.213720139947055299e-01 4.371797090983943201e-01 5.200320260238269210e-01 5.447982236006497780e-01 4.200980092285249157e-01 3.776347675761030920e-01 4.469467134728971058e-01
1.792000000000000000e+03 5.041009659891225736e-01 4.541299001437371086e-01 4.686641958122905738e-01 4.843734066294922980e-01 4.596491912955970038e-01 4.771504191421714891e-01 5.761339031117250764e-01 4.246004271398329255e-01 3.837563702750869665e-01 4.015089437688211804e-01
1.804000000000000000e+03 4.450909513177263022e-01 5.056062209056179091e-01 4.922161854208929599e-01 5.274928612704827824e-01 5.587960071869264578e-01 5.928000453035614514e-01 5.928183961248413292e-01 4.242686486879258534e-01 3.121783577813052601e-01 3.358218543710119741e-01
1.805000000000000000e+03 5.128072544375823494e-01 4.963238616670843650e-01 5.147636601103073861e-01 5.114873730487398129e-01 5.259784666903181138e-01 5.703258564921112050e-01 5.865347909971275753e-01 3.306508949095581795e-01 3.291854902667755156e-01 3.505186376012764948e-01
1.810000000000000000e+03 4.685776039824622319e-01 4.489372693139393466e-01 3.397565645029976822e-01 3.432516332874873677e-01 4.100132268609042452e-01 6.412996601543003994e-01 6.809964405641700802e-01 4.831130390799161511e-01 3.952191928973129431e-01 4.323102675158240760e-01
1.811000000000000000e+03 4.525054537853702707e-01 3.542187494968895289e-01 3.467053151631420138e-01 3.516782838811077228e-01 5.509199105807035535e-01 6.421743348483113234e-01 6.385535906476739187e-01 4.301264580416516159e-01 4.283763170835224177e-01 4.656006100328261010e-01
1.812000000000000000e+03 3.907512070576652508e-01 3.815067982343637865e-01 3.793310485431745649e-01 5.143437437940384660e-01 5.861241755957159461e-01 6.307722061385200307e-01 6.040068265784601653e-01 5.021399220078852643e-01 4.850387031397817017e-01 3.121040106279264759e-01
1.897000000000000000e+03 5.042369671368897022e-01 4.541979104808100964e-01 4.057920647411981663e-01 3.986719052408546071e-01 4.887974728135305313e-01 5.603413215796486657e-01 6.635122325651968689e-01 4.075920438533919277e-01 4.122531361683538509e-01 3.728660580966273175e-01
2.043000000000000000e+03 5.673455358033231422e-01 5.658454198577735905e-01 4.721786632639545234e-01 3.731899333942329533e-01 4.806349684679231959e-01 7.473911473993435362e-01 6.545852212692420125e-01 3.838993725933312895e-01 3.288716056729362180e-01 2.222567657503488614e-01
2.044000000000000000e+03 5.937083464088349638e-01 5.148082005318550536e-01 4.305113712537940729e-01 4.902577236054704302e-01 7.360351120047595730e-01 6.929973819548946867e-01 5.871983994309626365e-01 3.949055088799350299e-01 2.264218111441892722e-01 2.274324764824013634e-01
2.045000000000000000e+03 5.592489911114951751e-01 4.901783714538073267e-01 5.389566803989427335e-01 7.440183945117703201e-01 6.981142853030829487e-01 6.362430971655418377e-01 6.161493997998699346e-01 2.621965240334557246e-01 2.408373979432499035e-01 1.831027577742231904e-01
2.046000000000000000e+03 5.307586186662963668e-01 5.722722702071273426e-01 7.363654896902444014e-01 6.952919230555878460e-01 6.271276759007354817e-01 6.535014948045849703e-01 4.361809709222992382e-01 2.722874116367360320e-01 1.821182798360902466e-01 2.115261483025352163e-01
2.047000000000000000e+03 5.877946024145515036e-01 7.229220271561277444e-01 6.785023724273931967e-01 6.073269674104589955e-01 6.210982990183684382e-01 4.351598702899276971e-01 4.276801239813672884e-01 1.726960796673459031e-01 2.032058164518225907e-01 2.820421460828753113e-01
2.048000000000000000e+03 7.219882997064082097e-01 6.822753731346433703e-01 6.157684907946389119e-01 6.130711331118430252e-01 4.151246056136295159e-01 4.379728547662095073e-01 3.136190759246921811e-01 2.111900583861754943e-01 2.912125473694452960e-01 2.808646175848344417e-01
2.049000000000000000e+03 6.806847036123344630e-01 6.215831866163885611e-01 6.108566738070673185e-01 4.093950265749191075e-01 4.055234260656335188e-01 3.019326100830511117e-01 3.505986828881569317e-01 3.261287777795335852e-01 2.833434021533015046e-01 4.458764447929010610e-01
2.050000000000000000e+03 6.330782113752549956e-01 6.219105455229736457e-01 4.492734028501159660e-01 4.068230139319246041e-01 2.764847273388290061e-01 3.488183413843841674e-01 5.012695290783084623e-01 3.200915861672054552e-01 4.782165074987291264e-01 3.826661251638407424e-01
2.055000000000000000e+03 3.825668721535482319e-01 4.290839866844650130e-01 3.747011455715686945e-01 6.628681125489193082e-01 5.412224103784648577e-01 5.485234126855632608e-01 5.517468497995730026e-01 4.615548648723433178e-01 3.947979802624773105e-01 4.014506421433490235e-01
2.073000000000000000e+03 5.384358417353729553e-01 4.434757583086768040e-01 4.806263594054867028e-01 3.034223558132310705e-01 3.283115860935923447e-01 5.079750377565495079e-01 6.524988003183681551e-01 5.409191527511350017e-01 4.286949118943909065e-01 3.593817810081289532e-01
2.150000000000000000e+03 4.331891794463471612e-01 4.889638338922500105e-01 4.619439326307985816e-01 4.515658888286103734e-01 6.243998867037082734e-01 7.062983880328439490e-01 6.649441130575081127e-01 4.262199185764991571e-01 3.342399873688632339e-01 2.760941593246746262e-01
2.153000000000000000e+03 4.918669522217590795e-01 5.635811279839487709e-01 5.837796681146952826e-01 5.581619309193777134e-01 5.270300117725420508e-01 5.062473753651511865e-01 4.028109712237514795e-01 3.402088484722842199e-01 3.521621720482053242e-01 3.489592430617398655e-01
2.166000000000000000e+03 5.687560884387362625e-01 5.760694601397507997e-01 5.230745586400190605e-01 4.712972037392910152e-01 4.792097027474608306e-01 4.931806748911353178e-01 5.401710987788456153e-01 3.663375928978924168e-01 3.269393775283347958e-01 3.198007648775780809e-01
2.186000000000000000e+03 5.551768483249245323e-01 5.221412350645729950e-01 4.705356829518115291e-01 3.914613219161199864e-01 4.012869886465220692e-01 4.228018793603461889e-01 4.979185699789491770e-01 4.347809718813108737e-01 3.399048807561715901e-01 4.751693627826468203e-01
2.188000000000000000e+03 5.055343122532560685e-01 4.409186558371078757e-01 4.043349390047696890e-01 3.507635739594398006e-01 4.307438147848204335e-01 6.074685998690669830e-01 5.453861711568492865e-01 6.032384047157275386e-01 3.882638140938333704e-01 3.690278188412215998e-01
2.200000000000000000e+03 5.982092695624521284e-01 6.234332853477225767e-01 5.928534190004154381e-01 6.141303201962973191e-01 4.665162063535742143e-01 4.488221001858739290e-01 4.332784843676110720e-01 3.092243645796813878e-01 2.992143660031212349e-01 2.867618905102106153e-01
2.201000000000000000e+03 6.347028987014244894e-01 6.068823465143938778e-01 6.171086887066686844e-01 4.637852864207094861e-01 4.233065466239787633e-01 4.385734932986267154e-01 4.801314145388614341e-01 3.425432510664759289e-01 2.938196834474652297e-01 3.122417984953410053e-01
2.202000000000000000e+03 6.210337113017017074e-01 6.276313598421391360e-01 4.944031035260328388e-01 4.240886082513722344e-01 4.137001799122520529e-01 4.900095482650559386e-01 5.225736685112839508e-01 3.354041271209953212e-01 3.236890324055017865e-01 3.406135778138971171e-01
2.205000000000000000e+03 5.104496469347469256e-01 4.701567141327093746e-01 4.684869539914766068e-01 4.749212225540215271e-01 4.681351739621540387e-01 5.503051896384126840e-01 5.938597434331155389e-01 4.189162942061187556e-01 3.538146069797606930e-01 3.730577334543668799e-01
2.215000000000000000e+03 5.019017994355997603e-01 4.495109231805467509e-01 4.226568398589729547e-01 4.188312465479726021e-01 4.857184472966636912e-01 5.790413479370708494e-01 5.920148198379390214e-01 4.462407650029875938e-01 3.762111707780453895e-01 3.936372765027131848e-01
2.216000000000000000e+03 4.683184244672660146e-01 4.415636931733802339e-01 4.300521996283782622e-01 4.485429225607054926e-01 5.176584412791283007e-01 5.748591505555366021e-01 6.190644425184268496e-01 4.246542066014592498e-01 3.988637346878943779e-01 3.765749970248505885e-01
2.217000000000000000e+03 4.584854698149248287e-01 4.440548959471838919e-01 4.499114260811852284e-01 4.728212040782907577e-01 5.076570205658346158e-01 5.982516045246720759e-01 5.865990027826046838e-01 4.521791566490880876e-01 3.760595429791100397e-01 3.720224282553843964e-01
2.232000000000000000e+03 4.858406972923193790e-01 4.417208083206711766e-01 6.118322883311224647e-01 5.792676284793923935e-01 5.705409698279405584e-01 5.107628229602116932e-01 5.717958187477820697e-01 3.210354853191299540e-01 3.175317641802737345e-01 3.511104875612884868e-01
2.259000000000000000e+03 4.767715698034016292e-01 4.621800636573127896e-01 4.208319747614690520e-01 4.010830915722601309e-01 4.416635340182733516e-01 5.768571903621663166e-01 5.822366114971246898e-01 5.024153359307728106e-01 4.190413121662617812e-01 3.698914001990343814e-01
2.262000000000000000e+03 4.614907485315396518e-01 4.458664402616495659e-01 4.839539129308483845e-01 4.731137496785491892e-01 6.277785847917199957e-01 6.657822751242133963e-01 5.920603724600140838e-01 4.236638383460044066e-01 3.190540711520435946e-01 3.265323330495365495e-01
2.263000000000000000e+03 4.591261041547725630e-01 4.855669748108467076e-01 4.657349007716006795e-01 5.699550089368435879e-01 5.925895720233936848e-01 5.634385905365922875e-01 5.801682394404814591e-01 3.358737854885888718e-01 3.152862911549844660e-01 3.891435774785554358e-01
2.264000000000000000e+03 4.930916328990386788e-01 4.708754020664584483e-01 5.454785375897769351e-01 5.380434360988949338e-01 4.915368149624258498e-01 5.514330223912384810e-01 4.710127191307157402e-01 3.312003796982674331e-01 3.880831758913730889e-01 3.836815236585893740e-01
2.265000000000000000e+03 4.763733191411136381e-01 5.323857095967489128e-01 5.132665809028904569e-01 4.366527294717535979e-01 4.715480626578203438e-01 4.254405549489129745e-01 4.577575218682979896e-01 4.275360027556585063e-01 3.775284920105052011e-01 4.453400109906950899e-01
2.266000000000000000e+03 5.311290463791280558e-01 5.088540185031249496e-01 4.345115094720228277e-01 4.229988803001635267e-01 3.514101788876387578e-01 4.163854626943837012e-01 5.832501529688128850e-01 4.166343587794386072e-01 4.515620045617240730e-01 4.095243125230787484e-01
2.267000000000000000e+03 5.233882743586667496e-01 4.572921077131230083e-01 4.404054468384697163e-01 3.320655486831678993e-01 3.646593705618827452e-01 5.745776206844587231e-01 5.904650989178769072e-01 5.374784099151086458e-01 4.220903183381034540e-01 3.638121770411733014e-01
2.276000000000000000e+03 6.293629423862727723e-01 5.709812731858949775e-01 5.634131773433519452e-01 4.519581485017624134e-01 4.738813770165635209e-01 5.733947184042129663e-01 5.684121842407751091e-01 3.608973882162990199e-01 2.157048554933466145e-01 3.091722652319880416e-01
2.277000000000000000e+03 5.898091590893307368e-01 5.816306044284643706e-01 4.835606353832496707e-01 4.698349895994600733e-01 5.468525400287335136e-01 5.842174053074502549e-01 5.442328070065044487e-01 2.241787948225053562e-01 3.193397471112518482e-01 3.422755843936511888e-01
2.279000000000000000e+03 5.434839186857786109e-01 5.285553403463718602e-01 5.558617665366729632e-01 5.502816512712659369e-01 5.339858514398495570e-01 3.742716802943851784e-01 5.583209960652101289e-01 4.262137871672453948e-01 2.748155553984160671e-01 3.452733703630072037e-01
2.280000000000000000e+03 5.415300170528221102e-01 5.606351593676345280e-01 5.466190284612241213e-01 5.045455960571819665e-01 3.253914390422239511e-01 5.503567862019762558e-01 6.050371739551473338e-01 2.907761720743397560e-01 3.491870103508674106e-01 3.630004523658924009e-01
2.281000000000000000e+03 5.601679496291919191e-01 5.428707854763679119e-01 4.972681962446425241e-01 2.959995446175958667e-01 4.853468233087456229e-01 5.851921997627212990e-01 4.208113696166927986e-01 3.838930750848775220e-01 3.614702085708590973e-01 4.253979028664682249e-01
2.330000000000000000e+03 5.059823777303578130e-01 4.523840195445661960e-01 4.684878361095070054e-01 3.633339075645893312e-01 4.931813952216885233e-01 5.474827771098630391e-01 5.654187714417762134e-01 4.147992977763444999e-01 3.978423800812894706e-01 4.124349313688763230e-01
2.331000000000000000e+03 4.670064756855265564e-01 4.754635224030883678e-01 3.794219781045367612e-01 4.489966224128081329e-01 4.792411597645858112e-01 5.390942996448965241e-01 5.731871441823217506e-01 4.498892015221480079e-01 4.169042071976581942e-01 4.086011634682693017e-01
2.332000000000000000e+03 4.832057081030269874e-01 3.971293360827680141e-01 4.447596981326821242e-01 4.303522070039113023e-01 4.647743472202238157e-01 5.413525233384238744e-01 6.114432468730710557e-01 4.721236506081377127e-01 4.092305602362729111e-01 4.006985326127974756e-01
3.111000000000000000e+03 5.440264525982420052e-01 5.585914759898857884e-01 6.044099809301211046e-01 7.060898397097054024e-01 2.531873781034633675e-01 4.066585437385122903e-01 4.247689774728876100e-01 2.874004350743509795e-01 3.749289295502164499e-01 3.954237759465729085e-01
3.116000000000000000e+03 5.525152805243476184e-01 5.409814578645925076e-01 5.375269352645004606e-01 7.235946435543070265e-01 8.317509635247329891e-01 6.641309949221834152e-01 3.658946647475732616e-01 2.290360562245393750e-01 2.232917117055287504e-01 2.481686935743025735e-01
3.117000000000000000e+03 5.732606831317493823e-01 5.704021077480047053e-01 7.188012011621748298e-01 8.190264311070715175e-01 6.539601644026409311e-01 3.808110803035910097e-01 3.935222730618684883e-01 2.467647276626673547e-01 2.570892257516790291e-01 2.100878664748307145e-01
3.118000000000000000e+03 5.931512573666042343e-01 7.165181239339692976e-01 7.898187590533043423e-01 6.443518784042729930e-01 3.614835364112354288e-01 4.015871981317003514e-01 4.073161443759749645e-01 2.876701723057629723e-01 2.081141499369448811e-01 2.657755642158249887e-01
3.119000000000000000e+03 7.118744530826193184e-01 7.700858262977051671e-01 6.395607262777426305e-01 3.630990835520052085e-01 3.731598361773429962e-01 4.074499274163305707e-01 4.503035407379100685e-01 2.119418499717088122e-01 2.679362413923798147e-01 3.202157164352067986e-01
3.122000000000000000e+03 5.082747946598588085e-01 4.835299393380048660e-01 4.525062861588612928e-01 4.595112889662512634e-01 3.616710463403641773e-01 5.051950020728308566e-01 6.094764162085641868e-01 3.769864554395319645e-01 4.410538849512468662e-01 3.940170411249917515e-01
3.123000000000000000e+03 4.857740012642776106e-01 4.532023508678392765e-01 4.473520522046671721e-01 3.138365169838516766e-01 4.231698078201884261e-01 5.726388286162981123e-01 5.128702053216188661e-01 5.001627276113881360e-01 3.882117056385100407e-01 4.678935510498437589e-01
3.124000000000000000e+03 4.560537949930728585e-01 4.439944022830655812e-01 3.226414352700991972e-01 3.638086668119500655e-01 4.825491493522267583e-01 4.605788328204492021e-01 6.597957976392530011e-01 4.202248502210252368e-01 4.693992125798311932e-01 4.804940611923522176e-01
3.125000000000000000e+03 4.433575094831146424e-01 3.340877406612605682e-01 3.564534690897842029e-01 4.103667954204828217e-01 3.619560951477351907e-01 6.098942267831353181e-01 5.512581756300599656e-01 5.272679961828358186e-01 4.790100941797583722e-01 4.931387920017821780e-01
3.126000000000000000e+03 3.506038979845799153e-01 3.621229883623272028e-01 3.941993523671363242e-01 2.982386874742435356e-01 5.100718177732664893e-01 4.925115539617045401e-01 6.847970197858371799e-01 5.405385242472664498e-01 4.934449553129617305e-01 4.835682929298052435e-01
3.175000000000000000e+03 6.250067836058467163e-01 5.610368242999068666e-01 4.212494219113788185e-01 4.260396675650923726e-01 3.659975331163021206e-01 4.689102778962746521e-01 4.613488121391519647e-01 4.029841621889573844e-01 3.759249921398140071e-01 4.022966018001998267e-01
3.176000000000000000e+03 5.750368392823507202e-01 4.550022852826431929e-01 4.534394375542450395e-01 3.584602522099220034e-01 4.308513360253991564e-01 4.564756919119790091e-01 5.862397283262490433e-01 4.413490684831514743e-01 4.210868485453680976e-01 3.864791023675618331e-01
3.364000000000000000e+03 4.576162617148070155e-01 4.523113698478621880e-01 3.015692512416652260e-01 2.906523329398247868e-01 3.968232340140034897e-01 6.695871156634256582e-01 7.164359578145581553e-01 4.671033685478044872e-01 4.417265500906477627e-01 4.331817418169294776e-01
3.366000000000000000e+03 3.559776035230652891e-01 3.363077374834371192e-01 3.581531304265898052e-01 5.266593400639586475e-01 6.093214088869657319e-01 5.941875313426965288e-01 6.719912806883163725e-01 4.924974019230510258e-01 4.659763612295922397e-01 3.756195418612585102e-01
3.391000000000000000e+03 5.396184944307177433e-01 4.679832461390893705e-01 4.424610537708072999e-01 4.573195133820632252e-01 5.448908011925557293e-01 5.448256963510417217e-01 6.381870107676742565e-01 4.239334050253211195e-01 3.489912454324201607e-01 3.210047669512137158e-01
3.722000000000000000e+03 3.852915825650374271e-01 3.307601338972424032e-01 4.152757081064852862e-01 5.625569748277042814e-01 5.737362267027096285e-01 6.576976043570519348e-01 9.332534994631881409e-01 6.064555513270183384e-01 2.952635704353826496e-01 2.398183902698101666e-01
3.723000000000000000e+03 3.967812168974926279e-01 4.698422743570569438e-01 5.892070710758906538e-01 5.812697137306794826e-01 6.508058516051241638e-01 1.000000000000000000e+00 8.712240957787875661e-01 3.507204486493494811e-01 2.490808884006456558e-01 5.467253342123224585e-02
3.724000000000000000e+03 5.182811869487510270e-01 6.201616935123893670e-01 6.096675792063325217e-01 6.594723539359707010e-01 1.000000000000000000e+00 9.394838673898531223e-01 5.556959265989195318e-01 2.903881499333555993e-01 3.752133535455830921e-02 3.711921941018203608e-02
3.725000000000000000e+03 6.522296546258071759e-01 6.449532660194586819e-01 6.829595554608818286e-01 9.969411261620940712e-01 9.515586470850538880e-01 6.085941038740320108e-01 4.906025180531899399e-01 0.000000000000000000e+00 2.304627764147618857e-02 9.207427851214072811e-02
3.726000000000000000e+03 7.008502493542401179e-01 7.392583526399256755e-01 1.000000000000000000e+00 1.000000000000000000e+00 6.708098817646399592e-01 5.881120779550973454e-01 1.698921481636898323e-01 1.520891501859617141e-02 1.123673595177281659e-01 0.000000000000000000e+00
3.727000000000000000e+03 7.756353566268141542e-01 1.000000000000000000e+00 9.945865801557269847e-01 7.272543544447739317e-01 6.401693925282558872e-01 2.285236684016028197e-01 1.801348817012689840e-01 1.346855450621432249e-01 0.000000000000000000e+00 8.251144261596486673e-02
3.731000000000000000e+03 8.299280761580183352e-01 5.676804179061333278e-01 4.958101629354318418e-01 5.494828209191973123e-01 2.606559596898072595e-01 3.980324967533463987e-01 6.373740597530124230e-01 2.139478097079150765e-01 2.415584075851202883e-01 3.451629148327026164e-01
3.734000000000000000e+03 5.761128102098468373e-01 3.640664370340732092e-01 3.885281223502500825e-01 5.782574704605165650e-01 2.902759864943182389e-01 3.798927036506012933e-01 5.909689957981256736e-01 4.975944540006483896e-01 4.060667579968336161e-01 4.567118314676926194e-01
3.737000000000000000e+03 4.855007062892872094e-01 2.588225731576861421e-01 2.260097764980838475e-01 3.471852529474924731e-01 4.754677006189653166e-01 4.951247840357148600e-01 6.330968253798119338e-01 6.175571913124675572e-01 5.455597575945161370e-01 4.674596499086008383e-01
3.738000000000000000e+03 2.993049634704348927e-01 2.676579485756919174e-01 3.600976197317817817e-01 4.249786440488119155e-01 4.189994587695579087e-01 6.040723714552419521e-01 8.194786017131103772e-01 6.513718106578896272e-01 4.761625954083282819e-01 4.245769474778424701e-01
3.739000000000000000e+03 3.163459461753944657e-01 3.912084218353530929e-01 4.374568414903853841e-01 3.893938191699951035e-01 5.457476455645898783e-01 8.241092111314927138e-01 8.791114107577836512e-01 5.675743938259444343e-01 4.363102788534279353e-01 1.921748683931036317e-01
3.740000000000000000e+03 4.331374790715189493e-01 4.707130040732002141e-01 4.259792427398472747e-01 5.290342244134648153e-01 7.887510179428618429e-01 9.125177018959327313e-01 7.959893778229976125e-01 5.289125589694158025e-01 1.794335822039299089e-01 1.109748296551706370e-01
3.741000000000000000e+03 5.008474153520338090e-01 4.615992307376661774e-01 5.409339093887441940e-01 7.562015663628793849e-01 8.778161436197396972e-01 8.232564761147093124e-01 7.481980087825550463e-01 1.675874266708053673e-01 8.576463742921972000e-02 2.067590859278554960e-01
3.742000000000000000e+03 4.988339965638992068e-01 5.647440718330509757e-01 7.352151058285720797e-01 8.493274799499849204e-01 7.995259917344267331e-01 7.822627277623455111e-01 3.041829569742949824e-01 4.319537962435362338e-02 2.021992379750422175e-01 2.206712872798012315e-01
3.743000000000000000e+03 5.800761801462873679e-01 7.203406559152298883e-01 8.027175886085167189e-01 7.656268821893189580e-01 7.471309554540931375e-01 2.896559015278726279e-01 1.377888728138468022e-01 1.991934129997919301e-01 2.125240995637658337e-01 2.651299102540087826e-01
3.745000000000000000e+03 7.960827457594098489e-01 7.622921693475002147e-01 7.451204388769228082e-01 3.187913522431745639e-01 1.391607114860348438e-01 3.863806459214155775e-01 4.117859646073668278e-01 3.343279423263582073e-01 2.618166559194184950e-01 2.779732540769460636e-01
3.930000000000000000e+03 5.406643689974796052e-01 5.429001316435031477e-01 6.287574625425148556e-01 5.322331020450689065e-01 4.996372174055762616e-01 6.140572207847802000e-01 5.744855833223324604e-01 2.237471980308225472e-01 2.683556018403983057e-01 3.316385639619543468e-01
3.931000000000000000e+03 5.554348391878755065e-01 6.237835907999405016e-01 5.343645308651590042e-01 4.756288708466646087e-01 5.678075815611363097e-01 5.711516547206964001e-01 3.540940756428574976e-01 2.840845379117923342e-01 3.351263370719371748e-01 3.471678943357884295e-01
4.229000000000000000e+03 1.000000000000000000e+00 8.825195752878156608e-01 4.971627961687238861e-01 3.049434817154687560e-01 5.985568288580400687e-01 2.982249152359389699e-01 0.000000000000000000e+00 1.221539310904526804e-01 3.012811352734874881e-01 3.037244188294047631e-01
4.230000000000000000e+03 8.723109914667136477e-01 5.473667969257732802e-01 3.881923274978723581e-01 6.173151492253741157e-01 3.048061549235475676e-01 0.000000000000000000e+00 2.744697945508524639e-01 3.693065744882801926e-01 3.304282716963776734e-01 5.210704087311387456e-01
4.231000000000000000e+03 5.843489650163271598e-01 4.516681893161298422e-01 6.396894006764900498e-01 3.368604801620068701e-01 0.000000000000000000e+00 2.918635473772606126e-01 5.796090861742059230e-01 4.056813741489011527e-01 5.794284703239442891e-01 4.390433289656530680e-01
4.232000000000000000e+03 4.720500926688141474e-01 6.254196450215009362e-01 3.657342401226305051e-01 0.000000000000000000e+00 2.350087909842324407e-01 5.650166185718383804e-01 5.715388932955359769e-01 7.131539393045590591e-01 4.532695531675732803e-01 4.317968272110100370e-01
4.233000000000000000e+03 6.046895055302715649e-01 3.798223998464845264e-01 7.124064351911117698e-02 1.949032334800109845e-01 4.812703754347845697e-01 5.302350851295462020e-01 9.322026050589036217e-01 5.162537449534905232e-01 4.310845131333569391e-01 4.430930036799279881e-01
4.234000000000000000e+03 4.096098388001340740e-01 1.477793308082320511e-01 2.472404084544840008e-01 4.446873912870604184e-01 4.693294501092424298e-01 9.431478075309656095e-01 7.070888774936137100e-01 5.020501155471630561e-01 4.562180897158774062e-01 4.623527707762690175e-01
4.235000000000000000e+03 1.883031835044392255e-01 2.645949170410543672e-01 4.143814134990879139e-01 3.883099469502005463e-01 8.307335076517650130e-01 6.502301737193820763e-01 6.436696487912189069e-01 5.008789409394096559e-01 4.524514241946121507e-01 4.971836028979176869e-01
4.237000000000000000e+03 3.968958267891433689e-01 3.572598575765141282e-01 6.310742050932484082e-01 4.412386521852967869e-01 4.585831921448108583e-01 5.668502884872939074e-01 6.231624283246510743e-01 5.418561507902646124e-01 4.263213823929040691e-01 3.133345911366192671e-01
4.290000000000000000e+03 3.772512189116248860e-01 3.261500717307497244e-01 9.248197501315926772e-01 5.605898463849894320e-01 4.712807770913741146e-01 6.006145573633483448e-01 7.923940987859732221e-01 3.680386679964310348e-01 1.165218200000694843e-01 3.886793962039926664e-01
4.291000000000000000e+03 3.457874490734904604e-01 8.386900121194403868e-01 5.193837610156218920e-01 4.029397801281339730e-01 5.043996005992911202e-01 7.562778096056840260e-01 4.890383017927892872e-01 3.461955042507553620e-02 3.748258918062986611e-01 4.132266630620944903e-01
4.292000000000000000e+03 7.822387417093130679e-01 5.054819081332608821e-01 3.969291063470697933e-01 4.411724605897089924e-01 6.673110053915386475e-01 4.369537493321049570e-01 7.939999803777694765e-02 4.029998238320632864e-01 4.074210371694180211e-01 3.535596315067932593e-01
4.293000000000000000e+03 5.461359147707348649e-01 4.558606190585543505e-01 4.913298926138043310e-01 6.707377243458365612e-01 4.322725319966371216e-01 7.516271697046804368e-02 6.173962656845087826e-01 5.107073481328688880e-01 3.822849568177711932e-01 3.827765365576016321e-01
4.294000000000000000e+03 4.816930391074200624e-01 5.085374012019701073e-01 6.474942401936958358e-01 4.126713447114737088e-01 3.003986731839885724e-02 6.173545806955870185e-01 7.138428186056038349e-01 4.442794304977595865e-01 3.941890825252371555e-01 3.528655437276805307e-01
4.295000000000000000e+03 5.053128930930284035e-01 6.142174572801883947e-01 4.069329255950789315e-01 3.241059287230228011e-03 5.318702150553255015e-01 6.824439373894072292e-01 5.943961971824663904e-01 4.322050783823211395e-01 3.391733927029684792e-01 4.572469379765499720e-01
4.296000000000000000e+03 5.404306815233778094e-01 3.506189641694943959e-01 0.000000000000000000e+00 3.768573015981925844e-01 4.967206989679752716e-01 4.538956874378167750e-01 4.872058701259115443e-01 2.818834106820817809e-01 4.068305324647140120e-01 8.829166486349936394e-01
4.297000000000000000e+03 3.082683940415505419e-01 0.000000000000000000e+00 2.866709632211683068e-01 3.245345383634989922e-01 2.496412373707579402e-01 3.175786003211356623e-01 2.807746715373049540e-01 3.603122971123839391e-01 8.828540205926210804e-01 1.000000000000000000e+00
4.298000000000000000e+03 0.000000000000000000e+00 2.190684450088862534e-01 2.222046165555212061e-01 7.012112634106998366e-02 8.624069472126924540e-02 6.762386307211809555e-02 3.509694620720787417e-01 1.000000000000000000e+00 1.000000000000000000e+00 9.260398040510999795e-01
4.305000000000000000e+03 5.093928636162213808e-01 7.448116442468490916e-01 8.051643456138077859e-01 7.156259354011674789e-01 8.241637966874050258e-01 9.028501336438213842e-01 1.058759247128255171e-01 2.061089060543377927e-01 1.291252987947909270e-01 1.008928786899195573e-01
4.306000000000000000e+03 7.622964733703241347e-01 8.143378778499390513e-01 7.350381071538859556e-01 8.399012222302563169e-01 9.227399399751926579e-01 1.270700076221009389e-01 3.914562682003860372e-01 1.349770641147465255e-01 1.010476522382739994e-01 5.304193537462318503e-02
4.308000000000000000e+03 7.809611034894584636e-01 8.527962747981124858e-01 9.267393746215177863e-01 2.212005864772428887e-01 4.740968159897164247e-01 3.574441718180108030e-01 2.676079609095022294e-01 2.905242008946998938e-02 2.506009016684851431e-01 2.939088922227727219e-01
4.465000000000000000e+03 5.653898814499147552e-01 4.873856341219222621e-01 4.678814408511071110e-01 2.530187354496456487e-01 3.387607442422030379e-01 3.813050578749089259e-01 5.287651007157073701e-01 4.239563121534506984e-01 4.963467948992578149e-01 4.642184303078349394e-01
4.466000000000000000e+03 4.973708133774220608e-01 4.759152320070294540e-01 2.904219711739132737e-01 3.068313685289347781e-01 3.152263566684309626e-01 5.009722887991887585e-01 5.860569285353590674e-01 5.894870857966489908e-01 4.775657171166083903e-01 4.527038203462870336e-01
4.467000000000000000e+03 4.699191237026850154e-01 3.068150137772618358e-01 3.095326841447059163e-01 2.545764212890417877e-01 4.014814831533183859e-01 5.297123422973086804e-01 7.622462175770774451e-01 5.382560943795859920e-01 4.466230713140836306e-01 5.305742874415516619e-01
4.468000000000000000e+03 3.279607163967227512e-01 3.233733811099083755e-01 2.676639555572219442e-01 3.354923757395403827e-01 4.310198119595626265e-01 7.207904311810212628e-01 6.991291010911603321e-01 4.955859851182030651e-01 5.369683014312581770e-01 5.033879575140363105e-01
5.100000000000000000e+03 5.709679198852112281e-01 5.749104555306544517e-01 5.778929011307275543e-01 4.952525210184736681e-01 1.514446806916582566e-01 1.563718620561041495e-01 3.694409582651452251e-01 4.212349707111745500e-01 4.748269970796570316e-01 4.982119933164875225e-01
5.101000000000000000e+03 5.690593812050405154e-01 5.652808656660681663e-01 4.852311612959022691e-01 1.289665633180022974e-01 8.720324149981269202e-02 3.246543626923901193e-01 5.788494662980702143e-01 5.561641259688380190e-01 5.146672497138844449e-01 4.741605485205238057e-01
5.102000000000000000e+03 5.654871766792721743e-01 4.931707695102489630e-01 1.922587450857217717e-01 7.685429011024209889e-02 2.630430460421432914e-01 5.594554792481331029e-01 7.557320550140105286e-01 6.184946202580786645e-01 4.913651829469809496e-01 4.381684457939963862e-01
5.103000000000000000e+03 4.921184066831199022e-01 2.337458500208572931e-01 1.325605265870401228e-01 2.191970009862475866e-01 4.738364180671010839e-01 7.272386172150967498e-01 8.119582225486116078e-01 5.683172577652234603e-01 4.374302982834308851e-01 5.298518444405492245e-01
5.104000000000000000e+03 2.632836409467838590e-01 1.720419778155833634e-01 2.343818462184473206e-01 3.970987998506884664e-01 6.213281652811687428e-01 7.683619362534698238e-01 7.311157123730775975e-01 4.782534129611815676e-01 5.329316148637166517e-01 5.464642896639925196e-01
5.155000000000000000e+03 7.193078041375878806e-01 6.796059191875989391e-01 5.123477003085267212e-01 2.903769756790898215e-01 4.255625653142444120e-01 4.821184541971185178e-01 5.720874068123298350e-01 3.158021947439424992e-01 3.001348948282130391e-01 2.812150926750269786e-01
5.164000000000000000e+03 4.362270154302825831e-01 5.165495484337546683e-01 7.109619490371527073e-01 6.717902201479559743e-01 5.478075859327865560e-01 6.078115986096418455e-01 6.748383005098621545e-01 1.783341912204803870e-01 2.456715553619440440e-01 3.006700273524736677e-01
5.165000000000000000e+03 5.269374375374566988e-01 6.851343733993446872e-01 6.396637682466471686e-01 5.097274214359905908e-01 5.500219446928256151e-01 6.681720794191525759e-01 2.866669025371110235e-01 2.437575494237017304e-01 2.932721443654772719e-01 3.058754843089471764e-01
5.167000000000000000e+03 6.365324992268189819e-01 5.351411849567939694e-01 5.333907254251633034e-01 5.978958995605007098e-01 2.230851797449575902e-01 3.687052431953522502e-01 4.821731418342622422e-01 3.427885951253291097e-01 4.007957784959436665e-01 3.756346223983026422e-01
5.219000000000000000e+03 4.549003049560953471e-01 5.011834064592654014e-01 5.491462133641040744e-01 6.156085045690844471e-01 6.627518013806156238e-01 7.627310739975272647e-01 6.798262077452754681e-01 4.144048150579162648e-01 1.693443048791409555e-01 2.160438093296545847e-01
5.223000000000000000e+03 6.651137230416441781e-01 7.068584947880272029e-01 6.686757686254187760e-01 6.087759603202650416e-01 2.748174167481820529e-01 3.818443077260678109e-01 5.308413748292423184e-01 2.899788465402477478e-01 2.911354399455173270e-01 2.162473775791379504e-01
5.224000000000000000e+03 7.004106256180558931e-01 6.646558948336948047e-01 6.058296196646515419e-01 2.768486816780033610e-01 3.475467274966098086e-01 5.353918790969709463e-01 4.477276700056133096e-01 3.245804321553132366e-01 2.074606790489711416e-01 4.056595454742020213e-01
5.225000000000000000e+03 6.670268129649120636e-01 6.147278504672009092e-01 3.372133422731023455e-01 3.485299592750074615e-01 5.050687169906368235e-01 4.495550708083537739e-01 4.950843906402199734e-01 2.097777083668170561e-01 4.291559161845887593e-01 4.182210348424250101e-01
5.256000000000000000e+03 4.581224073865777791e-01 3.756161123820778158e-01 4.392586916948246767e-01 4.941281329795610411e-01 5.436084149263458176e-01 6.076431253038359070e-01 6.572605876633329514e-01 4.976034358166100402e-01 3.787142049311770786e-01 3.317376039762405804e-01
5.385000000000000000e+03 4.921769480382803819e-01 5.094862227436013358e-01 5.351796823316324891e-01 5.325542507045946117e-01 6.229128243341450766e-01 6.295077700463774795e-01 6.067419931742485950e-01 3.235660098780488991e-01 3.066808171319262422e-01 2.790101329866751523e-01
5.386000000000000000e+03 5.323827777844161169e-01 5.515992409964706189e-01 5.420034826663540084e-01 5.994528436256068016e-01 5.929159828828938217e-01 6.157858674483912553e-01 4.881979165170418633e-01 3.451268355170457047e-01 2.792156862071103474e-01 2.665482161993888988e-01
5.394000000000000000e+03 6.933162265318846273e-01 6.816124000805788841e-01 5.008885253449353314e-01 5.249795481233333616e-01 5.200742791176892199e-01 1.857958882593621075e-01 3.484431957889141396e-01 2.358884031330048259e-01 3.351376261137157808e-01 4.137961039709441291e-01
5.406000000000000000e+03 4.663519606522485428e-01 4.283437571392986754e-01 4.310956935415319879e-01 4.707330228453117105e-01 4.640232298125767096e-01 5.355106662587646449e-01 5.763918835550192465e-01 4.901236642658413079e-01 3.983951057258332540e-01 3.995503444152131989e-01
5.407000000000000000e+03 4.433742881663250146e-01 4.402437409276613867e-01 4.624225915885527005e-01 4.161032967663956805e-01 4.610905523664009520e-01 5.446991906896688773e-01 6.617117806387992074e-01 4.460304692535052018e-01 3.987114882558144280e-01 4.006217151125384679e-01
5.408000000000000000e+03 4.452614810199019280e-01 4.567350607940828811e-01 4.062595276150114398e-01 3.992392323972946411e-01 4.550125310807074386e-01 6.215164968650668254e-01 5.923206780744444400e-01 4.351471879860102643e-01 3.918859486268727599e-01 4.436498224602350438e-01
5.410000000000000000e+03 4.221506789504356205e-01 4.013423466310432897e-01 3.914729275886640880e-01 4.689147006401622741e-01 4.616251920674196985e-01 5.366475621348680836e-01 5.711132986364926278e-01 4.988061567975020649e-01 4.639494663239405736e-01 4.220331345219918151e-01
5.419000000000000000e+03 5.233966287145298546e-01 5.632705536873017227e-01 5.210038782481113406e-01 4.972796342693761584e-01 5.065206356025870882e-01 6.028824315203390460e-01 5.423897915951165771e-01 3.694456734850090629e-01 3.614762158189714358e-01 2.608597351437988432e-01
5.424000000000000000e+03 6.095131017231061321e-01 5.642583105614698002e-01 5.531032032182345848e-01 6.132166899255783177e-01 4.394615726601415751e-01 3.340756197920552450e-01 3.372944839405500606e-01 3.964273212752262854e-01 3.252593210782033784e-01 3.790419929294290280e-01
5.508000000000000000e+03 6.145388458495604223e-01 4.678968513116305017e-01 5.542320591381247885e-01 5.613745582126767886e-01 5.485290885798935756e-01 5.884051702801756933e-01 5.839365907129171473e-01 3.075991723684388668e-01 2.993411520081468158e-01 2.594912677311667082e-01
5.509000000000000000e+03 5.206728525079125092e-01 5.956102428098304369e-01 5.991048906348765968e-01 5.709824579101139275e-01 5.957253724605061640e-01 6.350012069747765775e-01 5.083509166018100878e-01 3.668889596462127090e-01 2.792663887663903166e-01 1.914414893145247043e-01
5.510000000000000000e+03 6.134259908507118109e-01 6.148260086138453984e-01 5.849710923896490611e-01 5.881773413528826877e-01 6.134860742759605801e-01 5.241658760775371739e-01 5.564496356741387428e-01 3.174937614002121267e-01 1.854712727949011097e-01 2.292598786643667286e-01
5.512000000000000000e+03 6.027696684178311948e-01 5.948259081959437200e-01 5.888077468960111194e-01 4.726103286556229133e-01 5.238151898388241356e-01 4.780701110955660749e-01 2.999983398763563236e-01 2.245142650090692082e-01 3.803766906552276672e-01 3.829545343099710064e-01
5.556000000000000000e+03 6.278381454926854621e-01 3.504814657324575311e-01 5.553904358443937372e-01 5.703434436071508351e-01 5.473697378530958391e-01 7.421718419309505377e-01 7.244596379541401454e-01 3.995548438265869584e-01 2.427056417937065169e-01 1.814533590462526491e-01
5.557000000000000000e+03 4.192816294444912106e-01 5.944762222213907377e-01 6.039510865297160747e-01 5.668317422599554734e-01 7.463265468512259027e-01 7.843765794078056963e-01 6.210809554521885545e-01 2.844758323771381936e-01 1.869166492568719029e-01 2.161899485115078012e-01
5.558000000000000000e+03 5.962079838305270885e-01 5.996483261509250040e-01 5.586735619752440929e-01 7.003616035986713895e-01 7.323900036861507035e-01 6.163477554923335600e-01 4.254902099638457336e-01 1.656607756934589393e-01 1.987907335109655171e-01 2.657132754888689719e-01
5.559000000000000000e+03 6.173947977667596509e-01 5.815586092862568002e-01 6.917904457960920572e-01 7.165788195411848527e-01 5.958605615732249783e-01 4.352938533058703374e-01 3.045003739405219290e-01 2.047421317734007262e-01 2.721176449277452059e-01 2.892580239220975402e-01
5.560000000000000000e+03 5.784106777578993386e-01 6.649635474090748177e-01 6.713546365166395136e-01 5.484728078741184509e-01 3.717694609401426264e-01 2.612233641030604070e-01 3.139785168699741336e-01 2.763057637970511848e-01 2.767602677580702220e-01 4.853012273540626698e-01
5.561000000000000000e+03 6.477847867024721928e-01 6.466071958831161037e-01 5.324771974298800892e-01 3.382938627398304199e-01 1.964419462324931420e-01 2.695528034307018705e-01 4.018580055619977998e-01 2.814055866384189142e-01 5.023875329865061801e-01 4.602890744169502724e-01
5.588000000000000000e+03 5.696151629719042875e-01 6.680808653266352426e-01 6.968015205616604479e-01 5.858020951195981318e-01 6.389062049734932636e-01 3.576980388336861161e-01 3.691827460484722878e-01 2.563800067052280363e-01 2.927713562031406536e-01 2.630655301847245053e-01
5.795000000000000000e+03 6.175397841030063617e-01 6.804130281977536221e-01 5.931969371495441345e-01 5.425375345232018587e-01 4.825511341146578315e-01 4.149405874258069726e-01 4.815164854645929138e-01 3.542497365748951133e-01 2.393484030076990787e-01 2.729437811060679842e-01
5.798000000000000000e+03 6.261613021665899392e-01 5.693446446690931806e-01 4.767141575955775035e-01 5.137644730539392413e-01 5.801063960232394345e-01 4.744135334769393753e-01 5.346839450369728075e-01 2.968732821162794466e-01 2.732076244410319155e-01 3.374315063478531829e-01
5.799000000000000000e+03 5.916330153416158311e-01 5.126993923171958567e-01 5.387149073793702225e-01 5.743958536874532728e-01 4.538748722351420017e-01 5.535660551498369220e-01 4.692379193616744160e-01 3.095633986008222149e-01 3.551977748024893744e-01 3.153760451591126057e-01
5.800000000000000000e+03 5.353992093442623279e-01 5.549147151037182590e-01 5.766851617117968454e-01 4.424845336176514987e-01 5.176702407465385569e-01 4.673477994606335395e-01 4.711271004836252163e-01 4.138803258366288151e-01 3.216301555674483392e-01 3.486301433436174158e-01
5.802000000000000000e+03 5.920064894833271252e-01 4.891534864480758249e-01 5.088677584034372314e-01 4.114552108720689882e-01 4.226110862062754103e-01 6.001201030534313308e-01 5.324525434961473458e-01 4.126424662440675850e-01 3.437549048746392222e-01 3.381043433913774043e-01
5.803000000000000000e+03 5.202078902633253676e-01 5.355216471020867175e-01 4.499338367761212543e-01 4.214986451865825323e-01 5.729602799954226500e-01 5.446452001031107937e-01 6.086921931299303923e-01 4.042537624202364177e-01 3.525715924557782932e-01 3.129611565615312285e-01
5.857000000000000000e+03 4.222695543019777675e-01 4.773348466473867902e-01 4.393814113831350787e-01 2.483183336857958667e-01 4.352865927829019932e-01 7.772998508289916675e-01 7.525761836362082624e-01 5.310217439024452757e-01 4.395812902231529540e-01 2.619441779939191139e-01
5.858000000000000000e+03 4.957668657776399534e-01 4.602123501271432326e-01 2.961700104206052564e-01 4.084365121787935093e-01 7.226550198235369704e-01 7.559974789361455505e-01 7.321966419013630212e-01 5.192578777428396020e-01 2.503710581917030775e-01 2.790673485136242471e-01
5.859000000000000000e+03 4.927529960757388028e-01 3.537348124826064089e-01 4.432948241025995162e-01 6.960102009252682187e-01 7.230659395169365400e-01 7.556248074575651064e-01 7.374605519500074813e-01 2.686103056415964363e-01 2.812820854467880105e-01 2.538256778666402314e-01
5.860000000000000000e+03 3.947738154801225807e-01 4.676427632752225838e-01 6.673552417229638989e-01 6.824012870519545748e-01 7.076794127242641563e-01 7.462848995575276367e-01 4.091696449428863236e-01 3.013184550175684873e-01 2.443654636508947320e-01 3.119574586692054896e-01
5.861000000000000000e+03 4.819968437645498760e-01 6.442846388579442918e-01 6.431346295884172726e-01 6.520992820642805832e-01 6.812112461264803187e-01 3.740519664335014149e-01 4.346436086420042422e-01 2.370121419205914737e-01 3.028112472168618119e-01 2.984040624650080020e-01
5.924000000000000000e+03 3.752649601000995760e-01 3.296986903915069544e-01 2.893251993545788991e-01 1.845361233803716194e-01 4.363440102527341713e-01 5.330980274250113338e-01 7.656590192675881701e-01 5.883861805601033890e-01 5.092088655608093539e-01 5.366956469616133152e-01
5.925000000000000000e+03 3.476723509944796842e-01 3.070211610206194930e-01 2.111648172354118891e-01 3.685865713930419618e-01 4.351961223338107754e-01 7.252995494780130059e-01 7.625585206831051455e-01 5.839903350575598173e-01 5.444680178944921733e-01 4.201268711177031934e-01
5.926000000000000000e+03 3.297919079328024416e-01 2.432485420483249672e-01 3.629903300541704181e-01 3.696786215765579531e-01 6.285863178818072994e-01 7.243232758759863277e-01 7.592581832010875109e-01 6.352161046404740663e-01 4.112341732718051146e-01 3.872674758091609326e-01
5.927000000000000000e+03 2.627999350499085618e-01 3.540238833585482858e-01 3.447863323461023977e-01 5.253983520708570554e-01 6.020500042791107065e-01 6.950499494194956052e-01 7.993688154085547559e-01 4.294607347409356013e-01 3.599721468326987361e-01 4.759554867078745755e-01
5.928000000000000000e+03 3.538691798515763431e-01 3.363304900883674065e-01 4.684873705352297080e-01 4.970565796227022215e-01 5.689468601185279084e-01 7.341653877218117241e-01 5.388280550727253537e-01 3.546915555592869418e-01 4.599712016235564804e-01 4.359737019099492739e-01
5.972000000000000000e+03 5.129449040613708322e-01 5.078620265484206087e-01 5.185367945810844814e-01 5.160677548257761593e-01 6.040665669413846084e-01 5.688747877754096738e-01 4.883923785546013807e-01 3.137007049288162430e-01 3.157685978656317172e-01 3.729381422586067751e-01
5.973000000000000000e+03 5.222560935242808178e-01 5.272773536112842496e-01 5.161109294520921376e-01 5.666857197108381428e-01 5.161514721761679692e-01 4.713641979919265812e-01 4.608869078245883544e-01 3.459892220031201560e-01 3.794668801222821353e-01 3.506391659181102294e-01
5.975000000000000000e+03 5.369899868235741280e-01 5.599454691492687930e-01 4.906523314373946176e-01 3.944685956035443031e-01 3.893255741782419843e-01 4.854880880264795806e-01 6.138368801232489957e-01 3.993678050837927151e-01 3.521256932258160499e-01 3.813829978289069444e-01
5.976000000000000000e+03 5.672112187736004785e-01 5.050332586589239003e-01 4.179587272496964601e-01 3.684347890680222393e-01 4.347253445792540472e-01 6.088648868934617431e-01 5.699010234595469626e-01 3.984190040299429580e-01 3.901454661960876424e-01 3.639713090525810157e-01
5.977000000000000000e+03 5.223209432304438682e-01 4.459778929223631727e-01 3.988072760991116517e-01 4.133172071539653047e-01 5.605940513341929332e-01 5.641536630095916882e-01 5.713410426898978267e-01 4.540320794171807117e-01 3.714891525001416395e-01 3.779606847809590664e-01
5.983000000000000000e+03 4.822080825675201243e-01 5.053333931425897374e-01 4.619246337664011937e-01 4.741478753935891022e-01 7.373700332596470064e-01 6.012082061595304117e-01 5.318681152202882068e-01 3.412416040711112597e-01 3.067312835305194274e-01 3.493967595633471479e-01
5.984000000000000000e+03 5.222429129658948677e-01 4.823981088686499219e-01 4.848253503105605100e-01 6.944632329912674429e-01 5.523405660108494653e-01 5.223613393463560906e-01 4.990544126918024515e-01 3.361674228130425157e-01 3.542960748107234492e-01 3.084576098230202845e-01
5.985000000000000000e+03 5.084719021295535102e-01 5.082325416420626629e-01 6.731471342766124355e-01 5.319878802669329998e-01 4.841375257978609015e-01 4.972685194278407272e-01 5.023210899057611867e-01 4.108421326924384664e-01 3.123671718980807754e-01 2.995791763456108203e-01
5.992000000000000000e+03 5.938933356942805997e-01 5.320373544141089317e-01 4.982137847841851541e-01 4.664652020448331604e-01 5.414058871002225271e-01 6.118813749834000060e-01 4.484237052110328081e-01 3.496751462983167524e-01 3.257621112778414929e-01 3.213969206381652732e-01
5.993000000000000000e+03 5.548726873758121902e-01 5.246461712470477101e-01 4.926871666072593636e-01 5.294005300696930094e-01 5.816508105044028154e-01 4.505142392253208006e-01 5.267892503023596795e-01 3.766492449223918793e-01 3.316133452078849353e-01 3.270156086299013110e-01
5.994000000000000000e+03 5.479820730206389490e-01 5.192650286629815204e-01 5.433423867965746501e-01 5.658121262851428801e-01 4.193572094395959238e-01 5.342872340384847707e-01 5.595797769772109520e-01 3.840307193320158796e-01 3.375107542985159026e-01 2.987140275670671086e-01
5.995000000000000000e+03 5.439591596759122405e-01 5.623573133184138761e-01 5.739208836618843179e-01 4.154749405118989269e-01 5.039840193586704320e-01 5.708166190063397316e-01 5.697613644059101867e-01 3.930682876683199711e-01 3.052284960061056318e-01 2.888341703140989702e-01
6.020000000000000000e+03 3.609259644447375126e-01 3.434157390920655195e-01 3.053755506571207423e-01 4.521026035113519526e-01 7.664571366383527984e-01 8.912024251906436323e-01 8.250595501298375600e-01 4.672486985848811059e-01 2.955490099895643485e-01 3.160287238607161209e-01
6.076000000000000000e+03 7.503978671945519263e-01 6.516768587504722099e-01 5.669604159450339909e-01 5.370990822484295046e-01 3.784165906400670520e-01 4.691531837837198404e-01 4.469607471251301201e-01 2.822714433327102590e-01 2.604057609370657445e-01 2.651678556555636113e-01
6.077000000000000000e+03 6.776574112985483955e-01 6.074951599297560012e-01 5.805845663667573708e-01 4.137388796070314845e-01 4.781867756734191066e-01 4.879857166770841803e-01 4.781585610286452348e-01 3.132291502810413131e-01 2.868210387788852622e-01 2.994389212256092780e-01
6.078000000000000000e+03 6.373031045626129654e-01 6.155811802572959124e-01 4.753002175135562224e-01 5.021098396072660730e-01 4.918293917352268285e-01 5.166753634894984959e-01 5.123257018241920147e-01 3.467183966925052041e-01 3.239139182289152985e-01 2.589598353843496348e-01
6.079000000000000000e+03 6.364388022743563411e-01 5.180978424336315502e-01 5.370494028062788860e-01 5.016821908950934716e-01 5.064148499855160024e-01 5.396453403979761809e-01 5.414146535470347743e-01 3.886838986566462650e-01 2.695558295948530247e-01 2.825585402115883826e-01
6.080000000000000000e+03 5.430838656462887437e-01 5.572157347498651880e-01 5.215505430006696086e-01 4.968080109312976167e-01 5.095428266306000209e-01 5.513354897506943519e-01 5.757984573069282463e-01 2.974533436625340088e-01 2.866148294626423843e-01 3.630218921057513648e-01
6.081000000000000000e+03 5.697648265844061921e-01 5.366331828485444433e-01 5.085073409423747082e-01 4.886718559715446664e-01 5.093488021428246304e-01 5.766922870913709920e-01 4.503264944328462804e-01 3.127965551052963589e-01 3.736167042569774610e-01 3.324181826928300221e-01
6.082000000000000000e+03 5.597667460365433056e-01 5.344602478636705234e-01 5.122910305146822774e-01 5.012500561390140774e-01 5.483717993149510583e-01 4.544220634370215728e-01 4.821811059047549919e-01 4.454657491194750629e-01 3.453578320678732383e-01 2.989530694682598910e-01
6.083000000000000000e+03 5.505124842821990105e-01 5.288720147144698736e-01 5.121368495158032941e-01 5.248247329031970887e-01 4.126481854646547598e-01 4.752868535869494981e-01 6.360521657805692231e-01 3.955106747549065327e-01 2.994230177172445551e-01 3.465928686794554348e-01
6.084000000000000000e+03 5.467082648250439769e-01 5.298336321616929911e-01 5.327363553212123293e-01 4.000080718519049561e-01 4.351635027775985765e-01 6.436664758705709088e-01 5.749480650890196332e-01 3.320798911717395829e-01 3.554845386159815601e-01 3.317594536491551005e-01
6.099000000000000000e+03 4.328203146139389390e-01 6.034093055295981500e-01 4.779371243588955154e-01 4.962085265599864847e-01 5.388780969235812401e-01 5.702280122309579813e-01 6.446310894803500835e-01 3.423154579753518445e-01 2.994182240730041134e-01 3.554004268516207654e-01
6.330000000000000000e+03 4.495101273061309910e-01 4.360819199643574673e-01 5.082928573479187362e-01 6.018956866899819458e-01 7.203882920579846028e-01 8.066648746957872929e-01 5.576925230289266899e-01 3.455089550522940089e-01 3.150981160604037212e-01 2.284199489805644190e-01
6.361000000000000000e+03 6.586899376584637311e-01 6.457354633175893532e-01 5.067665961208295267e-01 3.309857277609354886e-01 4.323423409259400385e-01 5.675979467441986115e-01 4.885947064167084353e-01 3.436964919270792396e-01 2.988533134003053537e-01 3.233088059993465269e-01
6.364000000000000000e+03 4.361472639311359534e-01 4.579845136395914729e-01 4.986211308228110650e-01 4.055288360606487119e-01 4.415880316627929791e-01 4.648714519099703679e-01 5.233377252939033220e-01 4.381303316999988762e-01 4.052612004042580596e-01 4.896979639172999166e-01
6.365000000000000000e+03 4.602968250059095712e-01 4.870501914429821722e-01 3.977424368390540255e-01 3.812701033815688589e-01 3.757685299996603723e-01 4.722729945335008561e-01 5.825740522977346236e-01 4.444482279552385839e-01 4.947768985631830763e-01 4.369495173144896105e-01
6.366000000000000000e+03 4.825620022458032565e-01 4.001901968091114981e-01 3.748023087726410352e-01 3.163290542662012261e-01 3.789874132809720741e-01 5.320420650024036968e-01 5.865996932096612104e-01 5.669595548864400092e-01 4.316768941425070394e-01 4.744266289661841496e-01
6.726000000000000000e+03 4.648944213700761940e-01 4.460247770915855003e-01 4.451869304245962278e-01 4.327781000100412445e-01 4.520265088753072646e-01 5.367823017345139114e-01 6.747603436198632565e-01 4.624553192417600322e-01 3.857754490565256655e-01 3.828248146988490475e-01
6.743000000000000000e+03 5.711429667949733391e-01 5.819288031637144254e-01 5.448666203817187359e-01 6.057377806209923721e-01 6.811734469410634096e-01 4.840748851623370430e-01 4.930944432205918715e-01 3.113745966575520163e-01 2.559271979532824481e-01 2.652965781357128350e-01
6.782000000000000000e+03 5.592336087220094454e-01 5.847369235751146421e-01 6.183775576091916637e-01 6.331541035046637234e-01 6.669334380845948207e-01 5.098630454229723385e-01 5.347526606417758455e-01 2.025249343001210567e-01 2.146950815630226106e-01 2.928902398983139754e-01
6.797000000000000000e+03 5.665276976911994833e-01 4.853038659853199377e-01 5.251320710530725799e-01 4.566662655209017263e-01 5.075501167619693721e-01 5.692270429967007939e-01 4.747194915059218534e-01 3.784672848640299736e-01 3.633124608343165640e-01 3.383577163863495385e-01
6.798000000000000000e+03 5.095059601400813154e-01 5.403092481065637775e-01 4.764562767403920374e-01 4.878000883507958574e-01 5.282576040652207094e-01 4.682663095884617710e-01 5.529645922319793572e-01 4.215820806938969656e-01 3.456106740126076993e-01 3.479650561256939501e-01
