3.760000000000000000e+02 4.081883552660476311e-01 4.725081530319465428e-01 6.017758351651365523e-01 4.376501476515964328e-01 4.188161865157807306e-01 2.797582096409162444e-01 3.366358507036388281e-01 3.606212866961195918e-01 4.265963446130674463e-01 5.643941509562196979e-01
3.770000000000000000e+02 4.600785932922467625e-01 6.487036316115286638e-01 5.430380848704682295e-01 4.585769354694240185e-01 4.120256674199996305e-01 3.015209834441875403e-01 3.375580479159773217e-01 3.879797945041030260e-01 4.343027780357658352e-01 3.997022226797289357e-01
3.780000000000000000e+02 6.286935773038713204e-01 5.832639784368337521e-01 5.720439440540627807e-01 4.504537348240524319e-01 4.283764017701259808e-01 3.013901485990599372e-01 3.636627952003748110e-01 3.940708320905406681e-01 2.220495675244864575e-01 4.413555343754195226e-01
3.790000000000000000e+02 5.594458716933855547e-01 6.085184793196038999e-01 5.544508420383985614e-01 4.637893517429896306e-01 4.244832022176044939e-01 3.237239662586237077e-01 3.650852202767380095e-01 1.925803350226765742e-01 2.704868897344940848e-01 5.858925300667259251e-01
3.800000000000000000e+02 5.575641096182900602e-01 5.621865271119048657e-01 5.487849253464688326e-01 4.424180887609797108e-01 4.258630175617969527e-01 3.046111013591345507e-01 1.457224288338419549e-01 2.177966832420310805e-01 4.341204567649559753e-01 6.926247763690225323e-01
3.810000000000000000e+02 4.942105201595118902e-01 5.365609769349513059e-01 5.000125722164651121e-01 4.315229556078357120e-01 3.991349370361078619e-01 6.259097081281402020e-02 1.567120233783575456e-01 3.549695442975862036e-01 5.550160288662224772e-01 8.000283348441454834e-01
3.900000000000000000e+02 5.184218755936519374e-01 4.808899593439185938e-01 5.254125914250971086e-01 4.529036581876565992e-01 4.132829464950645293e-01 2.071726031405565771e-01 3.257575854031125595e-01 3.315943112092127887e-01 4.628017960984039947e-01 5.954318096431500118e-01
7.290000000000000000e+02 5.145246756299687307e-01 4.485176178838941041e-01 4.309874880967931587e-01 3.901930717761434297e-01 3.233755072767445782e-01 2.407710277759243234e-01 2.975312528189676398e-01 4.081776530352781429e-01 6.352405786481337691e-01 6.340823598752625134e-01
8.990000000000000000e+02 4.485062753480547060e-01 5.012440433277826068e-01 4.945551472667145676e-01 4.210497331251024655e-01 4.079063310982723456e-01 2.900695285229400455e-01 3.346141303551545265e-01 3.757246430527215741e-01 4.474868968825474469e-01 5.848689753754288123e-01
9.010000000000000000e+02 4.628117345806786465e-01 5.018549320272681635e-01 5.044652179821118576e-01 4.240219776883129010e-01 3.936393687271522723e-01 2.750894690171207801e-01 3.425005970327302252e-01 3.776778540528226147e-01 4.512139342529895569e-01 5.814489901591500809e-01
9.020000000000000000e+02 4.624199837297652826e-01 5.156850446069595195e-01 4.984815563379716985e-01 4.147173521475248092e-01 3.921764717602955752e-01 2.871339739418848347e-01 3.347638730488327052e-01 3.908911964855421028e-01 4.346784466392822899e-01 5.862625240227640200e-01
1.108000000000000000e+03 5.127610512814874122e-01 5.175549386082781700e-01 5.058100699487532159e-01 4.339335320708197496e-01 3.826270157599739874e-01 2.642112313247795830e-01 3.127695763720670374e-01 3.774241925129818154e-01 4.523597581955549618e-01 5.737448419625691409e-01
1.109000000000000000e+03 4.818086078856442800e-01 5.215765685751130309e-01 5.168957562086614610e-01 4.058517762238217363e-01 3.862359773440830479e-01 2.596301487655375273e-01 3.377485307985479968e-01 3.952224672915649051e-01 4.283417208420011169e-01 5.937626682503335251e-01
1.110000000000000000e+03 4.787093785716654004e-01 5.263939495302772942e-01 4.696150635857554989e-01 4.050890084082583442e-01 3.782912774414530777e-01 2.800709768137220057e-01 3.500919564564238251e-01 3.676364463231499569e-01 4.481975749203069848e-01 6.142781654051381324e-01
1.111000000000000000e+03 4.794767702412956467e-01 4.709690695212371270e-01 4.648270800511928869e-01 3.941247912372748963e-01 3.920216460893932720e-01 2.898283780538358223e-01 3.198302216418983379e-01 3.830583635479939408e-01 4.712387395114138178e-01 6.347724895566417835e-01
1.112000000000000000e+03 4.288165104834389396e-01 4.685699408215581729e-01 4.515489120890142094e-01 4.104571728456578583e-01 4.014088422964633418e-01 2.605670905687549888e-01 3.371618978800602351e-01 4.064710865859779698e-01 4.997078260257836191e-01 6.195071817051172047e-01
1.113000000000000000e+03 4.249652635313541094e-01 4.525323937916058137e-01 4.737006946759573789e-01 4.193852871166975915e-01 3.773524413131087440e-01 2.773326040720431318e-01 3.591789415776541206e-01 4.316430192015446310e-01 4.788944650405069225e-01 5.957511565187446623e-01
1.116000000000000000e+03 4.591758217664106967e-01 4.639810804612844453e-01 4.823737956978043639e-01 4.355718978206012948e-01 4.371188192748355350e-01 3.164725514266710782e-01 3.469939347202268265e-01 3.808352401215451266e-01 4.048592450943442334e-01 5.616434607960903991e-01
1.117000000000000000e+03 4.309561779444422425e-01 4.968744404671658343e-01 5.200009620185546133e-01 4.641344086088259324e-01 4.279894820087453700e-01 2.957651613955436520e-01 3.417125344123598807e-01 3.518017069292885268e-01 4.134843706590684564e-01 5.546380318750064875e-01
1.269000000000000000e+03 4.775738229606675822e-01 4.215147301004866787e-01 5.197830665427294328e-01 4.130404712049372540e-01 3.998156073939319044e-01 3.317511827574055605e-01 4.112324962493089098e-01 3.592864657923665606e-01 4.096742455776021252e-01 5.588867966769363038e-01
1.272000000000000000e+03 4.692199714665212240e-01 5.218699009262983690e-01 5.671052617490982550e-01 4.938329453282714332e-01 3.906049390296160717e-01 2.660271466271685870e-01 3.186077532521754963e-01 3.380547553965642105e-01 4.115956606492715553e-01 5.492891330853428844e-01
1.380000000000000000e+03 5.786665933036235776e-01 6.004799982532544878e-01 5.157012764478482447e-01 4.417785682837123140e-01 4.304622644651902585e-01 2.483903032906774888e-01 2.872752997673397313e-01 3.134686259357014615e-01 4.056477924633482557e-01 5.405335038267335968e-01
1.381000000000000000e+03 5.783569980414654532e-01 5.495438876031121245e-01 5.440774143734858903e-01 4.675210129047737140e-01 3.840089997332864491e-01 2.461481396890600748e-01 2.868530663167987993e-01 3.645927807401854182e-01 3.994565164378975353e-01 5.401719809495383329e-01
1.382000000000000000e+03 5.259878252534667675e-01 5.770876310885972860e-01 5.782783793122571181e-01 4.160889552768737842e-01 3.802332609129354668e-01 2.431760274432807623e-01 3.351315167446702326e-01 3.563840154100156310e-01 3.963340733166250685e-01 5.587441069964874663e-01
1.771000000000000000e+03 3.340367636783390104e-01 3.493440162847785690e-01 3.734141027959025361e-01 3.407416224749101885e-01 3.526194132162328021e-01 2.328471255678050966e-01 4.118556658442076857e-01 4.829717019710753623e-01 5.974567736739651025e-01 7.452313148827043321e-01
1.773000000000000000e+03 3.087163834876792134e-01 3.472475233644914949e-01 3.936445105274998246e-01 3.581267848851519831e-01 4.397411971550526655e-01 3.635458460991728424e-01 4.590143743156800960e-01 5.463563202476520164e-01 5.417364595942094629e-01 4.843487284151395955e-01
1.777000000000000000e+03 6.093048418264987998e-01 6.917011232364241868e-01 7.204695642286248480e-01 6.148949337884699329e-01 5.240378162962235908e-01 2.206057775354837436e-01 1.478663697367296748e-01 2.007083823524515587e-01 2.154583413203150222e-01 4.435018324727032502e-01
2.006000000000000000e+03 6.412022401206978195e-01 6.162101261881079983e-01 5.063316665493700075e-01 4.326514465757052563e-01 4.397150396847978038e-01 1.757044104014217345e-01 2.388245482362282013e-01 2.564169630450146009e-01 4.034327482396370401e-01 6.467193143609244466e-01
2.032000000000000000e+03 5.734316773322749583e-01 6.166952149974209707e-01 5.476018855561093357e-01 3.536774262755433829e-01 3.551167880264289312e-01 1.911624250709578754e-01 4.146679601663632031e-01 3.193057121233986440e-01 4.869917211964851500e-01 5.468457746873560676e-01
2.033000000000000000e+03 5.825516601614275647e-01 5.724482795480849706e-01 4.056585518172415306e-01 3.800881068931519779e-01 3.317454835460353912e-01 3.695271448616762044e-01 2.840610300084865925e-01 4.312960135535853778e-01 3.981801713320436420e-01 6.028580816667947762e-01
2.243000000000000000e+03 3.159720245512231407e-01 5.432704661909995014e-01 5.609028928020314275e-01 4.560366728434447348e-01 4.272507949371963099e-01 3.473410466391705365e-01 4.460943527433807732e-01 3.634521007611040688e-01 4.144479151601702660e-01 4.393250139035784763e-01
2.244000000000000000e+03 5.115197907847478520e-01 5.866515010386335049e-01 5.535993628365990515e-01 4.564200128826937375e-01 4.549688659100211696e-01 4.019545612183249572e-01 3.276325208652108856e-01 3.638629055230101494e-01 2.602794029154391064e-01 4.378178668371103810e-01
2.319000000000000000e+03 3.863347095648159701e-01 5.033013333292010172e-01 4.156317897216452728e-01 3.303559309439206837e-01 3.568826354688932057e-01 2.937304190251606717e-01 3.485587436997731325e-01 5.349788952169838296e-01 4.919009345663954424e-01 6.352319937681157880e-01
2.423000000000000000e+03 4.235803166584969914e-01 5.461703207742354405e-01 4.904190207790391498e-01 3.839678451013630589e-01 3.185035526979604348e-01 1.750155932649435364e-01 2.715017437847680459e-01 3.239973326204734216e-01 3.154012118898757988e-01 1.000000000000000000e+00
2.424000000000000000e+03 4.808975832594261646e-01 4.753485223272087001e-01 4.175714149596211344e-01 3.192899061464152810e-01 2.982766145030419924e-01 1.945314211817281702e-01 2.633301093515937885e-01 2.467833029774448572e-01 9.494890510412947737e-01 7.014347522462016649e-01
2.425000000000000000e+03 4.046982954331314053e-01 3.878688646111199123e-01 3.164846633543025312e-01 2.925952343229891173e-01 3.086529836873732613e-01 1.797165469191636666e-01 1.808608250154774832e-01 8.266620658690825296e-01 5.612253966531297600e-01 7.856048008814512373e-01
2.509000000000000000e+03 3.249145140221620376e-01 3.308718330995721324e-01 4.569705932563394302e-01 3.915376001576185705e-01 3.581832600831041935e-01 2.528530413813216970e-01 3.010306185418289981e-01 3.556591677471244717e-01 6.035844011325888214e-01 8.310165626954643114e-01
2.510000000000000000e+03 2.426641927007207877e-01 4.063677200819852953e-01 3.984927747418853250e-01 3.405662983222456641e-01 3.400565010009943268e-01 2.003511341478488861e-01 2.707529749431763499e-01 4.887784933395238895e-01 7.068209658491443337e-01 8.214655318681532981e-01
2.511000000000000000e+03 3.242808230269055292e-01 3.525120308524228863e-01 3.337531094366171236e-01 3.274718413792780392e-01 3.044592090612284196e-01 1.762731298103343835e-01 4.092364051614963416e-01 5.912639193273599991e-01 7.024633292847293209e-01 7.147097294081758978e-01
2.512000000000000000e+03 2.894945078600786870e-01 2.998620785631956331e-01 3.310284582104058848e-01 3.010205707921854712e-01 2.960498734837350709e-01 3.331079979108295674e-01 5.236897873288827165e-01 6.006196322685829481e-01 5.805999000080364070e-01 6.677330964304533101e-01
2.514000000000000000e+03 2.179946940636824371e-01 2.367232886578396478e-01 2.627607547242596930e-01 4.107702799293557194e-01 5.015097212730958987e-01 4.465823518551720328e-01 4.075253442447435703e-01 4.184007369181518277e-01 6.118001774198238429e-01 6.136525975304311098e-01
2.515000000000000000e+03 1.835674594648396551e-01 2.283919518524223646e-01 4.565369154054941814e-01 5.131252423434163878e-01 5.125090601112060051e-01 3.356806449826173488e-01 3.569181825380916551e-01 5.210693368885682686e-01 4.560719878455585241e-01 5.672046399944434825e-01
2.516000000000000000e+03 1.797282660102941798e-01 4.432238967010483366e-01 6.084857797667601043e-01 5.276017774344800015e-01 4.277427630500441613e-01 2.865966054505262872e-01 4.617512551682519395e-01 3.803235997267537249e-01 4.002334427013047868e-01 5.202072934365685741e-01
2.518000000000000000e+03 5.926879673406181270e-01 6.804748810868477271e-01 5.448834579306711667e-01 4.280102165518268609e-01 5.043721614427949529e-01 2.880526796726821104e-01 3.070511776485843058e-01 3.090002576166049342e-01 3.297548889949944995e-01 4.122810668521798005e-01
2.689000000000000000e+03 5.111347999520431395e-01 6.007627589266993917e-01 4.254713094868100010e-01 3.702061912039806280e-01 4.054561537504769997e-01 1.935349706813361270e-01 2.734117385472573658e-01 3.478463010628920493e-01 4.840584930790894358e-01 7.078141043035456326e-01
2.690000000000000000e+03 5.491143641232354433e-01 4.209576554922384584e-01 4.125247272641845431e-01 4.216159961551090851e-01 3.225217667503447738e-01 2.087516617744667458e-01 2.987509528015033222e-01 4.147563281377347755e-01 5.892531976014250272e-01 6.670878760210986469e-01
2.691000000000000000e+03 3.790559509824132922e-01 4.100344143677369102e-01 4.897780883473043523e-01 3.357581781381864250e-01 3.364166410926588413e-01 2.374319060166753814e-01 3.673360343323756050e-01 5.144999888628227769e-01 5.397100777571435248e-01 6.738794662993994322e-01
2.694000000000000000e+03 2.745609243838912916e-01 3.355153406198420063e-01 3.785719853060507956e-01 4.040494236961272856e-01 4.676255380030664988e-01 3.280027238709510296e-01 3.939957304148815065e-01 5.678160570801307205e-01 4.911755336690077356e-01 5.558828039007558397e-01
2.695000000000000000e+03 2.882771069372757067e-01 3.642593286120731078e-01 4.561747051700077438e-01 4.837857539306951726e-01 4.251622897940564583e-01 3.294306676963092984e-01 5.123013008286815273e-01 4.170732835035135810e-01 3.903503612493346431e-01 5.465587692776281425e-01
2.858000000000000000e+03 1.974473805365882795e-01 2.823963902339183263e-01 3.740948741322729920e-01 2.737123729605601685e-01 4.283047538879313221e-01 3.307476621985434573e-01 4.727590008129705090e-01 4.620412299313054749e-01 6.313166918587246323e-01 7.208861577601640702e-01
2.859000000000000000e+03 1.929181908612594143e-01 3.131894614249705056e-01 2.255732232592735642e-01 4.124477214168078554e-01 3.992834985816367532e-01 3.753032355004923271e-01 3.732665257984530971e-01 5.118211084097399333e-01 5.636581556294788520e-01 7.584447310485695759e-01
2.866000000000000000e+03 0.000000000000000000e+00 0.000000000000000000e+00 1.381322345837118493e-01 4.872535031522390869e-01 5.066989651334209421e-01 5.334849655654320122e-01 4.778771461973961299e-01 5.344391190901659483e-01 6.876923757951758365e-01 6.177292008607955243e-01
3.155000000000000000e+03 3.804160673451857377e-01 7.004617602407094967e-01 6.937834418749848631e-01 5.139188138634871450e-01 2.849347807860581616e-01 2.014444286647578408e-01 3.112463290994701426e-01 4.042790092831999860e-01 4.622196516976876945e-01 4.635814981409954738e-01
3.156000000000000000e+03 6.277882970581299960e-01 6.946441152047252432e-01 6.038728798837874612e-01 2.828097647149867000e-01 3.182020303938595807e-01 2.345583897835687992e-01 3.416316923385303572e-01 3.814202506903646706e-01 2.629104818037431568e-01 6.821231261277532765e-01
3.157000000000000000e+03 6.294661763503355267e-01 6.045318878323637790e-01 2.768258675579277073e-01 3.227084056529253564e-01 3.487546335763201388e-01 2.717034597718037681e-01 3.244768171232998988e-01 2.025624375461851367e-01 5.481163069891241690e-01 8.000341121235319264e-01
3.158000000000000000e+03 5.431762471112173696e-01 2.496507198225194624e-01 3.348592827388010007e-01 3.553140438789066935e-01 3.782942543165970228e-01 2.542356331941078018e-01 1.477713294978693914e-01 4.667045265366698281e-01 6.991655726132193216e-01 7.987981666489197830e-01
3.159000000000000000e+03 1.962486537223910310e-01 3.069479031006795977e-01 3.766680749169009634e-01 3.829002317850435100e-01 3.610425758820396402e-01 6.672545135788288118e-02 4.048975474693661813e-01 6.020565182185375619e-01 6.928495855499794409e-01 7.756447284127292452e-01
3.160000000000000000e+03 2.377354609162857513e-01 3.381510309906389788e-01 4.034053826849695601e-01 3.555830169832904786e-01 2.048036200999361622e-01 3.222247141470141463e-01 5.281246235679523116e-01 5.854303386418581168e-01 6.516295712686441810e-01 6.321054040152933595e-01
3.161000000000000000e+03 2.654152648004759474e-01 3.647612826491889448e-01 3.617751886011512652e-01 1.888921155039951782e-01 4.045749371407517669e-01 4.479307026656830781e-01 5.098940699192807680e-01 5.455347965893350137e-01 4.664594589741245523e-01 6.724178713643730321e-01
3.162000000000000000e+03 3.006606144509786915e-01 3.296491090522469802e-01 1.303442455614500783e-01 4.065223275202787256e-01 5.097263417551979314e-01 4.368769330641196769e-01 4.779939448775438193e-01 3.819881707162129936e-01 5.260691835735760158e-01 6.333324332494201236e-01
3.163000000000000000e+03 2.651336575716767285e-01 7.661204715927599773e-02 4.428824639039548039e-01 5.165550968214098759e-01 4.998854811302497758e-01 4.024049232049541902e-01 3.149050719018265387e-01 4.357039926043362876e-01 4.746577263251173240e-01 6.665265357118455025e-01
3.164000000000000000e+03 2.342631490459345933e-02 4.174400658248024198e-01 6.032393238720699102e-01 5.071800953117586719e-01 4.737004406894312347e-01 2.347241092857433598e-01 3.691993926217516653e-01 3.893787731607327718e-01 5.183412754602761963e-01 6.345722155090003369e-01
3.331000000000000000e+03 4.343442761763119941e-01 5.009214702214751513e-01 5.135409997878916943e-01 3.693867807982681439e-01 3.484847439828547278e-01 1.542567697691016870e-01 3.110042467096125196e-01 3.705668033790096016e-01 6.000371016129804058e-01 7.104033816822268310e-01
3.332000000000000000e+03 4.335431550235998577e-01 4.964648323431292698e-01 3.928620883698196176e-01 3.484968605378355733e-01 2.795489943233595009e-01 2.324424002481465523e-01 3.064851228581214615e-01 5.070074531195316592e-01 5.762541547261194053e-01 7.307379783304387422e-01
3.333000000000000000e+03 4.200709694124477589e-01 3.559729101599319323e-01 3.539846580002267706e-01 2.695803004576891038e-01 3.354685542498705431e-01 2.205362093607790286e-01 4.343677413462269099e-01 4.778983175646825954e-01 5.945085652038566426e-01 7.837244147914876891e-01
3.334000000000000000e+03 3.034552531226445415e-01 3.328614739394129551e-01 2.575227135196672124e-01 3.408577888755909835e-01 3.375748700972414640e-01 3.676725464423040157e-01 4.198035436018121014e-01 5.091585103142338697e-01 6.778144624928919004e-01 6.670486277857977653e-01
3.335000000000000000e+03 2.726309924847005184e-01 2.192022797115827371e-01 3.522986609221996357e-01 3.373953944456045684e-01 4.481563419221740174e-01 3.456807044546581498e-01 4.440689905086015465e-01 5.794357475298764770e-01 5.214353705862836419e-01 6.423515234548278219e-01
3.336000000000000000e+03 1.537071971551635108e-01 3.120033264279020724e-01 3.380005628421117181e-01 4.478756235740858349e-01 4.246782743097379242e-01 3.630029475775300440e-01 5.059866131186198102e-01 4.272821308203521018e-01 4.817097402289727825e-01 6.797089716963063966e-01
3.337000000000000000e+03 2.525275000183070939e-01 3.065268964353927705e-01 5.068074799738001568e-01 4.295177967331701430e-01 4.444451130210670398e-01 4.349215154899022662e-01 3.630515687430626581e-01 3.980959329142261249e-01 5.375665036743730862e-01 5.459973264399127224e-01
3.431000000000000000e+03 3.587030125472175368e-01 4.489527039711028178e-01 4.224490435003034894e-01 3.455034462725746769e-01 3.964563884826448059e-01 3.584017029057779968e-01 3.866520277943959472e-01 4.596166970593174583e-01 4.488552628053700255e-01 6.380941478303762127e-01
3.708000000000000000e+03 7.904495577976984322e-01 1.000000000000000000e+00 6.066139609603292682e-01 4.577112866397101132e-01 3.836382539652875012e-01 1.852409456282833877e-01 3.126568482641476354e-01 9.442439189460827276e-02 1.406487839994716715e-01 5.482646600319533992e-01
3.778000000000000000e+03 3.080478917578386988e-01 3.833477186179228280e-01 2.935041000385648635e-01 3.340981079103806928e-01 3.277436780774411473e-01 2.741413886239504882e-01 3.877402288199470748e-01 4.500665653140267231e-01 6.521641583547659327e-01 7.990172802983438460e-01
3.779000000000000000e+03 3.035241492395764906e-01 2.400614023498116034e-01 3.257089627716705516e-01 3.153509159871353829e-01 3.633838331274636957e-01 2.983852178054622883e-01 3.720354872858459561e-01 5.418566764185602791e-01 6.749730969839337069e-01 7.489377548543315610e-01
3.780000000000000000e+03 1.779354880960452578e-01 2.875225771323466351e-01 3.102057618668382366e-01 3.610437839458472964e-01 3.900826621507718084e-01 2.917959879045977645e-01 4.721229358346746285e-01 5.724623175636400774e-01 6.213592180316540592e-01 6.748230108457020648e-01
3.959000000000000000e+03 3.324624800886597509e-01 3.595410922974211498e-01 4.419570080623277386e-01 3.580425556764267880e-01 3.944115043992220127e-01 2.369156170392162919e-01 4.353185521365283139e-01 4.547703693843206940e-01 5.291443455514786010e-01 6.869416310961548033e-01
3.960000000000000000e+03 3.259502759909350122e-01 4.483327830524325153e-01 4.036037741188532868e-01 4.159421100524087755e-01 3.624186533819043210e-01 3.839534009707816775e-01 4.116223138785969349e-01 4.635463406347644644e-01 5.701986850677259744e-01 4.983946565103232751e-01
3.961000000000000000e+03 3.858005703654185381e-01 3.800273569194180245e-01 4.627923977208545647e-01 3.650962437715474795e-01 4.623400685009252387e-01 3.389151622303354094e-01 4.006050060043213068e-01 4.816126177258983621e-01 3.077602810483354712e-01 6.443142358918785284e-01
3.962000000000000000e+03 3.361299881838357151e-01 4.610193994293876329e-01 4.046692248877811204e-01 4.815483447899053804e-01 4.369329473165053379e-01 3.402924492680957091e-01 4.308418862308803776e-01 2.511886627527715743e-01 5.076259588060523242e-01 5.889598173180459195e-01
3.963000000000000000e+03 4.105343879962736198e-01 3.941518950333361970e-01 5.696259928935299977e-01 4.522687620927398622e-01 4.357858971785614766e-01 3.688159384283243303e-01 1.999807477557839497e-01 4.334407808268923024e-01 4.338714697506362850e-01 5.776715094630346936e-01
3.964000000000000000e+03 3.584002232824923251e-01 5.862683129742413124e-01 5.390828073740723259e-01 4.592046826591695829e-01 4.660022699067014051e-01 1.390045997891375673e-01 3.898035569091529706e-01 3.746144667616284618e-01 4.296131257021285066e-01 5.540892851715463197e-01
3.970000000000000000e+03 6.965302447007338804e-01 6.646496790612215211e-01 6.367242834004628316e-01 4.954350791476647697e-01 2.612112264766985881e-01 1.891387847266848277e-01 2.632428786173798274e-01 2.930629090911172074e-01 4.126509418671063245e-01 5.464337701164067029e-01
3.971000000000000000e+03 6.296856169287603500e-01 6.703957145024916908e-01 6.117597587486821586e-01 2.810797941691015600e-01 3.307051725465536829e-01 2.129823594159456768e-01 2.587235480358914819e-01 3.630896483351688242e-01 3.983980473437180869e-01 6.772435081988390504e-01
3.973000000000000000e+03 6.081376675410954391e-01 3.045110906153548624e-01 4.072849597715440528e-01 3.741886367414587466e-01 3.452867155181475467e-01 2.797010047885778450e-01 3.143873413035238595e-01 5.044576614476474763e-01 5.584985737880524548e-01 6.046786997803476060e-01
4.266000000000000000e+03 1.000000000000000000e+00 4.658085095792173780e-01 4.385666962951189629e-01 0.000000000000000000e+00 0.000000000000000000e+00 8.468864701742701007e-02 5.273460469452698751e-01 8.336772381232508966e-01 1.000000000000000000e+00 3.111251758866038220e-01
4.267000000000000000e+03 5.532492092233114445e-01 5.741678693391468746e-01 0.000000000000000000e+00 7.695865679251856495e-02 3.188576841506400306e-01 5.798243324044735081e-01 8.859462541185041395e-01 1.000000000000000000e+00 1.899264704624983036e-01 2.040725680632341499e-01
4.268000000000000000e+03 5.930742626111873417e-01 2.784929889507407191e-02 5.227870255315208992e-02 3.751691254480896132e-01 6.715198474526858918e-01 9.013092739058286007e-01 1.000000000000000000e+00 1.944897146008781608e-01 0.000000000000000000e+00 2.915774089903235278e-01
4.269000000000000000e+03 4.128443183893053259e-02 6.062662459897678185e-02 4.625318035357165458e-01 7.340728636465292389e-01 9.105462090201064118e-01 1.000000000000000000e+00 1.805644602729605808e-01 0.000000000000000000e+00 9.304670095920512807e-02 4.579422627132562207e-01
4.270000000000000000e+03 8.962662243347031821e-02 5.257456359982857208e-01 1.000000000000000000e+00 1.000000000000000000e+00 1.000000000000000000e+00 1.608431056809475623e-01 0.000000000000000000e+00 9.919159095795324066e-02 3.205045641789347477e-01 0.000000000000000000e+00
4.643000000000000000e+03 3.874463027508927015e-01 5.159817580266496950e-01 7.489235557211332273e-01 5.374496711887896128e-01 5.612740109302268854e-01 2.772839669591673495e-01 2.793135951873206291e-01 3.515747312551352199e-01 2.007750060771445466e-01 4.401318169196485885e-01
4.644000000000000000e+03 4.695078773319173449e-01 7.746968957399672506e-01 6.563030387928338039e-01 5.880263225970183694e-01 3.898569522800388043e-01 2.164483650875622112e-01 3.039647784781454032e-01 1.540373526106041391e-01 2.485171378990590763e-01 5.754660127458980368e-01
4.645000000000000000e+03 7.238945025577436798e-01 6.794615981908042057e-01 7.344987220288186069e-01 4.098443356120344827e-01 3.450656407731819142e-01 2.461100942711140216e-01 1.121930082417859631e-01 2.021635615717565504e-01 4.259380543138552855e-01 5.982202855130600572e-01
4.646000000000000000e+03 6.665277469658036358e-01 8.003731418270393361e-01 5.091113089566119410e-01 3.846553685656798893e-01 3.895604021289750252e-01 7.334735745768095061e-02 1.852753316358223545e-01 3.924869662059761177e-01 4.832062916599454971e-01 5.653489316734396919e-01
5.080000000000000000e+03 2.459476343994423109e-01 3.197545171116097928e-01 1.917960554690060215e-01 3.654213102798091750e-01 3.945839987772207791e-01 4.761465409160329232e-01 4.964750515951110166e-01 5.594675652587756121e-01 4.566897893419373800e-01 6.496944975553958779e-01
5.238000000000000000e+03 4.887249538946499272e-01 5.795358006521205141e-01 3.770522323584327706e-01 3.949895539713330073e-01 3.496532172651414250e-01 3.460714047881892630e-01 4.066212511030961041e-01 3.943177283898817720e-01 3.952893688507610470e-01 5.936275401329220713e-01
5.239000000000000000e+03 5.360854454988164264e-01 3.759114355365310578e-01 4.553782699450568128e-01 3.673384261330009393e-01 4.474982394943798347e-01 3.527661527059296476e-01 3.503748030711397732e-01 3.382130911181586153e-01 4.493090444826516316e-01 6.097259704591531104e-01
5.260000000000000000e+03 4.610112856030790240e-01 5.041325247068657589e-01 5.312385970151954906e-01 4.661949938836821850e-01 3.836898179813843512e-01 1.870816681092926648e-01 2.738776223015444988e-01 3.947439052495742007e-01 4.688848160462137371e-01 6.344708826394085399e-01
5.548000000000000000e+03 8.435837196566193796e-01 9.022942487165402925e-01 4.359281598507150357e-01 3.527684631946476634e-01 3.471363783602616770e-01 3.016424690010655607e-01 2.746533150079749630e-01 4.269369959628934175e-01 4.139166480850274832e-01 2.740104043706292347e-01
5.549000000000000000e+03 9.043061980563087410e-01 4.977689728188294249e-01 4.473056454347853483e-01 4.013566121298070000e-01 4.472802474577176057e-01 2.596483663375657724e-01 4.253343953972082980e-01 3.982356171696486702e-01 8.509585697344049238e-02 5.146216286216439562e-01
5.552000000000000000e+03 5.081411583213104599e-01 6.603630166548726255e-01 5.337734010376550264e-01 5.438224970548513060e-01 4.576401762510451388e-01 0.000000000000000000e+00 3.093537018036754960e-01 3.512987044093485167e-01 3.516136802867980693e-01 6.036058011552659641e-01
5.646000000000000000e+03 8.785963526404533264e-02 1.100682852662897698e-01 2.175613252959693045e-01 2.797389412398623709e-01 3.964559358202943695e-01 2.823957028240826617e-01 4.350036459206594319e-01 6.354041333669684377e-01 8.009005396159922796e-01 8.253432985828249580e-01
5.647000000000000000e+03 2.794460676772023144e-02 1.439791765451531869e-01 2.346096237836282350e-01 3.790692133265167740e-01 3.614901481222709823e-01 3.365704324607156073e-01 5.446573728774929402e-01 6.685663781028274855e-01 6.971282192082031148e-01 6.856909185661601569e-01
5.649000000000000000e+03 5.492429491571515499e-02 2.930390078446365454e-01 3.020229701626395702e-01 3.714260416678293319e-01 4.782245276708576576e-01 4.646088700316965414e-01 4.645181678007548887e-01 3.902299156989937901e-01 5.847825312157385325e-01 7.017405693776923581e-01
5.741000000000000000e+03 3.990979413788492969e-01 4.693979317869197976e-01 4.761558639578816199e-01 4.146200870502694813e-01 3.757927775150879390e-01 2.519736581798621144e-01 3.978519284858000882e-01 4.303503951151022577e-01 4.961202831787741574e-01 5.821078951390612488e-01
5.742000000000000000e+03 4.258781520310084834e-01 4.794077192244325381e-01 4.798321786768107167e-01 3.923200880665588253e-01 3.706419491829071600e-01 3.403878014929049289e-01 3.829196914855763079e-01 4.284106508205102193e-01 4.311456165686581854e-01 5.758686570366993163e-01
5.743000000000000000e+03 4.386081593883632834e-01 4.866167434504338196e-01 4.505260022785944618e-01 3.888990392711635380e-01 4.423604741888438885e-01 3.273464673448374107e-01 3.833598381807576949e-01 3.706238261408166257e-01 4.257236183759551817e-01 5.751518099096917247e-01
5.744000000000000000e+03 4.473293914222703505e-01 4.565879918495068246e-01 4.472707913331512297e-01 4.660844841418189666e-01 4.331774204102120107e-01 3.292120215866237154e-01 3.274608046224170010e-01 3.669656198785707923e-01 4.262779936935089942e-01 5.730188878083926074e-01
5.763000000000000000e+03 5.764739385327345422e-01 5.865459318331118777e-01 4.388206168810852570e-01 4.928393586375096058e-01 4.513695357179435264e-01 3.006296014694335161e-01 3.252313314040384817e-01 2.517958633174351424e-01 3.994601261023806860e-01 5.126359968372665721e-01
5.903000000000000000e+03 6.931526794842792771e-01 6.693526170881671788e-01 4.683090013438649946e-01 4.329560311343491619e-01 4.698932558828061712e-01 3.857910390070099504e-01 2.384749507701874605e-01 3.080552879617092232e-01 3.030402568564164456e-01 4.369785899828114717e-01
5.904000000000000000e+03 6.713873966068112376e-01 5.251987532703126238e-01 5.564463016802168038e-01 5.268668248894531336e-01 5.091648807927096065e-01 2.159935228965822740e-01 3.013425499681505193e-01 2.893737967065588834e-01 2.881916339667165983e-01 4.613989991146785208e-01
5.955000000000000000e+03 3.557305393603295562e-01 3.053369905792211458e-01 4.963946874617828908e-01 4.119714301709462845e-01 3.284702270762318577e-01 2.260507443307578079e-01 2.480780367393895236e-01 3.740702178904397601e-01 6.651758519409310955e-01 8.145402862048378712e-01
5.956000000000000000e+03 2.233538257719479003e-01 4.545527306927596434e-01 4.329647973689260132e-01 3.126340323892001227e-01 3.222320714457835300e-01 1.497135434864759196e-01 2.929210629192201543e-01 5.497182573947785311e-01 6.902703073138456435e-01 8.106740418006389559e-01
5.957000000000000000e+03 3.790159724864804458e-01 3.986706065114516973e-01 3.014824667658161927e-01 3.141942934797378184e-01 2.698285826716950719e-01 2.058761483425194661e-01 4.759764391747229317e-01 5.826230419814198980e-01 6.958870655567159780e-01 6.527503195390641499e-01
5.958000000000000000e+03 3.430124568339140145e-01 2.742596550945487488e-01 3.205480295920887235e-01 2.703754766886649064e-01 3.250688840794366263e-01 4.095815605012847471e-01 5.222593691308365926e-01 6.017423750570876084e-01 5.091334646271220565e-01 6.494437493445986975e-01
5.959000000000000000e+03 2.258267481697359413e-01 2.975600245836884650e-01 2.596085457283706655e-01 3.305007824247686021e-01 4.872753695560033682e-01 4.595741681413025304e-01 5.431337000886524713e-01 4.309502376718249428e-01 5.070116948287024528e-01 6.114831784697208894e-01
5.960000000000000000e+03 2.401234205572700120e-01 2.229506157953317358e-01 3.387151090115670393e-01 4.967458047855769498e-01 5.215019654917102399e-01 4.746092464092373508e-01 3.678256161476688435e-01 4.226457520472063356e-01 4.516603143908360929e-01 5.837816846482732913e-01
5.961000000000000000e+03 1.706031319415251823e-01 3.111688315059079057e-01 5.810071559482092862e-01 5.344729120236477726e-01 5.347829801358096047e-01 2.947705704187746911e-01 3.613355583904215296e-01 3.732030794091696912e-01 4.181419528124145635e-01 5.798229026739538661e-01
6.066000000000000000e+03 5.725941605241235965e-01 7.004217725874151146e-01 5.591147039271785468e-01 4.541023913196690631e-01 4.221276019148589853e-01 3.045845993519901707e-01 3.846717032313157203e-01 3.274424454167751408e-01 2.608660857737827854e-01 4.217066644508158380e-01
6.120000000000000000e+03 2.796466200208788111e-01 5.191805621282501448e-01 7.163791986157866942e-01 5.186241120370090885e-01 4.228777551748465480e-01 2.649048757043400704e-01 3.554737144628390966e-01 2.477319679793448248e-01 4.135768351248035879e-01 5.587652576334154464e-01
6.121000000000000000e+03 4.663727704905705207e-01 7.327676943658761877e-01 6.230921928586671266e-01 4.372933408645851006e-01 3.762293232907662488e-01 2.905541985839490970e-01 1.964559361472124621e-01 3.463008301901463470e-01 3.951494454023410929e-01 5.419791950856347462e-01
6.122000000000000000e+03 6.756633408155361398e-01 6.352399702367346190e-01 5.090359247808262655e-01 3.903120451409100578e-01 3.987541920787037175e-01 1.285239534653289384e-01 2.968256535565714782e-01 3.320571130002769600e-01 3.767160470254932725e-01 6.411978105651737758e-01
6.123000000000000000e+03 6.027808618460671619e-01 5.329010967356666573e-01 4.609190262555607487e-01 4.279105024216994235e-01 2.836930006513599944e-01 2.489834973774158744e-01 2.984698794554748735e-01 3.308747322322718176e-01 5.209476648497830542e-01 6.554285989434682769e-01
6.124000000000000000e+03 5.000257453423017084e-01 4.762823398381889617e-01 5.114500909507317949e-01 3.031899789401343859e-01 3.763348228511520510e-01 2.474751943851616065e-01 2.942013086771440578e-01 4.614088865022471508e-01 5.357612363144461654e-01 6.320724800118751041e-01
6.134000000000000000e+03 1.435078627442819277e-01 3.856440802253349176e-01 4.262434052391931849e-01 2.857907762565511933e-01 2.865952153603246177e-01 2.567011338995617287e-01 3.126791216352854397e-01 4.863134702570011125e-01 7.150912333253461872e-01 9.026159472584178722e-01
6.383000000000000000e+03 3.826747881991782174e-01 4.808585909552365867e-01 6.211968612500231579e-01 4.274036976749655548e-01 3.960044431669074161e-01 3.113719407467075984e-01 4.379599194791574668e-01 4.275072853870227618e-01 3.896243820189007057e-01 4.565415237959761785e-01
6.400000000000000000e+03 4.589005151458828702e-01 5.867675749822395259e-01 4.689896783718575102e-01 4.198760642599903559e-01 3.391854533027366947e-01 2.252717715325809611e-01 3.277708407556031434e-01 4.302375412627911788e-01 4.631342845758910087e-01 6.155178639617118197e-01
6.401000000000000000e+03 5.411632640275116923e-01 4.739576952943381216e-01 4.895906729796096757e-01 3.550136015811820589e-01 3.509664992832079999e-01 2.694604376437902404e-01 3.845313562506318950e-01 3.996047873917020210e-01 4.757627646602050620e-01 6.013705134181320799e-01
6.402000000000000000e+03 4.377083711376812958e-01 5.017519554021218076e-01 4.006884784533036314e-01 3.709071567764721244e-01 3.890772313160731910e-01 3.324673981707186865e-01 3.581362947323576962e-01 4.152916672615310500e-01 4.619666855678604134e-01 6.243357830657518814e-01
6.403000000000000000e+03 4.421221626080342193e-01 3.819714438007683066e-01 4.024477200052669623e-01 3.965695978562167046e-01 4.248539691009572961e-01 2.874104614944058000e-01 3.566456177753747903e-01 3.853398287376927356e-01 4.727794556349323440e-01 6.876154934256343276e-01
6.404000000000000000e+03 3.199297755137264221e-01 3.766330998202715441e-01 4.328360832192858498e-01 4.297905841647608471e-01 3.849524911840294106e-01 2.803173781885351379e-01 3.216686204008263883e-01 3.899407387994761054e-01 5.477763004758859910e-01 7.313681459659143735e-01
6.405000000000000000e+03 3.116681004663155452e-01 4.063648910953386872e-01 4.778004776474423787e-01 3.854966409867445765e-01 3.773994699712683865e-01 2.416000695229419681e-01 3.238213311252621240e-01 4.568377762185366064e-01 6.010173342087646864e-01 6.708865517775094434e-01
6.522000000000000000e+03 4.333089332457228382e-01 4.434689517880742171e-01 4.595081227616206743e-01 3.205290469628543359e-01 2.985245648800288198e-01 1.827202711203868013e-01 3.895514512950409847e-01 5.148199394189890699e-01 6.102248434919416153e-01 6.633782380245984989e-01
6.523000000000000000e+03 4.036154368041302565e-01 4.641178452385967268e-01 3.463093354404471191e-01 3.122214066413493971e-01 3.176577677045176462e-01 3.339255429409862530e-01 4.686726312755439827e-01 5.361663816699010487e-01 5.373794230165974684e-01 5.821799333517477804e-01
6.524000000000000000e+03 4.069655531839587725e-01 3.239794696835793797e-01 3.186414577490176980e-01 3.216568496551035494e-01 4.266582666998735007e-01 4.028089213567450089e-01 4.770593396730254399e-01 4.559021389851935502e-01 4.197693261841636825e-01 6.595048705416756141e-01
