3.880000000000000000e+02 1.279196724552701114e-01 3.332198309885324172e-01 6.847995238883344271e-01 6.252669848512840689e-01 7.138419672191749221e-01 7.348968603311403225e-01 5.423903926538470310e-01 4.534276250785568285e-01 5.059297566374659771e-01 3.691574418325375140e-01
3.950000000000000000e+02 2.845746223039903877e-01 3.893485365310556112e-01 4.804682772561847393e-01 5.929438893754597206e-01 5.921342654927583826e-01 7.072941047206096066e-01 5.487327770447684161e-01 5.432377808880443082e-01 5.063993882206541119e-01 4.070402841173790809e-01
3.960000000000000000e+02 3.593390842687271824e-01 3.107307332675678380e-01 5.614102885793589293e-01 5.585406355415901691e-01 6.916858823406067946e-01 6.775792237998036205e-01 4.631074761430584719e-01 5.245723821131362818e-01 5.050844007565638005e-01 3.869671684702459813e-01
3.970000000000000000e+02 3.269626641738706541e-01 4.501592130968551930e-01 5.698220799722785168e-01 7.003422989796883602e-01 7.125625945311715448e-01 6.437547172322853894e-01 4.900901433822908437e-01 5.614684330339858587e-01 5.072649430753536359e-01 2.346280747338286565e-01
3.990000000000000000e+02 4.409047505890464347e-01 5.734732756086310390e-01 6.825280267866865591e-01 6.659857470501692189e-01 6.799497347057182894e-01 6.914198387894301412e-01 5.123419357324991985e-01 2.670671479042665553e-01 2.450734369727534667e-01 3.668911656144299704e-01
4.000000000000000000e+02 5.568919724764849200e-01 5.790403359192436428e-01 6.471063666593542818e-01 6.741471170816075720e-01 7.091131916794104484e-01 6.766389988947950629e-01 1.170834096271750890e-01 2.847506744278925916e-01 4.593897941569964893e-01 3.404777156671657257e-01
4.010000000000000000e+02 5.597209524274101566e-01 5.346241691948195873e-01 6.517845386847571643e-01 7.000761921764461215e-01 6.940688154243411789e-01 2.658926931575951724e-01 1.385519305162547787e-01 5.002928622523723501e-01 4.105682227185667443e-01 4.122017432349839861e-01
4.020000000000000000e+02 5.214081552787032114e-01 5.431775371917501039e-01 6.759290320055169055e-01 6.884547153123254937e-01 3.515807740408818383e-01 2.917051659020954979e-01 4.398089874809751332e-01 4.533088776488948812e-01 5.399284890605741127e-01 4.005808134093934991e-01
4.030000000000000000e+02 5.179330604135746752e-01 5.594198188668179084e-01 6.558399380982289362e-01 3.417424385838050971e-01 3.607072902257812408e-01 5.872854411344696768e-01 3.602530492480021107e-01 5.740185549588235903e-01 5.088623607343095712e-01 4.339220876854423259e-01
5.630000000000000000e+02 3.680474720099490282e-01 4.139776488290941581e-01 5.456985537989076374e-01 6.908828933132568073e-01 6.244188739101638186e-01 4.832009314038091530e-01 3.753493855979093130e-01 5.394086021009237841e-01 5.047633950518929380e-01 4.130026961978013333e-01
5.640000000000000000e+02 3.921590468365217519e-01 3.986601128997486199e-01 6.520974821197867977e-01 6.010910090560926955e-01 5.147103864671914719e-01 5.124660107935291586e-01 4.709334216297012543e-01 5.324079495436510046e-01 5.249759854887128263e-01 3.831283453647711390e-01
5.680000000000000000e+02 3.460071384091449875e-01 3.877062952898934767e-01 6.037421621767450342e-01 6.245813121474959040e-01 6.730592121816563189e-01 5.953132802679720337e-01 3.818002975039397895e-01 4.911242031607937486e-01 4.592904964399687762e-01 4.191279226367314314e-01
5.700000000000000000e+02 4.331205441655478494e-01 4.502393024730854121e-01 6.092552962745545475e-01 5.768808494396359121e-01 5.355762866084119445e-01 5.312103455155843257e-01 3.868321169047932440e-01 5.560553389875299013e-01 5.440681491588830188e-01 3.656779065107731985e-01
5.730000000000000000e+02 4.667416491980191928e-01 4.329510587569804780e-01 5.905957481229739958e-01 6.112624850734752480e-01 7.279999475830355449e-01 7.601241499651721911e-01 4.712931682312339055e-01 4.520725490416571679e-01 4.312750763443088386e-01 2.591029166788907379e-01
5.740000000000000000e+02 4.503232990561693017e-01 4.957029137131963581e-01 6.230496715504505456e-01 7.470487322779916228e-01 7.935869721951221978e-01 6.658146951699875915e-01 4.030190587885988940e-01 4.959570775347130200e-01 2.903349940293331044e-01 2.431173273305153870e-01
7.360000000000000000e+02 2.365894127378427580e-01 4.850507671067332827e-01 4.442888373826522908e-01 5.076162211708777905e-01 5.432070867186731267e-01 7.011623630758240244e-01 5.899305264124357073e-01 6.484345835115790102e-01 5.261373471848606043e-01 3.860030900786332042e-01
7.370000000000000000e+02 4.476381840862886374e-01 2.678368336785758030e-01 4.903359142192014741e-01 5.106844113966992893e-01 6.863726450453121464e-01 7.198145637941112396e-01 6.079816720649069417e-01 5.444564901723906170e-01 4.678207906227353496e-01 3.625097520201747137e-01
7.380000000000000000e+02 2.733537764229188594e-01 3.509398143469697473e-01 5.171901343200668855e-01 6.797028087678027575e-01 7.322708086551475981e-01 7.744141930213344072e-01 4.993464873245934688e-01 5.104151864935467797e-01 4.510441261548908121e-01 3.470728535647317758e-01
7.390000000000000000e+02 3.291067221420935218e-01 3.598077926914705071e-01 6.384013572112544610e-01 7.010075347507622734e-01 7.540766348642367056e-01 6.338166387533245016e-01 4.247145152862784601e-01 4.733963435666066477e-01 4.041229929586464542e-01 3.561086029665495589e-01
9.070000000000000000e+02 3.427075518786576458e-01 3.403079888757864491e-01 5.081401699772519764e-01 4.849299636625049037e-01 5.071786401689959423e-01 6.092919347372334204e-01 4.713710469526974922e-01 5.581896775203333272e-01 6.691540937564727232e-01 4.447966316235317796e-01
9.080000000000000000e+02 3.181967570472183926e-01 3.479427296731713026e-01 4.754228230547431489e-01 4.803073258980037896e-01 6.140857072476935130e-01 6.035389338000325399e-01 4.891969541274665545e-01 6.936450446037916162e-01 5.756449278855501062e-01 3.975802165136333444e-01
9.090000000000000000e+02 3.266081113597910091e-01 3.107445520604177891e-01 4.728152874381372217e-01 5.860528150415148518e-01 6.107844264497849229e-01 6.237275355410319966e-01 6.778161115639331769e-01 6.000692435810267567e-01 4.935502853970021309e-01 3.783123971746511494e-01
1.105000000000000000e+03 4.863493072143434959e-01 4.835898875513036099e-01 5.943767405871235310e-01 6.329906237717538575e-01 6.034058923708660593e-01 5.787700242066707856e-01 4.416672002134484076e-01 4.606978923341896182e-01 4.293092463924619850e-01 3.490803605279426125e-01
1.106000000000000000e+03 4.722734264689065209e-01 4.732025844037315854e-01 6.183292091470236063e-01 5.978471274576294681e-01 6.127268935767505864e-01 6.018382154155366148e-01 3.826722333023641620e-01 4.705721502074934892e-01 4.265929557386486937e-01 3.710158184340568988e-01
1.384000000000000000e+03 5.278936925262006641e-01 4.335031964853222619e-01 5.438036957526490855e-01 5.259808213069363525e-01 5.996171479698617635e-01 5.310779287560065676e-01 3.523659389040424417e-01 4.591565183789675930e-01 5.502708323351721553e-01 4.205902857502519798e-01
1.385000000000000000e+03 4.257052121846496839e-01 4.131403044771125299e-01 5.290320433234996234e-01 5.939149569700913345e-01 5.723617074169634611e-01 5.094501394853566678e-01 3.802688941738997519e-01 5.932387358535405886e-01 5.527995666661721375e-01 3.938086314893242124e-01
1.386000000000000000e+03 4.082073430153830285e-01 3.971193283381677652e-01 5.868325294394273195e-01 5.687845882461756153e-01 5.556797897124343688e-01 5.400316239179741018e-01 5.671973731401267482e-01 5.970836217231806353e-01 5.067126006469904187e-01 3.338344724337898861e-01
1.413000000000000000e+03 6.399461447812464510e-01 6.046881919298906505e-01 6.887888758646130150e-01 6.682358618418687835e-01 6.188791787081143747e-01 5.543779032566625853e-01 2.956970483277668871e-01 3.578444002563357373e-01 3.135884924109527128e-01 3.229773806960300475e-01
1.492000000000000000e+03 5.927325443586330955e-01 6.540900425198523660e-01 3.524561948453584503e-01 5.771666827174134484e-01 5.458957674198703369e-01 4.716201971582127950e-01 4.464376318181233483e-01 5.527996490787980832e-01 4.964877635251007115e-01 3.534841206382783318e-01
1.493000000000000000e+03 6.369422706897215347e-01 1.942222478352489401e-01 5.780497548842865596e-01 5.491326523573752949e-01 5.301809264301655666e-01 6.158526289715072766e-01 5.187075338994965312e-01 5.452061889222314939e-01 4.406509417925169037e-01 3.948053002410989443e-01
1.494000000000000000e+03 2.232161660576409135e-01 4.744377106789449128e-01 5.658417633847619976e-01 5.471509792776636516e-01 6.653533070152044537e-01 7.068347239401540083e-01 5.241174335717195820e-01 4.999368907951076690e-01 5.250591543831444330e-01 3.604246455750076406e-01
1.495000000000000000e+03 4.401051277091249658e-01 4.138854443852468257e-01 5.252772646073909923e-01 6.322669648371530560e-01 6.937077810481039331e-01 6.550880923938418032e-01 4.061591470638575285e-01 5.455059553964805019e-01 4.247742905496978416e-01 3.447746176559580711e-01
1.496000000000000000e+03 4.099239216293580901e-01 3.937849322953199671e-01 6.197113628356228920e-01 6.884047110665458824e-01 6.793849864358724178e-01 5.681112795098800516e-01 5.026122318563981395e-01 4.679974634730629246e-01 4.209814122105092760e-01 3.365355419366469758e-01
1.497000000000000000e+03 3.791590994569978279e-01 4.923101015898531663e-01 6.552606504454222547e-01 6.609786111311415358e-01 5.924834410954522568e-01 6.512397230640218915e-01 3.797690683660879807e-01 4.527147441684154505e-01 3.951751333955084711e-01 3.782366538523895816e-01
1.498000000000000000e+03 4.772788666510324740e-01 5.419135360112092847e-01 6.388291184892569419e-01 5.838273674936920177e-01 6.702499683131862840e-01 5.339149003643559599e-01 3.676914166536109363e-01 4.330386687499653831e-01 4.752990203643984168e-01 3.292202520930802012e-01
1.499000000000000000e+03 5.547781945821155247e-01 5.565889729768623839e-01 6.033203727777982639e-01 6.943791068951156165e-01 6.068561441426053582e-01 5.634036145432116394e-01 3.811479001745596285e-01 5.439796516386752323e-01 4.176295227075060845e-01 2.324008884636760419e-01
1.500000000000000000e+03 5.843484138646263260e-01 5.316934661304199006e-01 7.101089048425200945e-01 6.498131034049271504e-01 6.495538456074894107e-01 5.984940021349299810e-01 5.552589738221415105e-01 5.001809204912819329e-01 2.606713478121849836e-01 1.982950430790247354e-01
1.501000000000000000e+03 5.555110111907539672e-01 6.521330875975728247e-01 6.676695658588644999e-01 6.853219870459807961e-01 6.727219215550075404e-01 7.708462024226790943e-01 4.872076048531904791e-01 3.350434380279797564e-01 1.950458327027434768e-01 2.407650841785290707e-01
1.502000000000000000e+03 6.441829858419371169e-01 5.770332116787743049e-01 6.763668249454657388e-01 6.828759295034785293e-01 7.921983858825947244e-01 6.699291757323853069e-01 2.293680200393934665e-01 2.471707521129994922e-01 2.494932477697638651e-01 3.330610570062094711e-01
1.503000000000000000e+03 5.545470659062798902e-01 5.656587334016001112e-01 6.560279477202245468e-01 7.775421801411991352e-01 6.847036784954674271e-01 3.773300576289289610e-01 8.244947552689398107e-02 2.840465846793999716e-01 3.944239464696148167e-01 4.735046528457722559e-01
1.513000000000000000e+03 6.671395484009668975e-01 5.826459024127950137e-01 5.979173171118571384e-01 4.499483667509824314e-01 5.272422740445772416e-01 4.921319072319006449e-01 4.641249443796549579e-01 4.474247861523522607e-01 4.114440436748273422e-01 3.694566148681736051e-01
1.514000000000000000e+03 5.864119976326379602e-01 5.015242096538962135e-01 4.861435192845219300e-01 5.478714639860710056e-01 5.648260257733742629e-01 6.548782282814529232e-01 3.931813907232242222e-01 4.733148252795205124e-01 4.832420124866467215e-01 3.608069801239244256e-01
1.515000000000000000e+03 5.154347677235120440e-01 3.736128106699816986e-01 5.716034227160873282e-01 5.892015616296345515e-01 7.066582003022872094e-01 5.872049406589466836e-01 4.344048520405317526e-01 5.502771220652064033e-01 4.718026755859389132e-01 2.986750279334988156e-01
1.516000000000000000e+03 3.910475012581648979e-01 4.685600988219681962e-01 6.007289194942602162e-01 7.214408182577350948e-01 6.430541818183935776e-01 6.219663804630962689e-01 5.332451115880931791e-01 5.331435652633826905e-01 3.564420816201173681e-01 2.889481831283604030e-01
1.517000000000000000e+03 4.613048452484683759e-01 4.838984531492204755e-01 6.946827968721632773e-01 6.397909194877591244e-01 6.523831908432607962e-01 7.002404719634229835e-01 4.865404091182501389e-01 3.993002269614239208e-01 3.229951582647667685e-01 3.071591577413449459e-01
1.518000000000000000e+03 4.802527637591014753e-01 6.002361690981298237e-01 6.310270569338546354e-01 6.541185456505403950e-01 7.236131341053899657e-01 6.584186791394669447e-01 3.077830203392272201e-01 3.697366784414118923e-01 3.595467255144060292e-01 3.216598990023751270e-01
1.519000000000000000e+03 5.453939029927686866e-01 4.790891434870152010e-01 6.042372386893832825e-01 6.770394573348672562e-01 6.407309496451543129e-01 4.177731047859198354e-01 2.125775956942452805e-01 3.674449981033927615e-01 3.463211209126433876e-01 5.307895287899088155e-01
1.520000000000000000e+03 4.385460447219307611e-01 4.529178969472212324e-01 6.279152551118586389e-01 6.018261735210637120e-01 4.442965936680816075e-01 3.264566417432971934e-01 2.159102974567244371e-01 3.587436303143443639e-01 7.200012336276948588e-01 5.411126504686829541e-01
1.521000000000000000e+03 4.093915453887090883e-01 4.754927116433443901e-01 5.608472956445358371e-01 4.049467326658581778e-01 3.620628003109805371e-01 3.232996091725711674e-01 1.975186901740278722e-01 7.329172989343422095e-01 7.335306211702298240e-01 5.086171738439355661e-01
1.682000000000000000e+03 4.689189814448940785e-01 4.600480331897761066e-01 6.532644983908371117e-01 6.449466061642343817e-01 7.010936596038608304e-01 6.075032888675724330e-01 2.805970998581716058e-01 3.330793771650950585e-01 3.895580781542941629e-01 4.320863800165454238e-01
1.683000000000000000e+03 4.415999859340740685e-01 5.332307042858415169e-01 6.201472775837477691e-01 6.834284575431696096e-01 6.269006981742046847e-01 4.239115447001352566e-01 1.950280522590081000e-01 4.218886357879364501e-01 5.650467014043317748e-01 4.037507289740629446e-01
1.687000000000000000e+03 4.276436960270494358e-01 2.968124594294096474e-01 3.931387878609587383e-01 4.757958196744573875e-01 7.013327410393851435e-01 6.237556367400222124e-01 4.505788013441255901e-01 5.455602819182228114e-01 4.943352856331438838e-01 5.099526292239394687e-01
1.688000000000000000e+03 2.717860920560277727e-01 2.053710029507798962e-01 4.621447552044767870e-01 6.627340485991726204e-01 6.191890881109312073e-01 5.737449539215306871e-01 4.636389925956383440e-01 5.104033280889823665e-01 6.847976326008912151e-01 4.715880566667723373e-01
2.039000000000000000e+03 4.369876114530564237e-01 6.269431423599408637e-01 6.080949905178327786e-01 7.290341296241503732e-01 6.454806410644049475e-01 6.288010990229131458e-01 2.831193709892401711e-01 2.830637863947215171e-01 3.359569092578623684e-01 4.284142870658968483e-01
2.040000000000000000e+03 6.002346225613218733e-01 4.843755409572825799e-01 6.940029697201911540e-01 6.337888913769108568e-01 6.495564127489433792e-01 4.321056048891039336e-01 1.313798269173387934e-01 3.713951161507547116e-01 5.624783962038583107e-01 3.671540049461144428e-01
2.041000000000000000e+03 4.985715568036001577e-01 6.188569293953208872e-01 6.423689933775251770e-01 6.709925903367566224e-01 5.178574482317184202e-01 3.154965353573007114e-01 2.921952014391551722e-01 6.299714433701211203e-01 4.821458781411260830e-01 3.104875676267780937e-01
2.042000000000000000e+03 6.135063892466628976e-01 5.472330065016189904e-01 6.645598636946421500e-01 5.316963952766444734e-01 4.088955750845820192e-01 4.688076511830559512e-01 6.372282403251097183e-01 5.391971849519457960e-01 3.729853588011161625e-01 3.024699430194739413e-01
2.111000000000000000e+03 5.734850726982895219e-01 4.057391282907629182e-01 5.421419630471201456e-01 5.439207268655243954e-01 5.200119507467410029e-01 2.852516917308130506e-01 2.120987942837439522e-01 4.558652106732643539e-01 8.008314079314814427e-01 4.526006833954950848e-01
2.115000000000000000e+03 3.435754820287023059e-01 1.965100053127835367e-01 4.149765492239766984e-01 5.273281282623235589e-01 1.000000000000000000e+00 7.629774075722668414e-01 6.754795990751327750e-01 5.611265447526306849e-01 4.617167279131232926e-01 2.908314463146549067e-01
2.117000000000000000e+03 2.597017853309689928e-01 3.903554366523276364e-01 9.053521280664933446e-01 7.509835497696769613e-01 8.275463169708315858e-01 6.751964880448003692e-01 4.332262840667932546e-01 3.570953294178709769e-01 2.887494342698805894e-01 2.769769534203079253e-01
2.118000000000000000e+03 3.780251869587096247e-01 8.323141235777686830e-01 7.092222101194676220e-01 8.078245875859484393e-01 6.848398253730688667e-01 5.824520911841797322e-01 2.293304458371495103e-01 3.203778285854985142e-01 2.918298856681085240e-01 2.898271359255057411e-01
2.123000000000000000e+03 6.564158747490659307e-01 5.192535385125779390e-01 6.044596839367136765e-01 6.288113928931421404e-01 6.720651318516095429e-01 5.414037894371300785e-01 2.465143745871137548e-01 3.467554384731399431e-01 3.718173428584829465e-01 3.963607549857739998e-01
2.124000000000000000e+03 5.222463261241213628e-01 5.034294416416909002e-01 6.303251551948724218e-01 6.835043453185623008e-01 6.002712906433911311e-01 4.229832153885715873e-01 2.470388412876920181e-01 4.279672829856583927e-01 5.258504001378231374e-01 3.806075843840385220e-01
2.125000000000000000e+03 5.131863525780525626e-01 5.401152700887900115e-01 6.810377217103997793e-01 6.194681049470001089e-01 5.067772599036335368e-01 4.309328929176531320e-01 3.665139425622664371e-01 5.898466469027416892e-01 5.031489731311917790e-01 2.838367195326056969e-01
2.128000000000000000e+03 5.206320138599545011e-01 4.213086062606609672e-01 5.354875386346951149e-01 6.104163854973232439e-01 7.855044014931394925e-01 7.209028939032334771e-01 2.872582465233599613e-01 4.632460654672906353e-01 4.354682109155211811e-01 3.228077896055082663e-01
2.129000000000000000e+03 4.276688753977666013e-01 4.176040527405471270e-01 6.114760767567910538e-01 7.901093826890437377e-01 7.470923053926779023e-01 4.599364991503689937e-01 4.030927065364137141e-01 4.890768459103872479e-01 3.921695281922089049e-01 3.274404039738654237e-01
2.322000000000000000e+03 1.589793949633548642e-01 2.399688877829742051e-01 4.896449879758398849e-01 4.874901884950902375e-01 7.423547129696118629e-01 5.308688163989337960e-01 4.051172529949190748e-01 7.499465936466407356e-01 6.598889660134333868e-01 4.454455133459978011e-01
2.323000000000000000e+03 1.944162141790863330e-01 2.923627987099050030e-01 4.490326406909460610e-01 6.749432089773259591e-01 5.129565611070953102e-01 4.933600945225529166e-01 7.123498548565428967e-01 6.543961589785779465e-01 5.475177588269446449e-01 4.496118168328393505e-01
2.324000000000000000e+03 2.634715689532004523e-01 2.668500533634117766e-01 6.238127240749343771e-01 4.744745552199726712e-01 5.049034348222440904e-01 8.375612387487703092e-01 6.081502523434563212e-01 5.603332486043623994e-01 5.743522733216054332e-01 3.694681691461334516e-01
2.325000000000000000e+03 2.373238286421435750e-01 4.704287992113205807e-01 4.548319529950881623e-01 4.637818122111530550e-01 7.910076613221473929e-01 7.267776013078478536e-01 4.750979079307239283e-01 5.850759802997702597e-01 4.305396252742321184e-01 4.179220147560480103e-01
2.327000000000000000e+03 2.636735021045122918e-01 2.848716880924815897e-01 6.986352189249994682e-01 6.770948710492514788e-01 6.086664829757161277e-01 6.555570497500975424e-01 3.377655466458446831e-01 5.474555000881528022e-01 5.065867997979769388e-01 3.986851869246658131e-01
2.328000000000000000e+03 2.582886650287080643e-01 5.635195776531632950e-01 6.272099577536613957e-01 5.696740442841116137e-01 6.430977204659897861e-01 4.542651686640217790e-01 4.630181428805408284e-01 5.204859043323156742e-01 4.861252710563380153e-01 3.974528095292993446e-01
2.524000000000000000e+03 5.801937267397271336e-01 5.424715689697992005e-01 6.181970845820188298e-01 4.689968961510219692e-01 4.494192030089936840e-01 4.493818632210899722e-01 2.724723320271799087e-01 5.512436689852506788e-01 5.278609392674100675e-01 4.204391113545647429e-01
2.698000000000000000e+03 4.787358743728685195e-01 4.326196207790065085e-01 5.848642107820247737e-01 8.177380109049133816e-01 6.017300893599872857e-01 4.110553574442828983e-01 2.673606525598856143e-01 5.773390558843762843e-01 3.725556645211136053e-01 3.990392810068452145e-01
2.699000000000000000e+03 4.257037496669831556e-01 4.626020941904645523e-01 7.727220181613397854e-01 5.968747789584355479e-01 4.722915083693801641e-01 4.228619377854389016e-01 5.445427018956041643e-01 4.134895795363158766e-01 5.154638034191478813e-01 3.641703562168433495e-01
2.712000000000000000e+03 7.164807201816174587e-01 5.658465877697397284e-01 6.752606293629472844e-01 7.831746508316916877e-01 5.265223713964969354e-01 5.648170510187936477e-01 1.946508542580651646e-01 4.048408493355297177e-01 2.802963253208461958e-01 3.269695561465382205e-01
2.713000000000000000e+03 5.856858617304491199e-01 6.091862057646938444e-01 7.775821429862124212e-01 5.632967732208054024e-01 6.426428904506357176e-01 3.961103192185919664e-01 3.533212312231311381e-01 3.536326585852741511e-01 4.216248742694191920e-01 3.172701744755969666e-01
2.714000000000000000e+03 6.092027182512703698e-01 7.124023351043039520e-01 5.790141516516733589e-01 6.587209515136668303e-01 4.819353648832643278e-01 5.380636326753014398e-01 2.611871937663772236e-01 4.819924669663506189e-01 3.892308554557401545e-01 3.264566848579441571e-01
2.715000000000000000e+03 6.919424890009409079e-01 4.634462176605131378e-01 6.468975476263565394e-01 4.877463819349200369e-01 5.872251060623101537e-01 4.260333247100075993e-01 4.221748553407729254e-01 4.371486452797576638e-01 3.937744254147817480e-01 3.987549463023787322e-01
2.716000000000000000e+03 4.583844113872629356e-01 5.404969641439251182e-01 5.017062684627160429e-01 5.872598804209919754e-01 4.895272198069350877e-01 5.880864165252406295e-01 3.562900331331548820e-01 4.389224481065140404e-01 5.188089300724564312e-01 4.564873185241474229e-01
2.717000000000000000e+03 4.985174700715904739e-01 3.352805092501024986e-01 5.562259669666002049e-01 4.579602767925293194e-01 5.909719870444790635e-01 4.787201991614272734e-01 3.186128925027501002e-01 5.366855034189167428e-01 5.918905744548343950e-01 4.803703445460505983e-01
2.718000000000000000e+03 3.165910688063008349e-01 4.080653094580845575e-01 4.557706911364040048e-01 5.653754661521611657e-01 5.077903158155466778e-01 4.502536829154855091e-01 4.635154377168544393e-01 6.181606592363529940e-01 6.413138157448787791e-01 4.647796879185748242e-01
2.872000000000000000e+03 5.149051544014962012e-01 5.591266144282999173e-01 7.785229403022292383e-01 5.198710472544723071e-01 5.088381128032103407e-01 7.452070047495303884e-01 3.394130523201935867e-01 4.994860415864368353e-01 4.215691129373436707e-01 2.487568788811728715e-01
2.892000000000000000e+03 1.000000000000000000e+00 8.087592327910766432e-01 6.684305337002390823e-01 4.194756103693997873e-01 4.383097243948108068e-01 1.670662001593975765e-01 9.497242913046692603e-02 3.182567736132884684e-01 4.864818030383230019e-01 4.067784678120128783e-01
2.893000000000000000e+03 8.197248561619179252e-01 6.104080175392596619e-01 4.818590604827159840e-01 4.863191014814057800e-01 3.167458206142294563e-01 3.043818052850300049e-01 2.444928506610276886e-01 5.715825980178177446e-01 5.709646686904202850e-01 4.260072801814197008e-01
3.347000000000000000e+03 8.839582369421778996e-01 5.913696200320419649e-01 5.462295629206785907e-01 4.486081648367728492e-01 4.689275658801549396e-01 4.622678745980881021e-01 3.170378824286395059e-01 4.399818616244197123e-01 4.068319087418806879e-01 3.868623190477206708e-01
3.348000000000000000e+03 6.177807845999429004e-01 4.652185321400750806e-01 5.059851822045239311e-01 5.160568217775676203e-01 5.655326259110696752e-01 5.337349310303083350e-01 4.127593723021862893e-01 4.902634391966149141e-01 5.354677021936651293e-01 3.659911580304833212e-01
3.354000000000000000e+03 4.307147828625837449e-01 4.476386928417247502e-01 6.584988626710464032e-01 5.875183133177555028e-01 5.173684899688517635e-01 5.173299822242851675e-01 4.603042090984521550e-01 4.959887847986123588e-01 4.280523032399639605e-01 4.182759834240947772e-01
3.355000000000000000e+03 4.225738453748448253e-01 5.312219391079698871e-01 5.654573044765210943e-01 4.958887283207344954e-01 5.426020370442784513e-01 5.990565956132070102e-01 4.101025818320191973e-01 4.538923602841393179e-01 5.336276183537363993e-01 4.193243954937342921e-01
3.356000000000000000e+03 4.967991917181777684e-01 4.179587233345010144e-01 4.864629223100302435e-01 5.171690847985422890e-01 6.078701985124609353e-01 5.432570411303278002e-01 3.480818413188102034e-01 5.581545657916637815e-01 5.326458983688250326e-01 4.294269046936052825e-01
3.360000000000000000e+03 4.036975706147357124e-01 3.855060138668238157e-01 4.943844640295670390e-01 6.270086020736558297e-01 6.540360862693965771e-01 6.797394579839994844e-01 2.590975756641277217e-01 4.152286821543478834e-01 4.727432196845539614e-01 5.115510250649369928e-01
3.361000000000000000e+03 3.409078254933125551e-01 3.111192167164811284e-01 5.760633006806040735e-01 6.024554697816848492e-01 6.516672527028233297e-01 3.594734558495774612e-01 2.673192338981634775e-01 4.763979413119544537e-01 6.755190526107325288e-01 5.198046949923398330e-01
3.362000000000000000e+03 2.780997888276077745e-01 4.139248613581945069e-01 5.610797693740153802e-01 6.066635153901013267e-01 3.894330778098030743e-01 3.757954032405225187e-01 3.592655937743816086e-01 6.875216789842132359e-01 6.956418310643334157e-01 4.590022821066613856e-01
3.363000000000000000e+03 3.614221384868819831e-01 3.836482826975337601e-01 5.539156896020984711e-01 3.384845040173719566e-01 3.901395903599857995e-01 4.548942250437360002e-01 6.349468905011297348e-01 6.968076364831806702e-01 5.774900962908385837e-01 4.811655208289886687e-01
3.420000000000000000e+03 8.272525463172658577e-01 7.841537987042116464e-01 5.792158894154952886e-01 5.951122712585020791e-01 4.363352156384399660e-01 3.665263856972140744e-01 2.768578940530642685e-01 3.326414971559502609e-01 4.063814097194236030e-01 3.632499574390888331e-01
3.421000000000000000e+03 7.959041281675580670e-01 5.035307567372334647e-01 6.276037023121812108e-01 4.833296231300888701e-01 4.839256244890036140e-01 4.911815784704572918e-01 2.631640222354640901e-01 4.890974659007326086e-01 4.929220573996475618e-01 3.397218735163596848e-01
3.422000000000000000e+03 5.451332097197405524e-01 5.713241401565689603e-01 5.430009112161805485e-01 5.403795238380397770e-01 5.998258445852477916e-01 4.897559890437287455e-01 4.922213297021964529e-01 5.862571244066546727e-01 4.600694428047290563e-01 2.780979268288830131e-01
3.801000000000000000e+03 2.295306255083739422e-01 2.512706283145297315e-01 5.877007709890014198e-01 5.409588495548592890e-01 4.947756131240036992e-01 5.429387861452762420e-01 3.771818293420386992e-01 5.799348828277006707e-01 6.067036455116614491e-01 5.679792256543549911e-01
3.969000000000000000e+03 3.969422222464950578e-01 7.281076309234014721e-01 7.361424776950139526e-01 7.779130202130041249e-01 7.500945146908303274e-01 2.346318782072854825e-01 2.491712800288556628e-01 3.939115364017153342e-01 3.444777696204557871e-01 3.563484619633354722e-01
4.201000000000000000e+03 2.157329228294017909e-01 5.108046623628421656e-01 7.269511390379443938e-01 5.384843297896098058e-01 5.404234425424824240e-01 3.339451748501034434e-01 4.938162396724171677e-02 3.708368429861481075e-01 6.546747609216023722e-01 6.530663093288164855e-01
4.203000000000000000e+03 4.328366604102495963e-01 2.215794036377906895e-01 3.799403312044594139e-01 2.174739528216443896e-01 9.994867005818926231e-02 1.829219394812534594e-01 4.848399670759432900e-01 8.456702558832313033e-01 9.425460106799007365e-01 6.926272659859861180e-01
4.204000000000000000e+03 1.948612403524316583e-01 1.817786167596794622e-01 2.406757630730917141e-01 6.848877160274495501e-02 2.405873480848005341e-01 5.989709118339694438e-01 8.674940110129416571e-01 9.576880400796868864e-01 1.000000000000000000e+00 5.096770726287935815e-01
4.205000000000000000e+03 1.419318185866956517e-01 0.000000000000000000e+00 1.022961663706848240e-01 1.878517717286637967e-01 5.714600201091326603e-01 9.704689551008963688e-01 1.000000000000000000e+00 1.000000000000000000e+00 6.618602702145579553e-01 4.625897857171539229e-01
4.339000000000000000e+03 8.464923273899397360e-01 8.040774029144334145e-01 2.714647710415877269e-01 2.446970802024427127e-01 0.000000000000000000e+00 0.000000000000000000e+00 5.819051344848165108e-01 4.870300878513544318e-01 8.449806090225574495e-01 5.766260829177475289e-01
4.340000000000000000e+03 7.605533064760031658e-01 8.249106370525609300e-02 2.876679934019206741e-01 0.000000000000000000e+00 1.167900712586544404e-01 7.354605653751765670e-01 4.084306506738002995e-01 8.849201415883868327e-01 8.210708839954149463e-01 5.984230612507165370e-01
4.341000000000000000e+03 0.000000000000000000e+00 9.863021706506397684e-04 0.000000000000000000e+00 1.240971153152132557e-02 6.278386349688171997e-01 4.298255077084103815e-01 8.316597877063482969e-01 7.694967832558381460e-01 7.695942304435743342e-01 1.000000000000000000e+00
4.448000000000000000e+03 7.566900703731971323e-01 8.070260777083562154e-01 6.115437960298000242e-01 4.294192309783118611e-01 5.704796395085434124e-01 6.462493028944502615e-01 3.499728725766179660e-01 4.613326421929829779e-01 2.321864988747899261e-01 2.749497671428950407e-01
4.449000000000000000e+03 8.058721853620134379e-01 5.299152102379609541e-01 4.792744880753163628e-01 6.025359482571205350e-01 7.074225821941655390e-01 5.520652999161345109e-01 4.270504492746308167e-01 3.014741037229543563e-01 3.263264434081999399e-01 3.546026596141310661e-01
4.450000000000000000e+03 5.353294020152049582e-01 3.586060180029111977e-01 6.113437888830212108e-01 7.215826994838880903e-01 6.128371605431608415e-01 6.136384880679494058e-01 1.885349723091195862e-01 3.846888312923789077e-01 4.549132652273545352e-01 4.440594643674833364e-01
4.451000000000000000e+03 3.471490714329581451e-01 4.829927227121834088e-01 6.833608798626030767e-01 5.966262100774645250e-01 6.313665771603177435e-01 3.281929232276320496e-01 2.654716614633815253e-01 4.876612972002654089e-01 5.856259169495263706e-01 4.414701889175318139e-01
4.452000000000000000e+03 4.462858866799492286e-01 5.508589686660712026e-01 5.648425685709150823e-01 5.972344640433110419e-01 3.736453554890472595e-01 3.863970994608609266e-01 3.869957864422166050e-01 6.053113629211026581e-01 5.662318807767849904e-01 4.178278368022922407e-01
5.149000000000000000e+03 7.367345472854287536e-01 6.502797079856782458e-01 7.070176197736511847e-01 3.585672458479993718e-01 5.224266827795446266e-01 6.913424028883343730e-01 6.936917639862304474e-01 5.806438223277545774e-01 2.720914720817795840e-01 1.173002871853093265e-01
5.150000000000000000e+03 6.871944218699034268e-01 6.718446308369966369e-01 4.439860054645110021e-01 5.843809596915131577e-01 7.752690820792070836e-01 9.429792676219579395e-01 6.265472080422020973e-01 3.665912335641259290e-01 7.085545278087490573e-02 2.198637091101845464e-01
5.151000000000000000e+03 6.957273389725242563e-01 3.474005243431486645e-01 6.222874932583482011e-01 8.195192333346239533e-01 9.747421431725797891e-01 8.581587948703705004e-01 3.153001867704948724e-01 1.510643256795217992e-01 2.424420457859052802e-01 2.472865345687285388e-01
5.152000000000000000e+03 3.814286767898790731e-01 5.445816928340000418e-01 8.063758008582264658e-01 1.000000000000000000e+00 8.880914301969214941e-01 5.186058209527911744e-01 0.000000000000000000e+00 3.135625975192001813e-01 2.789590299699457598e-01 3.141724554335107999e-01
5.153000000000000000e+03 5.428628437117873906e-01 7.394441922983868709e-01 9.370589538830016441e-01 8.914734808702597935e-01 5.778917065581080648e-01 1.647633336041319785e-01 1.975206533676210907e-01 3.309221495527545631e-01 3.778239218568053004e-01 2.495931222696151364e-01
5.154000000000000000e+03 7.371039768914653401e-01 9.091428313060567756e-01 8.591837146574649031e-01 6.032021294962529590e-01 2.948925714698037437e-01 3.865711375420138873e-01 2.388931428132911594e-01 4.440786335484713798e-01 2.759354822895622728e-01 2.705327726074707173e-01
5.241000000000000000e+03 3.780606368158433428e-01 3.401938083553633363e-01 6.574783823062386734e-01 7.019210585282693593e-01 6.249039706904697677e-01 4.933236896952606920e-01 4.475802000200670427e-01 5.442792227568485908e-01 4.335363992430523172e-01 3.783935226914310612e-01
5.246000000000000000e+03 1.732002277991772088e-01 2.519811472582310086e-01 4.425651088232549490e-01 3.417546221798277162e-01 3.950167917915770599e-01 6.743493809323506394e-01 6.933878898214852482e-01 7.654262062387648946e-01 7.191378070705830572e-01 4.757406760152741998e-01
5.247000000000000000e+03 2.224314535318359376e-01 2.551674815920051964e-01 3.434851188178901782e-01 3.554356163275638192e-01 6.526374958108024371e-01 8.129313768965557019e-01 7.562228336369403170e-01 7.307306965556399359e-01 6.169203389194838349e-01 3.761966192084617577e-01
5.248000000000000000e+03 2.441511498436629846e-01 1.583891135495551217e-01 3.719762738702110938e-01 6.273283143446477528e-01 7.905546292657151808e-01 9.033524881272325668e-01 7.333698518565802127e-01 6.451171793556381706e-01 4.588903277411776616e-01 3.123481215874691075e-01
5.249000000000000000e+03 1.429063435544776495e-01 1.793204177336737981e-01 5.872148920886828272e-01 7.486127555896442409e-01 8.529308713821643906e-01 8.636084050528171074e-01 5.996147361296293443e-01 4.735301879174165229e-01 3.351560647764988410e-01 3.801546019889478489e-01
5.251000000000000000e+03 3.673852688551006995e-01 5.202174486017047128e-01 7.110485330326287157e-01 7.438097338958196136e-01 6.701399103994578610e-01 4.425654765489676068e-01 1.517688753833267845e-01 4.414209829251372064e-01 4.846969670852344647e-01 3.926221808867352281e-01
5.530000000000000000e+03 3.907594545089130289e-01 4.929496641783032707e-01 7.532786865524102593e-01 8.294215140198974989e-01 7.196806651909741781e-01 4.811524803317993593e-01 3.081823307724850802e-01 6.541165852432361261e-01 3.846036468242529094e-01 1.652158554563951387e-01
5.531000000000000000e+03 4.813033419406013147e-01 6.616011123395478810e-01 7.822303550796397831e-01 7.117780223546700258e-01 5.310044904805951704e-01 4.646497186474080610e-01 6.502645448794224237e-01 4.255049266424733023e-01 1.019173330716007519e-01 3.191451987560823267e-01
5.532000000000000000e+03 6.507755239589354535e-01 7.103362479360518789e-01 6.964353311504279942e-01 5.420271434860157722e-01 5.319278170673228390e-01 8.353490700848265060e-01 3.516278136791213260e-01 1.505109080102651209e-01 3.861856567298230236e-01 3.042568762916060265e-01
5.533000000000000000e+03 7.400086531706943083e-01 6.561012778371473342e-01 5.946137393042958408e-01 5.904949737507420027e-01 8.935295999468149120e-01 5.850622442453325966e-01 2.676924314851057349e-02 4.801521018742061497e-01 3.997882597993029363e-01 1.883759272840179744e-01
5.534000000000000000e+03 6.898600450365780512e-01 5.354658868332818900e-01 6.352957327066528492e-01 9.449439206578952311e-01 6.824879683810235464e-01 2.491771478698176501e-01 4.837748153218733305e-01 4.942106324041066201e-01 1.944682989901030112e-01 2.343503374407089057e-01
5.535000000000000000e+03 6.222027949149595560e-01 6.316523152234300165e-01 9.725103792692593174e-01 7.868848023174989104e-01 4.479194036095622833e-01 7.812972739177774795e-01 5.605214376668347098e-01 3.257686046898751742e-01 3.162457086952640828e-01 0.000000000000000000e+00
5.539000000000000000e+03 6.461390180356839652e-01 1.000000000000000000e+00 1.000000000000000000e+00 7.769242988088567170e-01 8.234048824392622423e-01 8.212622625650113639e-02 1.632447044523978319e-02 0.000000000000000000e+00 0.000000000000000000e+00 4.771644565451743092e-01
5.553000000000000000e+03 6.052771847928296589e-01 5.008140734170251074e-01 7.788337249208664437e-01 7.173211810110884379e-01 1.436755621841909469e-01 5.296553766256391071e-01 3.815521785249520459e-01 3.932516489378453661e-01 5.056694265497364560e-01 3.843856469412199051e-01
5.554000000000000000e+03 5.173168677268892290e-01 7.231980581871673142e-01 7.152448108404015903e-01 1.800943893961739206e-01 6.039819612408723337e-01 5.785737608310889124e-01 3.269334279200297178e-01 5.754795131364341954e-01 5.158924256262620300e-01 2.966488131050986632e-01
5.555000000000000000e+03 7.367551777724888895e-01 6.621010417025767758e-01 2.788608404148862352e-01 6.446341952174693413e-01 6.599263197862705876e-01 5.395657009202559085e-01 5.960631507532426765e-01 5.982149495679981444e-01 3.725511403001091626e-01 1.887530090080065115e-01
5.634000000000000000e+03 4.259423809823487672e-01 2.994952086505895394e-01 3.980894520616739540e-01 7.533866951412391266e-01 8.360204631438273859e-01 6.218171756621952984e-01 4.430354465165581845e-01 6.958637574788597568e-01 3.547920844920657846e-01 3.104463624115464948e-01
5.638000000000000000e+03 5.831249059408152302e-01 4.242511606362690535e-01 5.403590035708907280e-01 7.623444675133315140e-01 4.128385576477441865e-01 3.462508711157777364e-01 4.611055717341491222e-01 5.024240862146768238e-01 5.103045008630014978e-01 3.992685209346547026e-01
5.639000000000000000e+03 4.100455109094954254e-01 4.014030239451539805e-01 7.192904692293065061e-01 4.038284866393541117e-01 4.089409138250598708e-01 6.120836512799679996e-01 4.308003228763910841e-01 5.459459065655596355e-01 5.085151702046617483e-01 4.562691063320199469e-01
5.654000000000000000e+03 4.455009670110208209e-01 3.845208348136339715e-01 3.661871669972699972e-01 5.430950090816805131e-01 5.630932993888277949e-01 7.391114328427583757e-01 6.698897487161876718e-01 5.220680240253822157e-01 5.106818841573930179e-01 3.758597833648970044e-01
5.745000000000000000e+03 3.616401661572640758e-01 3.697078588210254146e-01 6.390374075151173949e-01 6.492665286747572040e-01 6.695505152422773776e-01 5.447070769211940222e-01 3.910449514152843364e-01 4.761362357179472204e-01 4.397690462430488556e-01 4.247649366907956803e-01
5.750000000000000000e+03 4.490493928023527315e-01 4.624802433815039526e-01 5.944535052115744733e-01 6.102414345700322151e-01 7.629957558182166588e-01 8.947909426297804281e-01 7.731468875029219312e-01 3.698540627912249024e-01 1.873584800192559796e-01 2.452520771706469260e-01
5.751000000000000000e+03 4.444180027078168393e-01 4.643007462322644718e-01 5.917833989492106150e-01 7.444647083675537402e-01 8.691407210236830050e-01 9.324372964237861439e-01 2.465187721830880974e-01 2.171331214154950673e-01 2.354771728605718206e-01 3.906557615526773386e-01
5.752000000000000000e+03 4.571601980029905699e-01 4.730949583232159084e-01 7.136715416795718081e-01 8.603460841968326722e-01 9.134192212432301616e-01 4.041938911223024733e-01 4.979692414293056951e-02 2.762220520731858420e-01 5.026213471898659524e-01 3.361108432118741773e-01
5.753000000000000000e+03 4.645287538285371998e-01 6.164841984110733808e-01 8.094632703613657831e-01 9.027249353107800189e-01 4.680381118731454793e-01 2.002495975475575563e-01 1.304255434517709866e-01 5.468912024962718776e-01 4.054795746918995469e-01 3.464319069006095986e-01
5.768000000000000000e+03 4.432090409543472109e-01 4.117743600595717424e-01 3.899716683860521838e-01 5.193927842751198121e-01 4.496703363288460098e-01 3.880994086912679109e-01 5.694543162767788935e-01 6.651971702756525051e-01 6.248254137435026445e-01 4.480335750603355871e-01
5.769000000000000000e+03 3.846555770278692887e-01 2.087361710239286905e-01 5.044460650130165869e-01 4.246623241089638734e-01 4.286562246066075721e-01 7.051122981604298623e-01 6.373133612569229500e-01 6.490523119377505923e-01 5.817314207235038115e-01 4.483530134220112262e-01
5.770000000000000000e+03 1.895614899493812122e-01 3.359336867586079078e-01 4.188656857637474418e-01 3.960054122218613082e-01 6.865690779833306667e-01 7.648858352861874765e-01 6.052198127297702124e-01 5.982290254056346068e-01 5.752928875536914566e-01 4.530862569867936118e-01
5.907000000000000000e+03 6.802839755438682134e-01 7.375345007062920066e-01 5.465443015400678339e-01 6.023883846370379214e-01 5.247561276152055143e-01 3.854517258654448497e-01 2.300756870281032151e-01 4.013953193065008529e-01 4.438674918516153922e-01 3.889254925567440790e-01
6.049000000000000000e+03 7.025270894387676268e-01 6.166512497121884318e-01 5.307358886711925905e-01 4.633879341559405396e-01 2.490796291282802999e-01 1.419065273697433238e-01 4.851024759865405489e-01 5.096361163640021896e-01 6.367231348024254833e-01 4.626525555627808428e-01
6.050000000000000000e+03 6.087474407925104192e-01 4.121377146614496612e-01 4.890922194043552107e-01 2.661303698290218289e-01 2.597367626262593321e-01 6.643447332550426188e-01 4.673981433153496790e-01 6.937967107123366173e-01 6.396896976608398289e-01 4.222278194199734491e-01
6.051000000000000000e+03 3.816458224580670522e-01 3.222606481730193040e-01 2.908085686852938667e-01 2.358295844827121013e-01 6.570130613303878375e-01 5.954887438789876475e-01 6.723605929478856380e-01 6.609475836906901769e-01 5.330525838855926235e-01 5.508754517135999729e-01
6.056000000000000000e+03 5.948938891968107850e-02 2.305281268060027366e-01 3.802116884647916417e-01 2.499577487339900983e-01 5.443903861971922664e-01 6.562093311026186981e-01 5.821925391782334369e-01 8.897755884541636018e-01 7.771763546800968259e-01 5.056047751305114968e-01
6.057000000000000000e+03 1.792953035625327596e-01 1.563647603854767532e-01 2.460298585663849291e-01 4.751499390266205602e-01 6.107727025450621072e-01 6.667035084174011139e-01 8.962500028433780797e-01 7.669538643455302562e-01 6.474436024679083301e-01 4.282503410204587246e-01
6.058000000000000000e+03 1.184525854602457573e-01 6.285065136676496779e-03 4.398748625172259064e-01 5.481771654370478641e-01 6.282459684615878670e-01 1.000000000000000000e+00 7.373422841421118923e-01 6.429300713657341015e-01 5.183291348550085331e-01 4.545852911301073163e-01
6.061000000000000000e+03 3.049700076443724872e-01 3.751987542974434264e-01 7.853614029166490207e-01 7.574948930388620827e-01 6.780808241326139463e-01 5.404568000775923364e-01 5.142608583865229122e-01 4.339842647752915061e-01 3.822867844576980922e-01 3.201876552469087867e-01
6.062000000000000000e+03 3.638939633628787695e-01 6.902966548102857924e-01 7.145398147258114063e-01 6.618377443660158344e-01 5.714015894666650830e-01 6.658443782957560453e-01 3.353231526970124610e-01 4.152418421963783302e-01 3.680743696407682841e-01 3.140825586947777470e-01
6.063000000000000000e+03 6.574104442868046183e-01 6.087241651248650465e-01 6.367587289425921115e-01 5.599187211416851717e-01 6.791063747249722615e-01 4.840360021199132667e-01 3.120305119453470888e-01 4.026787327119086823e-01 3.591248993555420377e-01 3.355473416825476285e-01
6.407000000000000000e+03 3.511565792108894968e-01 3.163013972123389639e-01 4.888903857675241937e-01 4.633222720132842420e-01 5.184736999079646580e-01 6.601428419739102660e-01 6.518743374319500017e-01 5.958759934159879590e-01 5.566386345311399308e-01 4.179558946257087571e-01
6.411000000000000000e+03 3.993112831538244700e-01 5.614303019283242158e-01 7.774827839387113970e-01 7.541363436625799777e-01 7.683153515905043474e-01 7.516733792252902058e-01 3.316343164291326584e-01 4.289948567716359573e-01 2.810591931970720658e-01 1.955720136647688401e-01
6.412000000000000000e+03 5.779726288726489969e-01 7.264493949642095716e-01 7.500374022267736196e-01 7.958975191025658980e-01 7.961196388501315946e-01 5.329077135903085294e-01 3.821048833282545409e-01 3.510687264701510268e-01 1.856023247809152898e-01 1.675083439290165899e-01
6.413000000000000000e+03 7.549046476445107068e-01 7.196557834037364820e-01 8.066391858644116342e-01 8.492180253563065273e-01 6.381532145772315090e-01 6.165127220203880931e-01 3.045682077874825033e-01 2.756786398075864453e-01 1.572115870103283630e-01 1.503683237439862319e-01
6.414000000000000000e+03 7.573468949577206732e-01 7.962988602443088482e-01 8.591727308009142750e-01 7.039656276567116677e-01 7.184469289086562460e-01 5.477532145643100314e-01 2.111488526088985962e-01 2.546973266438267158e-01 1.346020003510945140e-01 2.028765305223585447e-01
6.415000000000000000e+03 8.214606687614460778e-01 8.510311706735360637e-01 7.313700278263414178e-01 7.749717962316025055e-01 6.525563456722242028e-01 4.418164371063861284e-01 1.731700856349405460e-01 2.252380588991966526e-01 2.214481572687659883e-01 2.369265278440173816e-01
6.416000000000000000e+03 8.800435503271872850e-01 7.076011239647198581e-01 7.977002090113860522e-01 7.187780585794710797e-01 5.716138202434641880e-01 4.125538309654216973e-01 1.420338635940933958e-01 3.207784344988863778e-01 2.887617832749011515e-01 2.349424610119905943e-01
6.417000000000000000e+03 7.150660937726016630e-01 7.520890640197758215e-01 7.219444090359258270e-01 6.051500572392995991e-01 5.119496753029946223e-01 3.389949087438888231e-01 2.343296148890929853e-01 3.603279123706652487e-01 2.567219367724399848e-01 4.129760908549175435e-01
6.418000000000000000e+03 7.251729783619633718e-01 6.288497636443077798e-01 5.991057995521361645e-01 5.132827835775638503e-01 4.158056762464999445e-01 3.937308664118464030e-01 2.496284944226324909e-01 2.992815142490834468e-01 5.435616232505597889e-01 4.706064055114434486e-01
6.419000000000000000e+03 6.063572508469839972e-01 4.784151395196629131e-01 5.183304680438085565e-01 4.142972329624742267e-01 4.566453846153072371e-01 4.033010143705734185e-01 1.593023668075967125e-01 5.862906427139135124e-01 6.410771708581924910e-01 4.979547395191987746e-01
6.831000000000000000e+03 3.091268855606655319e-01 4.544099755240890159e-01 5.578815610316353313e-01 5.318865624778362777e-01 5.997342047413144472e-01 5.861390827574105566e-01 3.553095617115491489e-01 5.574463773265501132e-01 5.755891189053892187e-01 4.223166993195259233e-01
6.832000000000000000e+03 4.149171079986778143e-01 3.972752553714428148e-01 5.065033981680002739e-01 5.609593772697503145e-01 5.847843360774521715e-01 4.723177379608471393e-01 4.767810824118066115e-01 5.904451669990334883e-01 5.278169177421134783e-01 4.212914731159293491e-01
6.833000000000000000e+03 3.810678002874857695e-01 3.570263981876922732e-01 5.479946071058551249e-01 5.672160114923578966e-01 5.104498554055064696e-01 6.228389337965963835e-01 5.470459371620491895e-01 5.599219110694945156e-01 5.436755700219462195e-01 3.870979444931192393e-01
6.835000000000000000e+03 4.084653353548067245e-01 4.330594562739874531e-01 5.103898967299087541e-01 6.393948718105932905e-01 7.197223104103168678e-01 6.777397909079884153e-01 5.522870318866474060e-01 5.328607037433287230e-01 4.195001487393109074e-01 2.872246312095338983e-01
6.836000000000000000e+03 4.068662319099870528e-01 3.537602645224725562e-01 6.065705011842957850e-01 6.908106652045300500e-01 6.749208105162464166e-01 6.908398948491963898e-01 4.580772112759335934e-01 4.431248576134199091e-01 3.001514558346465300e-01 4.181804426213478476e-01
6.839000000000000000e+03 4.987585578085932947e-01 4.894671690637169559e-01 6.341559049662449654e-01 5.929333895618201788e-01 5.120897589625520441e-01 3.117511204554607174e-01 5.082616863318782929e-01 5.554695159738960442e-01 4.992774248811334137e-01 3.638464648474959984e-01
6.841000000000000000e+03 5.135095390455005626e-01 4.699335586519194363e-01 5.214369702065766443e-01 3.954827499003503721e-01 6.981303728288764665e-01 6.857339629801136871e-01 5.039058970309051588e-01 5.011474502144549481e-01 4.530726994380167572e-01 3.495056697445776961e-01
6.842000000000000000e+03 4.856200333198985586e-01 4.148598054137383473e-01 4.440392512104238132e-01 7.189668203993961892e-01 7.320580341867322094e-01 7.008665408023863064e-01 4.722105722428807106e-01 5.190863426817847737e-01 4.513046012642009663e-01 2.628829655911997798e-01
6.843000000000000000e+03 4.411987190389872748e-01 3.302672226730705707e-01 7.199048625802129120e-01 7.594782683361670506e-01 7.523167310602572044e-01 6.770242278618124887e-01 5.056441691933974969e-01 5.235215580071828079e-01 3.040269188016053170e-01 2.169260076807854598e-01
6.844000000000000000e+03 3.514974267880731085e-01 6.449000258703929678e-01 7.432522340403682204e-01 7.667574662893670290e-01 7.194146091591050451e-01 6.963602078967765507e-01 4.970553471294579806e-01 3.630976759208996429e-01 2.123297615721803644e-01 2.470430636980951722e-01
6.845000000000000000e+03 6.191754658310040238e-01 6.467517740301313989e-01 7.275284462146895947e-01 7.084978124998233540e-01 7.089861634146525926e-01 6.557875701968524096e-01 2.448386074158037662e-01 2.479834886186816634e-01 2.440656792351562354e-01 3.114582386793725011e-01
6.846000000000000000e+03 6.437046131957371298e-01 6.527822049686453632e-01 6.997824789385337363e-01 7.232374438890022406e-01 7.003366408299771528e-01 4.256398806789715716e-01 1.147247771541350242e-01 3.011415421429508021e-01 3.786662133849608702e-01 3.454748611542430847e-01
6.847000000000000000e+03 6.370806527453256596e-01 6.067612190910344205e-01 7.009543034612765178e-01 7.014544669135132082e-01 4.929707721532672338e-01 2.753512955561779330e-01 1.727405710287537588e-01 4.267293994894667541e-01 4.277194201258050499e-01 4.152653059870775598e-01
6.848000000000000000e+03 5.882322899429629492e-01 6.014139682859520608e-01 6.771248641090250597e-01 4.921459475563838004e-01 3.595979174854474492e-01 3.270402429634069463e-01 3.382738266111169900e-01 4.707811918794055916e-01 5.453929843786116116e-01 4.409179680906247234e-01
6.849000000000000000e+03 5.812007817931631459e-01 5.709720906078243896e-01 5.009430189271651956e-01 3.596723133191397914e-01 4.007945182585144206e-01 4.950387261166627195e-01 3.964419935473563195e-01 5.883712976426436203e-01 5.888173018238527234e-01 4.250238553731232050e-01
