1.130000000000000000e+02 2.071530962560575173e-01 1.782004384473000469e-01 1.301629338564185001e-01 1.937392688171021005e-01 3.520122989106461708e-01 5.829073930453861907e-01 6.788905866615053686e-01 7.413026523248006372e-01 8.470161605953949735e-01 7.682348153858824524e-01
1.140000000000000000e+02 1.659495321160657788e-01 1.853541307557636519e-01 1.788795507832091902e-01 2.324965948096351931e-01 4.320432386878981235e-01 6.190589836493239906e-01 6.560692278301555325e-01 7.975677900930023823e-01 7.822477186283948170e-01 7.126942094201899058e-01
1.150000000000000000e+02 1.630685891122511111e-01 2.141648393723395438e-01 2.022286311763859812e-01 2.736137932336620282e-01 4.444274907594540913e-01 5.699950136103734133e-01 7.082558562762023557e-01 7.111831688797994877e-01 6.873359705698299793e-01 7.537447191681065917e-01
1.160000000000000000e+02 1.850656075407185464e-01 2.308272226442019681e-01 2.381980759302965434e-01 2.791943864575087142e-01 3.956415402888697752e-01 6.259733029998679754e-01 5.944586661197772681e-01 6.037908621021610411e-01 7.444196478540366924e-01 7.685376004659741911e-01
1.170000000000000000e+02 2.005085083155239145e-01 2.619462145612093673e-01 2.459354819665962311e-01 2.482217721741070693e-01 4.502388945760071315e-01 4.978261304549001509e-01 4.616013099788793261e-01 6.692937584989283595e-01 7.685968287315108061e-01 7.762547719448438244e-01
1.180000000000000000e+02 2.268926299539531788e-01 2.689676102324106699e-01 2.176817693799253939e-01 2.868230258196963200e-01 3.354085561714104102e-01 3.448596322964174732e-01 5.461831483880071891e-01 6.969149026244867429e-01 7.808415173991285485e-01 7.868611514563993437e-01
1.190000000000000000e+02 2.389527650054394381e-01 2.536198145385789027e-01 2.633899903957648281e-01 2.175481168884370875e-01 2.107630141013978609e-01 4.589265837375104962e-01 5.947911640854421922e-01 7.210073867041234541e-01 8.060382480823499174e-01 7.553055701044285586e-01
3.910000000000000000e+02 1.577039921302131609e-01 2.169462649686112188e-01 2.014806734180358549e-01 2.209238998820301780e-01 2.386142961163141007e-01 5.007556690505380326e-01 5.591394364676099960e-01 7.634466750065738161e-01 8.294246111430423340e-01 8.619545374829880036e-01
3.920000000000000000e+02 1.779730958118421191e-01 2.188518842296624245e-01 1.745274176872867733e-01 1.226781538126646837e-01 3.112491419911306290e-01 4.288338434542146027e-01 6.403012662985655412e-01 7.436419064406981638e-01 8.876183769898200460e-01 8.535754074620494070e-01
3.930000000000000000e+02 1.841320659942490001e-01 2.025984502333032233e-01 8.887656286790041049e-02 1.798757818025395472e-01 2.565902837538673875e-01 5.347300970919597329e-01 6.251851403284500730e-01 8.153880393598578191e-01 8.826227657748942912e-01 8.310737964658815313e-01
3.940000000000000000e+02 1.715314267709679985e-01 1.343296774595365006e-01 1.439790385264289874e-01 1.435859044676355278e-01 3.545149120789644059e-01 5.192999750451045005e-01 7.181123298863458793e-01 8.113620650522798128e-01 8.511079360648311498e-01 8.295662769813669790e-01
4.930000000000000000e+02 1.897509685034816096e-01 3.497259062822432596e-01 2.876751227604675831e-01 2.724086750892211750e-01 3.270507893173841829e-01 5.241189114305842001e-01 6.163397307178745121e-01 7.187101855141158069e-01 6.399764108370884497e-01 6.908260560565894215e-01
4.940000000000000000e+02 3.079103596457248293e-01 3.127996793245508833e-01 2.528190019793308818e-01 2.149755918573943436e-01 3.781950250559069082e-01 5.457215678489296673e-01 6.269059098858894563e-01 5.695534117207493585e-01 6.687353522728443078e-01 6.957962194090053787e-01
4.950000000000000000e+02 2.878519146147107688e-01 2.972271037568466889e-01 2.141938537422253541e-01 2.667973636692218542e-01 4.218416751762318895e-01 5.844904715886165558e-01 4.595884491303486308e-01 6.188669208874639782e-01 6.920987371687626899e-01 7.226174965481403367e-01
5.590000000000000000e+02 1.749765360966920869e-01 2.326267748372783384e-01 2.096927819295926199e-01 2.229037334852280450e-01 2.825527395104390216e-01 4.865960231465659702e-01 5.900476953066012831e-01 8.000481045972309690e-01 8.243805413708016339e-01 7.730651318472944178e-01
5.600000000000000000e+02 1.995782906378828492e-01 2.359437059455117003e-01 1.892826124794413645e-01 1.665131789994107603e-01 3.182417558941436075e-01 4.865802344611870334e-01 7.056705162279721666e-01 7.529607069104282679e-01 7.714432471188007456e-01 7.887341419611604287e-01
5.610000000000000000e+02 2.012253930575639838e-01 2.181022216001565761e-01 1.345343673801592532e-01 1.893566853087163548e-01 3.157130027397299643e-01 6.182257470456367088e-01 6.434677885258364149e-01 6.929635272859717698e-01 7.926115762804679665e-01 8.257903961125416803e-01
5.620000000000000000e+02 1.864654914714660439e-01 1.738023673407114167e-01 1.560505522297046255e-01 1.876163032841683675e-01 4.350904748996052285e-01 5.459126059214004512e-01 5.672730499611213784e-01 7.162022073925119470e-01 8.467126773541884255e-01 8.275591449893542340e-01
5.650000000000000000e+02 1.542972839425822140e-01 2.417783399172307168e-01 1.760737954016573237e-01 1.553832490128634058e-01 2.999686203904349813e-01 5.567925746793666031e-01 6.564220467247127155e-01 7.864040530799112361e-01 8.276716314852974321e-01 7.929507583304888918e-01
5.660000000000000000e+02 2.033973824826564580e-01 2.042178130377664547e-01 1.201208686138097309e-01 1.725948543717662764e-01 3.732787937993682914e-01 5.542398748821043553e-01 6.801387382721219010e-01 7.501332069696198257e-01 7.946280149571931517e-01 8.026553292961020603e-01
5.670000000000000000e+02 1.772579955220337511e-01 1.648806786852151096e-01 1.436573146726148886e-01 2.308705047586505077e-01 3.823291890338418875e-01 5.943578011991080823e-01 6.448650237008429764e-01 7.223325411417552688e-01 8.165103373435488310e-01 8.078477003318584870e-01
8.300000000000000000e+02 2.028072398231740847e-01 2.486210939259635433e-01 2.321751696817677679e-01 2.411259147662089264e-01 2.968337849726844224e-01 4.929890682498841992e-01 6.293161477539523929e-01 7.102507063775538310e-01 8.068515308444679235e-01 7.397448685228752430e-01
8.310000000000000000e+02 2.202946677495896399e-01 2.631870154795658001e-01 2.176017738296980586e-01 1.881183250049028033e-01 3.411638475718467012e-01 5.511616220548698486e-01 6.078455000532513308e-01 7.465206685597695069e-01 7.343639325469253354e-01 7.466784370726948783e-01
8.320000000000000000e+02 2.341186317126057181e-01 2.535009721374450464e-01 1.702199018328446889e-01 2.214457696217132232e-01 3.980107830949686787e-01 5.306049577624520897e-01 6.577851066010094172e-01 6.698344556217231682e-01 7.472177163393338706e-01 7.486253590433964433e-01
8.330000000000000000e+02 2.254710231197623593e-01 2.143570319501066079e-01 2.007300632416695874e-01 2.596558316962116475e-01 3.779155513217621332e-01 5.871709725997380502e-01 5.589065170181902742e-01 6.829064593554017293e-01 7.491005991680974585e-01 7.695087431689260349e-01
9.030000000000000000e+02 1.713367608820665078e-01 1.984716289162668790e-01 1.578759265527101829e-01 1.924391146689072296e-01 3.434164910913952151e-01 5.096353829807790392e-01 6.339150777208700793e-01 7.324563065206296519e-01 8.157530537697366135e-01 8.537192392505674743e-01
9.040000000000000000e+02 1.642775305545198516e-01 1.855053348229504795e-01 1.500743593949448451e-01 1.972499941981465665e-01 3.229153891599366166e-01 5.196722049247056718e-01 6.044237002118256763e-01 7.313585671918551023e-01 8.780917419934718415e-01 8.530024802676814399e-01
1.107000000000000000e+03 1.834746002159385325e-01 2.252390478929204021e-01 1.761819066308936421e-01 2.133353324258322192e-01 3.652120769510201481e-01 4.900249110818051812e-01 6.009598713389460167e-01 7.145012948204140235e-01 8.149775567773169804e-01 8.155666818769876647e-01
1.118000000000000000e+03 1.694288048433024718e-01 2.192048448675450179e-01 2.201766769127241063e-01 2.456798214228704258e-01 3.704262195467608598e-01 5.372703617200857984e-01 5.960179856843524915e-01 7.231017584430626810e-01 7.900882827281745513e-01 7.741471958390014896e-01
1.119000000000000000e+03 1.890027921581831083e-01 2.450709137736425680e-01 2.115315013853426851e-01 2.278623741925965285e-01 3.654212512147378966e-01 4.948647415821215145e-01 6.090901400399887367e-01 7.162189440819907160e-01 7.738500800184959783e-01 7.776400840020183391e-01
1.120000000000000000e+03 2.129621581068476543e-01 2.411595036849892293e-01 1.985522298755431903e-01 2.284548309916322184e-01 3.328101845648290813e-01 5.165221200117233735e-01 6.058965339515212101e-01 7.027512249246883336e-01 7.829253867070566919e-01 7.740998398712682915e-01
1.121000000000000000e+03 2.144786971411021814e-01 2.363872708339048168e-01 2.061959910472543067e-01 2.134926401481686831e-01 3.633657188188573195e-01 5.248231935141132176e-01 5.991007836702948453e-01 7.208463263445844538e-01 7.851486193307656292e-01 7.541088555060343479e-01
1.122000000000000000e+03 2.103585620353968233e-01 2.423783469791135070e-01 1.918369240249550856e-01 2.342918117385129062e-01 3.705191370341475721e-01 5.164904837486014033e-01 6.217471304789840003e-01 7.230042604165218822e-01 7.556663824213126768e-01 7.573526573257518546e-01
1.123000000000000000e+03 2.146032055789657278e-01 2.298794978987954152e-01 2.103810451277640381e-01 2.380873962509973130e-01 3.613071262107893089e-01 5.410347331502105561e-01 6.229305611812282484e-01 6.893752525101424222e-01 7.592940421562774933e-01 7.598272388496467578e-01
1.124000000000000000e+03 2.040811288688903213e-01 2.446963114997592892e-01 2.137062398012558873e-01 2.314688521855795267e-01 3.831984801057233270e-01 5.419815279397584007e-01 5.798045049130868822e-01 6.930718902160027950e-01 7.626467568596200231e-01 7.660390880843164219e-01
1.125000000000000000e+03 2.144356513933311503e-01 2.450744494220562786e-01 2.046087605799547238e-01 2.435236805829605888e-01 3.796562619503776048e-01 4.869539775736853038e-01 5.803487882050617497e-01 6.934869819245956801e-01 7.687484404209043998e-01 7.731624627703511665e-01
1.126000000000000000e+03 2.136533284448434433e-01 2.363850395541011729e-01 2.143384935146024628e-01 2.393499273307072850e-01 3.272076765382429531e-01 4.848246281415738990e-01 5.785019668700438489e-01 6.983218041141735499e-01 7.774542402828287235e-01 7.948593437547180063e-01
1.274000000000000000e+03 2.141424464650311388e-01 2.730156611282961165e-01 1.724035721568525636e-01 2.029353135192460966e-01 3.371044013407046291e-01 4.785119465391945437e-01 6.110885796465367337e-01 7.129471947871613979e-01 8.111753058392389137e-01 7.664080533278518903e-01
1.275000000000000000e+03 2.401984470707958230e-01 2.144005693043612160e-01 1.811394797867256767e-01 2.154018338338043459e-01 3.273304022943006597e-01 5.291835754501764688e-01 6.106197350072308794e-01 7.507566474987513727e-01 7.728701866551370703e-01 7.617928356738421503e-01
1.276000000000000000e+03 2.017974312432480599e-01 2.337401231024889281e-01 2.080487894103452973e-01 2.247251461932177619e-01 3.966998877341669227e-01 5.543747711385764720e-01 6.808751138791169222e-01 7.260418412627588358e-01 7.819324539805193597e-01 6.918623680650864971e-01
1.277000000000000000e+03 2.130031990489752447e-01 2.497262614635482603e-01 2.096425811846564236e-01 2.649410844126764419e-01 4.084783809244989516e-01 6.239721264525296407e-01 6.388813074516801471e-01 7.277440973865351159e-01 6.721243221548715008e-01 6.970521491360350819e-01
1.278000000000000000e+03 2.238332733646618555e-01 2.480974343396243065e-01 2.439779999234596986e-01 2.692315373863416461e-01 4.661309663459644037e-01 5.689325036307207872e-01 6.357879367809309290e-01 6.028750390918438118e-01 6.759928530361628551e-01 7.324253164725379461e-01
1.279000000000000000e+03 2.245552389073011412e-01 2.784327967582239105e-01 2.511215697987706497e-01 3.122806762103814138e-01 4.209033402288782644e-01 5.705722934061920881e-01 4.814093720498379136e-01 6.106322239581307709e-01 7.309198103644001243e-01 7.241659821356998261e-01
1.406000000000000000e+03 2.268752020358129062e-01 2.099635021884238839e-01 2.894592022793207042e-01 2.562031463971792267e-01 3.653333367356434436e-01 6.425820824794807873e-01 4.749481059051913756e-01 6.925218502043052338e-01 7.336347822387958573e-01 7.386780778873801578e-01
1.407000000000000000e+03 1.925579050508868517e-01 3.148277234962686411e-01 2.382430286314618784e-01 2.421346916745297229e-01 4.869110729041052354e-01 3.822552100470574810e-01 5.946254632917810090e-01 6.733633675200797475e-01 7.394601782676787360e-01 7.312121195442137234e-01
1.408000000000000000e+03 2.769063653488396670e-01 2.702308798929931033e-01 2.211748490649129151e-01 3.219407157920246565e-01 2.446277656107244958e-01 5.152202758218693557e-01 5.647461753234291892e-01 6.754417877811838000e-01 7.246087018780648092e-01 7.187077542088651239e-01
1.409000000000000000e+03 2.486030426465372645e-01 2.668180818909458574e-01 3.094003539477532261e-01 1.684135294215554079e-01 3.851391015031873644e-01 5.021513016824736830e-01 5.860469697138941392e-01 6.737639482851121020e-01 7.196291430473950035e-01 7.267089878159942451e-01
1.410000000000000000e+03 2.443177838126603663e-01 3.366309849159975220e-01 1.622600753600796364e-01 2.631167499199648097e-01 3.699333879342090459e-01 5.233215154645144418e-01 5.807713331533010948e-01 6.658188400577671473e-01 7.291010457543619649e-01 7.101257229278223893e-01
1.411000000000000000e+03 3.019420505108946218e-01 2.169475608432977487e-01 2.512724381763473680e-01 2.521912807720261274e-01 3.885534513248997124e-01 5.164860247425937523e-01 5.700669895810496213e-01 6.757794930339616757e-01 7.044102280587739573e-01 7.081240155752757115e-01
1.412000000000000000e+03 2.071720925948538350e-01 2.946044432447261219e-01 2.476759085844495445e-01 2.721665357520065553e-01 3.926588264497465341e-01 5.153550651236222802e-01 5.924897358578902207e-01 6.562433188500728098e-01 7.084168115906404051e-01 7.270176041850797688e-01
1.566000000000000000e+03 1.781641582032974236e-01 2.697276754810422061e-01 1.958395790944305326e-01 2.006384115298328330e-01 3.926019397742144257e-01 6.652214666817191091e-01 6.828502184869567060e-01 7.827561679387706750e-01 7.008071317675417244e-01 6.846107730307312567e-01
1.678000000000000000e+03 2.257342260177597204e-01 2.704569450831671995e-01 2.207331101993768030e-01 1.582190443597855101e-01 2.988255730629404971e-01 4.447585450447267275e-01 6.201815589226449266e-01 7.127323302864468912e-01 8.145405843887560948e-01 7.772304738624624676e-01
1.679000000000000000e+03 2.423705800086931039e-01 2.587239343168613037e-01 1.453066595316106768e-01 1.957519690135059720e-01 3.064567323252118669e-01 5.505860231122696735e-01 6.196358649216735515e-01 7.617865049182457327e-01 7.953437527395608164e-01 7.331006592179249992e-01
1.680000000000000000e+03 2.355816947561105434e-01 2.010991338860202704e-01 1.850731065264174802e-01 2.056302022949854091e-01 4.093233480231436294e-01 5.573599931582295941e-01 6.884328406458198879e-01 7.456875416048830418e-01 7.353325379028492481e-01 7.228382630238343598e-01
1.681000000000000000e+03 1.815784740689308785e-01 2.258101961848100747e-01 1.850949597075587372e-01 2.666890847816372201e-01 4.011000400541703814e-01 6.216223188317452353e-01 6.543194036195703056e-01 6.690192068521598756e-01 7.106545768354471937e-01 7.757357601628741550e-01
1.684000000000000000e+03 2.038010711758093396e-01 2.236163739895299374e-01 2.201039893950224591e-01 2.180240379307368526e-01 2.362181362507337623e-01 3.358241792528974257e-01 5.504457654366047281e-01 8.150613851007558752e-01 8.512929765823098460e-01 8.229408727850767713e-01
1.685000000000000000e+03 1.903461753494700426e-01 2.422169811284058116e-01 1.820351676292215615e-01 1.318150901367970140e-01 1.774580295556615339e-01 4.360504387144164551e-01 7.208404259803132819e-01 7.794470716520550679e-01 8.414839086841799931e-01 8.369057747133425984e-01
1.686000000000000000e+03 2.050084828904856493e-01 2.105433602656286429e-01 9.977514908894336010e-02 9.023173400963838131e-02 2.666806565823019448e-01 6.322799052479581849e-01 6.740329346747588879e-01 7.674351364395542996e-01 8.607338993261598459e-01 8.294076367719918075e-01
1.774000000000000000e+03 1.078287485001355461e-01 1.514024433915936163e-01 1.165371426201800148e-01 2.693060890363343507e-01 4.773100260075389123e-01 7.368340323939879255e-01 8.696967836614277747e-01 8.587374975669406219e-01 7.194185000244616157e-01 6.542537718732863716e-01
1.775000000000000000e+03 1.371348042772382592e-01 1.663175787224779045e-01 2.401959526511411036e-01 3.082862505228680661e-01 5.563733398689828524e-01 8.241162104562298474e-01 7.908011495032608584e-01 6.459003129835305668e-01 6.053261353357782815e-01 6.700174299466238326e-01
1.776000000000000000e+03 1.533710984784571740e-01 2.712114063488387239e-01 2.828263125045839543e-01 3.690387885116534483e-01 6.447361062424300515e-01 7.423482167665323983e-01 5.287438668904965722e-01 5.271415866191723198e-01 6.343739648297063161e-01 6.637714444949197601e-01
1.778000000000000000e+03 2.721620416819972021e-01 3.561578512406178287e-01 4.025159868346301351e-01 3.839710662206081704e-01 3.008704036087108680e-01 2.695286890278053016e-01 4.252892806397210457e-01 5.545095386915958047e-01 6.861805335348649670e-01 7.228280226556519361e-01
1.779000000000000000e+03 3.174458411403315305e-01 4.109911491849306819e-01 3.643503458183202648e-01 2.034541173747264620e-01 1.563106527695686254e-01 3.335869833799198214e-01 4.269005423380255460e-01 6.273935294737875701e-01 7.219482006531261487e-01 7.447139543824512486e-01
2.029000000000000000e+03 3.558786196276250702e-01 3.813150886162596787e-01 1.779063679594148906e-01 2.018116020156393020e-01 3.401118357432620365e-01 4.565082796009435895e-01 4.096804670301941731e-01 5.965209985163311135e-01 6.521557880903223747e-01 8.029004096376541888e-01
2.030000000000000000e+03 3.481624775882575240e-01 2.404941795254673109e-01 2.067924127723594629e-01 2.458426446426668355e-01 3.484260889232108083e-01 3.395894524786282620e-01 5.012365313527795685e-01 6.063299329477774835e-01 8.542631093032778677e-01 7.418451600136091173e-01
2.031000000000000000e+03 2.212097632782010492e-01 2.518572281351331155e-01 2.334641621814766699e-01 2.357618423176106037e-01 2.192577127462538578e-01 4.212764446222266312e-01 4.921708997028028110e-01 8.117873562327875270e-01 7.492774149688343766e-01 8.297937969336887098e-01
2.034000000000000000e+03 2.094672150979316472e-01 1.584034086334887292e-01 1.397060336470038466e-01 1.399316403016666044e-01 4.852514355268600088e-01 4.617019771209804335e-01 7.153475398042842270e-01 7.182876790077740159e-01 8.542492149276731395e-01 7.935561443692394912e-01
2.035000000000000000e+03 1.408814633985876474e-01 1.825969201564644762e-01 1.151791486587483843e-01 3.104604192924444450e-01 3.019397764556698838e-01 6.392567222379740288e-01 6.077836508140990190e-01 7.904763862525505669e-01 8.056436589819748750e-01 7.994222557241087435e-01
2.036000000000000000e+03 1.595771744553398097e-01 1.611362103253642930e-01 2.738713401860496943e-01 1.820754664532178713e-01 4.599407160358744417e-01 5.107532230814525454e-01 6.965835341756091426e-01 7.347947407973122180e-01 8.121217733383692128e-01 7.384939071507444774e-01
2.037000000000000000e+03 1.481208396782322523e-01 2.973234717120140091e-01 1.623515777703865015e-01 3.010167692164848474e-01 3.579644994911354017e-01 6.302043741617461281e-01 6.396921658136968114e-01 7.528158695646547383e-01 7.329893723424502072e-01 6.972746574414324661e-01
2.038000000000000000e+03 2.550259140796011237e-01 1.999191818013927313e-01 2.657209810940429628e-01 2.214485763524622342e-01 4.528793871688755468e-01 5.491240417254652506e-01 6.498242317785617450e-01 6.558564330388314545e-01 6.637050303583664768e-01 7.414826966445644540e-01
2.116000000000000000e+03 8.330007796208041548e-02 1.205350154705268073e-01 1.425256755789666152e-01 4.400371936656533034e-01 4.856839328800421907e-01 7.311868445410090178e-01 6.938921458358372485e-01 7.469499448239507178e-01 7.231773442991115131e-01 7.257924023051186557e-01
2.119000000000000000e+03 3.250107437031857227e-01 2.823374589739794938e-01 3.022955405307822807e-01 2.655261261331617328e-01 3.676478134208228665e-01 3.858566596352527300e-01 4.744708374488125768e-01 6.248017944857685579e-01 7.273062190990924325e-01 7.074952324543408722e-01
2.120000000000000000e+03 2.679108166393117663e-01 3.438691112083100965e-01 2.699093500442895088e-01 2.679203421160521459e-01 2.885104271816813504e-01 4.200231305404976689e-01 5.414436128564107387e-01 6.924138328447413393e-01 7.174297625892598340e-01 6.899686690889357266e-01
2.121000000000000000e+03 3.112010890169921162e-01 3.081746766941800830e-01 2.606198773421511405e-01 2.010603305323347689e-01 3.019933530137778321e-01 4.787513908884468150e-01 6.109016342559414614e-01 6.684026511657877867e-01 6.798584225073057707e-01 7.026137340836476897e-01
2.122000000000000000e+03 2.812778257795234271e-01 3.002657574808390017e-01 1.970101684291908628e-01 2.098891781907402942e-01 3.547041321211772957e-01 5.589626195537400477e-01 5.796588845283877633e-01 6.265215006700969314e-01 6.979029677346090255e-01 7.522686807884145788e-01
2.133000000000000000e+03 2.510580148892272434e-01 1.918237634091309873e-01 2.005758069203891769e-01 2.432300418271622910e-01 3.365335640475400902e-01 5.009231671102001293e-01 6.468545850096106831e-01 7.043081703091024215e-01 7.803969900551187555e-01 7.510278285449086821e-01
2.134000000000000000e+03 1.766703048332108339e-01 2.417396044993853632e-01 2.247211709435052995e-01 2.209159177944714225e-01 3.562532677817993876e-01 5.802961782738584873e-01 6.077586176363818371e-01 7.233248907889057167e-01 7.561925348632405619e-01 7.655426827876363749e-01
2.135000000000000000e+03 2.084230377384234945e-01 2.496837973959561141e-01 1.893527233063659054e-01 2.193237965372886178e-01 4.062251986846158736e-01 5.104705281319299459e-01 6.110537169781037337e-01 6.803183028646063724e-01 7.624856737760603576e-01 7.779870028162249040e-01
2.245000000000000000e+03 2.237799294582327181e-01 2.558442584891405525e-01 2.326075614553981263e-01 2.998796106540516648e-01 5.480407244527121247e-01 5.501054396726123841e-01 6.421980984411810311e-01 5.969016008701514275e-01 6.783759614929527615e-01 6.816899487600158736e-01
2.246000000000000000e+03 2.320470765046388772e-01 2.705088934111437582e-01 2.816456571312020429e-01 3.704892351561613340e-01 4.062552844105368210e-01 5.807465815428878297e-01 4.761085141005091392e-01 6.150630539377093253e-01 6.583513334077498724e-01 7.138149048236124283e-01
2.247000000000000000e+03 2.425380354843151287e-01 3.082506489808297112e-01 3.457804436668677761e-01 2.700430502321676252e-01 4.302759351627984952e-01 3.831057689647722753e-01 4.956436455215362247e-01 5.902305674392073209e-01 7.027863571002239684e-01 7.387124193731564592e-01
2.248000000000000000e+03 2.750333031493190084e-01 3.617147646106778081e-01 2.528069754082808984e-01 2.885249446755955849e-01 2.534776854354282571e-01 4.088829802269990377e-01 4.666426584468689187e-01 6.411439058595124196e-01 7.410676967421756522e-01 7.384139740685945474e-01
2.249000000000000000e+03 3.292349145685825040e-01 2.981553197608816097e-01 2.848510669713347765e-01 1.818686544031241359e-01 2.991171911134620776e-01 3.995088278104061419e-01 5.524719013056983430e-01 6.998456551468138498e-01 7.557176386802961776e-01 6.796821423374899140e-01
2.250000000000000000e+03 2.812175797004164424e-01 3.299007301010085658e-01 1.910483817632123438e-01 2.208134911383223820e-01 3.013207777154008893e-01 5.114870686194286087e-01 6.374917715470169721e-01 7.240128444459228430e-01 6.769185519627992642e-01 6.929247773318581993e-01
2.251000000000000000e+03 2.994164501880709484e-01 2.439454633535544370e-01 2.158352072579464431e-01 2.096014318135863141e-01 3.847308499480887045e-01 5.902473948160819051e-01 6.507285046883710677e-01 6.234748032329026080e-01 6.838896646512173660e-01 7.188322021048962895e-01
2.252000000000000000e+03 2.293648175840722614e-01 2.655860867939773273e-01 2.071237153783954121e-01 2.691919469148763566e-01 4.592650063402380356e-01 6.088815253466132171e-01 5.254031080162990808e-01 6.332889085946827867e-01 7.237720424348901282e-01 7.263246996125659605e-01
2.253000000000000000e+03 2.381927199982342702e-01 2.475223043465927808e-01 2.498043611820486842e-01 3.061837947562347506e-01 4.552246107482740278e-01 4.398512322003842456e-01 5.182608913155062336e-01 6.617268813140272377e-01 7.206739959467103329e-01 7.383684603524331980e-01
2.254000000000000000e+03 2.223177760598161190e-01 2.810229486083965500e-01 2.833508906669613414e-01 3.019600752280267586e-01 2.996136452525651195e-01 4.292622720059798835e-01 5.524854977362935182e-01 6.567838844447455582e-01 7.368892449843754688e-01 7.565857607445590771e-01
2.519000000000000000e+03 2.702169203515832341e-01 2.554557040906060283e-01 2.082935727246233715e-01 3.653898277949283457e-01 4.006849206180296274e-01 5.277635416295131110e-01 5.772366396538789468e-01 6.716048989954581661e-01 6.553474228264384305e-01 6.844590767258447173e-01
2.520000000000000000e+03 2.359688792411280545e-01 2.559115227053032626e-01 3.498647245916168824e-01 2.755462851240045863e-01 3.956782971298232754e-01 5.157597144379739706e-01 5.803446499774161937e-01 5.968893200472669136e-01 6.689136080798091522e-01 7.231202640943650284e-01
2.521000000000000000e+03 2.318814846869225177e-01 3.653115678729332849e-01 2.583495491074181416e-01 2.650278719374243308e-01 3.745403623728571496e-01 5.081348371856967416e-01 4.756175360832824439e-01 6.042806474509443415e-01 7.186193344629807633e-01 7.290855718649884576e-01
2.522000000000000000e+03 3.134388877494565517e-01 2.801926187341985397e-01 2.349669638374562441e-01 2.362066169774492408e-01 3.469803120522318984e-01 3.635885371612789796e-01 4.656516594162471989e-01 6.436629211320368249e-01 7.134320615169368329e-01 8.113256256372723962e-01
2.523000000000000000e+03 2.500393158041809838e-01 2.697799519399408097e-01 2.182978026719997189e-01 2.283355852145846632e-01 2.318152308663034844e-01 3.696198224576010549e-01 5.309028391382974998e-01 6.499186175939816179e-01 8.445874609858490256e-01 8.314763905737815319e-01
2.706000000000000000e+03 1.795487930343707683e-01 2.833842870941078451e-01 2.265067652644438545e-01 2.876822005730838572e-01 4.724586403641912735e-01 4.319428532064250592e-01 6.354674165766106553e-01 6.284258290727038343e-01 7.117568856416210954e-01 7.634387714140249415e-01
2.707000000000000000e+03 2.540314527057550564e-01 2.645441098583023454e-01 2.688729485624256621e-01 3.170071714392463935e-01 2.969659577538336093e-01 5.707745931875309875e-01 5.144098416684609321e-01 6.503528877808339992e-01 7.766363121890790255e-01 6.742310062981142771e-01
2.708000000000000000e+03 2.421222443536296676e-01 3.033812727957195809e-01 3.020993926663801399e-01 2.017747243562856285e-01 4.316052468668468700e-01 4.390570590014500341e-01 5.502986662228434023e-01 7.280275722851347053e-01 6.518215575596393307e-01 7.189535367726876958e-01
2.709000000000000000e+03 2.781986503600080152e-01 3.350112281422137905e-01 1.990099783637746533e-01 3.007939311789131764e-01 3.206417086523351556e-01 4.905514396266444366e-01 6.575361690916452506e-01 5.971606846957453474e-01 7.232025132570378823e-01 6.691406516204305710e-01
2.710000000000000000e+03 3.027088456703169173e-01 2.492752001455993405e-01 2.899766977738255647e-01 2.214634902835748154e-01 3.635450223049635499e-01 6.112400322327113944e-01 4.871490295757471833e-01 6.728364972106263275e-01 6.476286174386449712e-01 7.245923916692067479e-01
2.711000000000000000e+03 2.360286084595270284e-01 3.284865465741114710e-01 2.216648554403413129e-01 2.581015436816466169e-01 4.835218247173000972e-01 4.237459516600019516e-01 5.931299349476686356e-01 5.971408643018510931e-01 7.356667478133134264e-01 7.083462969726198599e-01
2.891000000000000000e+03 3.039137157900904662e-01 4.660931228693398487e-01 3.562703283234483487e-01 2.521775855133269739e-01 1.734153110291041244e-01 3.414161225642384223e-01 3.288417779638773686e-01 5.424704942724402068e-01 6.761548377750413730e-01 8.043324799701953021e-01
3.100000000000000000e+03 4.247890513065750162e-01 4.302889661022507028e-01 4.861447724419260541e-01 5.002145237080013462e-01 2.801283922134819582e-01 1.891513137846506099e-01 2.742801799610399272e-01 5.064988815319407811e-01 5.987113205855246756e-01 5.614761272935204772e-01
3.165000000000000000e+03 1.177833422062449509e-01 2.492843222508994150e-01 2.419530259824523855e-01 2.749204056106719918e-01 2.502827884008929082e-01 5.399314585238835784e-01 6.115398007376553480e-01 7.979279651275046348e-01 8.560218516988923332e-01 7.228657080974498772e-01
3.166000000000000000e+03 2.169872322476102122e-01 2.664403813051381409e-01 2.437042952229952208e-01 1.499802956297298928e-01 3.749337785567163350e-01 5.207287001166408524e-01 7.109014552487480376e-01 7.939342337064938526e-01 7.037389115436063491e-01 6.922374583572874496e-01
3.167000000000000000e+03 2.459533281742030120e-01 2.856946189593716490e-01 1.477306126734254099e-01 2.591475645596015287e-01 3.912789226131811460e-01 6.737762594510084968e-01 7.380133175389101963e-01 6.516289296475971105e-01 6.816385102646232985e-01 6.573072433023005035e-01
3.168000000000000000e+03 2.716483609317519865e-01 2.194348294686459255e-01 2.652884889744881458e-01 2.857501838445729025e-01 5.528242547992110456e-01 7.300362874830231830e-01 5.776900976555271461e-01 6.436797328273562435e-01 6.453105337555330445e-01 5.954663649774348810e-01
3.169000000000000000e+03 2.152366845547809271e-01 3.132851268924245480e-01 2.883928291224292506e-01 3.952347892554743392e-01 6.008668812137765158e-01 5.394209376785816801e-01 5.645898934246580403e-01 6.013193660504972948e-01 5.525695191113352278e-01 6.364332656377604813e-01
3.170000000000000000e+03 2.890034315574503410e-01 3.270087345869420736e-01 3.856475111259320410e-01 4.217895673732204309e-01 4.178145515991598669e-01 5.136809782865076057e-01 5.016589538846869534e-01 4.921722266044492589e-01 6.062840712155240785e-01 6.154184243812544919e-01
3.171000000000000000e+03 3.033710636329753907e-01 4.095852315056921489e-01 4.152094345537229447e-01 3.000148897138045778e-01 4.011523784730831044e-01 4.476715527678404305e-01 3.688626468290545635e-01 5.562911245807321547e-01 5.799867261538795837e-01 6.667223818389771406e-01
3.172000000000000000e+03 3.722420060639959893e-01 4.339557878149238879e-01 3.005204895087609795e-01 2.889636285063342247e-01 3.417376883418643541e-01 2.934351463981711428e-01 4.512261049823115822e-01 5.278045668474083962e-01 6.556184443508641380e-01 6.794294117649849474e-01
3.173000000000000000e+03 3.912182592268514392e-01 3.392968038351092397e-01 2.882225377301574354e-01 2.459532792439953208e-01 1.985477408617224160e-01 3.864633915944644671e-01 4.122709929752987335e-01 6.090615466712133719e-01 6.723450482927300076e-01 7.656818196910825103e-01
3.174000000000000000e+03 3.103547704187238354e-01 3.265815823082187652e-01 2.442189831051605753e-01 1.435037068765461776e-01 2.781075428714140374e-01 3.354169490208805948e-01 5.110130559269877581e-01 6.236967227140038927e-01 7.952436718207904764e-01 8.077073073091756150e-01
3.338000000000000000e+03 7.303352757063273637e-02 1.985469402084394652e-01 1.675656050328407920e-01 2.484459480631844297e-01 5.364691868629027915e-01 5.437509697770732675e-01 6.347399493360993405e-01 8.258162181153544390e-01 7.636784836416148359e-01 7.869586006859103922e-01
3.339000000000000000e+03 1.736688319690605220e-01 2.046183470084516620e-01 2.167787065299717764e-01 3.450327776614413033e-01 3.753632552516487086e-01 5.443712567389480395e-01 7.434449102089464301e-01 6.902389495887915061e-01 7.953149087185167332e-01 6.568080089764799512e-01
3.340000000000000000e+03 1.950313550922858630e-01 2.642897468816279849e-01 3.325022978208030944e-01 2.600232463702043528e-01 4.136180417847221680e-01 7.126475245941095160e-01 6.067523270042503025e-01 7.530620662901307272e-01 6.303309369394527462e-01 6.070359759979252479e-01
3.341000000000000000e+03 2.484951212356046324e-01 3.630164291747236538e-01 2.581100991594935667e-01 2.926967295666667579e-01 5.757953852219056534e-01 5.632675598048416665e-01 6.953651954260003931e-01 5.780932367805978744e-01 5.634662965926616751e-01 5.920534098428743564e-01
3.342000000000000000e+03 3.330950773869603143e-01 3.057860655826953322e-01 2.929011884475173910e-01 4.089104183892835476e-01 4.458848660439587164e-01 6.732688614583453024e-01 4.780163015086414946e-01 5.088172145578554462e-01 5.454811575985504257e-01 6.246496318231867795e-01
3.343000000000000000e+03 2.901270707342200050e-01 3.395473178752448917e-01 4.096158735045963839e-01 3.263210734493725562e-01 5.564691646068696818e-01 4.309762069915181737e-01 3.993626932628315251e-01 4.965611754122272736e-01 6.001408872389779603e-01 6.725654025832168426e-01
3.344000000000000000e+03 3.105353583232938752e-01 4.251007444512430178e-01 3.201250356545158882e-01 3.906973588053304081e-01 3.185438709523185086e-01 3.202932252022192006e-01 3.676083293344885039e-01 5.441249945074551064e-01 6.588061023736448973e-01 6.988220409144187961e-01
3.345000000000000000e+03 3.802952323452644112e-01 3.509517789278810418e-01 3.791056258076212493e-01 2.244157739750242408e-01 2.150624670816989881e-01 2.802038414967146229e-01 4.255872341480296250e-01 6.066667699328081031e-01 6.953782240188766117e-01 7.326481113514088372e-01
3.346000000000000000e+03 3.235207483882684421e-01 4.045953969597392841e-01 2.290021508301562647e-01 1.603123681245119669e-01 1.892344767594877630e-01 3.595596124265307281e-01 5.153838884259411834e-01 6.549113726810393832e-01 7.521887631085256709e-01 7.627996495482066708e-01
3.357000000000000000e+03 1.685714360665666323e-01 1.616029411963010309e-01 1.403660025891124430e-01 2.197549497730180990e-01 3.376869321935337953e-01 4.772659570690505615e-01 6.961626088843788640e-01 8.043907374691466883e-01 8.949389294252469984e-01 7.701967005562745383e-01
3.358000000000000000e+03 1.400589035941490479e-01 1.789272852889529919e-01 1.851858528143446592e-01 2.032792398418609148e-01 3.080423852926523764e-01 6.080338325272176547e-01 7.095248972150229871e-01 8.291189340443788636e-01 7.660745697123839681e-01 7.891574770849146825e-01
3.359000000000000000e+03 1.474096945170761674e-01 2.067199654944627540e-01 1.592085016689793464e-01 1.717854347599720721e-01 4.104131680265007409e-01 6.056721273667567962e-01 7.255058793029673936e-01 6.756441918875534247e-01 7.827957359467248022e-01 8.262929073191304097e-01
3.414000000000000000e+03 2.124135402183518206e-01 2.378369840874777486e-01 2.931263560596172879e-01 3.170853421574791886e-01 4.723185230300849247e-01 5.201726380803608496e-01 6.724743068598469931e-01 7.203679690961612980e-01 6.043142539494860133e-01 6.614890058008634499e-01
3.415000000000000000e+03 2.254806318310716151e-01 3.297609936086478011e-01 3.104487771250951100e-01 3.315646597725700473e-01 3.982462581754968034e-01 6.372478893565164393e-01 6.514074622901563361e-01 5.476596707204208769e-01 6.416140213188560315e-01 6.209994203660823553e-01
3.416000000000000000e+03 3.011164707956359710e-01 3.430289501364268134e-01 3.231511338359457919e-01 2.793718904388606816e-01 5.032488462492362702e-01 6.110274575146820153e-01 4.299697533069821720e-01 5.876396824822778253e-01 5.813188140170104656e-01 6.413749381233492253e-01
3.417000000000000000e+03 3.158601303620340861e-01 3.578426415561749008e-01 2.793609376614047402e-01 3.577724342494504883e-01 4.879031030586871709e-01 3.620047180156220623e-01 4.888314215359736425e-01 5.274315296276143039e-01 6.167951271382055012e-01 6.875459676146071786e-01
3.418000000000000000e+03 3.295213058746919166e-01 3.239123450665918891e-01 3.554977042786083286e-01 3.493079736228599241e-01 2.643174336111442924e-01 4.340519232922942505e-01 4.149604786727412176e-01 5.687788942574383277e-01 6.865131159210232648e-01 6.905593554713943538e-01
3.419000000000000000e+03 2.952007580058013114e-01 3.783069183477452135e-01 3.383308319302532063e-01 1.852238352596337900e-01 3.160127974680317919e-01 3.326603072073455181e-01 4.546174535852205434e-01 6.353007721577748068e-01 6.815729799200265226e-01 7.637949194313617962e-01
3.430000000000000000e+03 1.954544633715739888e-01 1.426201465777482968e-01 1.356589822881822116e-01 1.544881548764721613e-01 2.292408372561408336e-01 5.262887793648196588e-01 7.319227972432494900e-01 7.996987893340266051e-01 8.999430691268794913e-01 8.175781630769866082e-01
3.709000000000000000e+03 4.178078071869387733e-01 2.957139643597288536e-01 2.442405074449133795e-01 2.252900832717404100e-01 2.659658746147409714e-01 5.439077178475749674e-01 2.955402278578022068e-01 4.913965226371724837e-01 8.150381917494654571e-01 7.565507271801433786e-01
3.710000000000000000e+03 2.811465413190373241e-01 2.992642571691392916e-01 2.350068953091646873e-01 2.009536767109863786e-01 4.372548126090705645e-01 2.164043388467702667e-01 3.758464898441639668e-01 7.927281776277237402e-01 7.926113701962365088e-01 7.699563843848106215e-01
3.711000000000000000e+03 2.675468190908785182e-01 2.718594144080677677e-01 1.875504875341228450e-01 2.932802004037353694e-01 1.019310300064405761e-01 2.692456004488455457e-01 7.242366539731078801e-01 7.398818896194684358e-01 7.867145325764598462e-01 7.804000290970355413e-01
3.712000000000000000e+03 2.403084854406417059e-01 2.279535772859287435e-01 2.679271523056693249e-01 5.495536025209587366e-02 1.397507851642085241e-01 6.635883724817029927e-01 6.471825775785428059e-01 7.256918944128301074e-01 7.949779712575013590e-01 8.090916869358639740e-01
3.713000000000000000e+03 2.105386277807492768e-01 3.011076827244750787e-01 5.285935165279973674e-02 9.133772786387828191e-02 5.131057985424588574e-01 5.906456405865488923e-01 6.435143139868503281e-01 7.460891734284968990e-01 8.472538451576380192e-01 7.160908151419997925e-01
3.714000000000000000e+03 2.679099027845355252e-01 1.228064370030259866e-01 8.240103051243219401e-02 3.437583550486210116e-01 4.392959080322299537e-01 5.781040877687110280e-01 6.623698494282456162e-01 7.979957025349797561e-01 7.061333794808266617e-01 7.154110651124059306e-01
3.715000000000000000e+03 1.165620919378827364e-01 1.424293672873825911e-01 3.151195434911652771e-01 2.870937393909014923e-01 4.195619910641520400e-01 5.908714105440530107e-01 7.204819730186050597e-01 6.366478219411682016e-01 6.995466017253201274e-01 8.121313093863335997e-01
3.716000000000000000e+03 1.084084400706563783e-01 3.008534131738473394e-01 2.246846941248181739e-01 2.343090407975337019e-01 3.742773305844516729e-01 5.956381805774784155e-01 4.620095272323488378e-01 5.875182315110448750e-01 8.023312136743853129e-01 8.872511008658373610e-01
3.717000000000000000e+03 2.413777546149150910e-01 2.304759557951491233e-01 1.783293282598026330e-01 2.066500938130330367e-01 3.836129367583820948e-01 3.012740241389796347e-01 4.044401666660722983e-01 7.038353404689634552e-01 9.152017156081443394e-01 8.574647527633346700e-01
3.718000000000000000e+03 1.966434000931112647e-01 2.091686629136146891e-01 1.722509783040986620e-01 2.342705158647370722e-01 1.475439614371290842e-01 2.678826463222683252e-01 5.809521001184893008e-01 8.506763461369158952e-01 8.928630990078842977e-01 8.713351592303110182e-01
3.719000000000000000e+03 1.607317756532288533e-01 1.821619037640357930e-01 1.708998616770390777e-01 4.311171812044272550e-02 7.575585539404337820e-02 4.267764226560186724e-01 7.271167691497123498e-01 7.944691512235355635e-01 8.841974988647609557e-01 1.000000000000000000e+00
3.774000000000000000e+03 8.159670388210667202e-02 3.355958214860428335e-01 2.528442787690208249e-01 2.482886775585242123e-01 2.726401511694410695e-01 4.919120999036500352e-01 5.045159376673241658e-01 7.103850858533420354e-01 8.022569153154918142e-01 8.491867274346178718e-01
3.776000000000000000e+03 2.122876513390928588e-01 2.159853886889226415e-01 1.017907351461545401e-01 1.646541582793750735e-01 1.850749919453610615e-01 4.409619751090874118e-01 5.739775044145924987e-01 7.843383185153637305e-01 9.137317329189272863e-01 8.861689653388381549e-01
3.777000000000000000e+03 1.723928407811066155e-01 1.325342627640736515e-01 1.144724025739608103e-01 7.835061353165242992e-02 2.461224110406211030e-01 4.339584791008671005e-01 6.563164171918166589e-01 8.277899328125668532e-01 9.153547196931411944e-01 9.584828206472010281e-01
3.799000000000000000e+03 2.565640035257975016e-01 2.624730885627605259e-01 6.412726193610937542e-02 1.068960184119523843e-01 3.794615842760281632e-01 5.006825196717062942e-01 5.611466670095458520e-01 7.396600442463416858e-01 8.076790795596633377e-01 8.543282705905499430e-01
3.800000000000000000e+03 2.233431531426037786e-01 1.170329426775414405e-01 7.863266537310625859e-02 2.317734864900038716e-01 3.288895213979225463e-01 4.506360016974846339e-01 6.269452050233178531e-01 7.330326909318657380e-01 8.886426282254474840e-01 8.854814976652043423e-01
3.955000000000000000e+03 3.074118920281183609e-01 3.372021994267336842e-01 3.514804007006363529e-01 2.848329565924115347e-01 1.323849538675345716e-01 2.805369869171782660e-01 5.058043607970504896e-01 6.148848844929565294e-01 7.669900362117936243e-01 7.470315285408635209e-01
3.956000000000000000e+03 2.944108882444018138e-01 3.607422884553191378e-01 2.599199175469683598e-01 7.590781650866471053e-02 1.499422127551423845e-01 4.092446702099530320e-01 4.881697393320303391e-01 7.039640623443114142e-01 7.461550372630184613e-01 8.523076189140134096e-01
3.957000000000000000e+03 3.129642326857655643e-01 2.854235345471277663e-01 6.150693253309658104e-02 8.655421551418125692e-02 2.646794080250032821e-01 3.863739295738211066e-01 5.994211272877484342e-01 6.794706312028876427e-01 8.985884998355194719e-01 8.472824608867073337e-01
3.958000000000000000e+03 2.509123568595603149e-01 1.250792144653916083e-01 7.203442992583089510e-02 1.661632840974290870e-01 2.446708042444540876e-01 5.167014341591367188e-01 5.689963884627831092e-01 8.475796640148400840e-01 8.917642483136630771e-01 8.640819148449505605e-01
3.965000000000000000e+03 2.206637022755872646e-01 2.436583021429904461e-01 2.311779110833804274e-01 3.084134575070639483e-01 1.801424128250476153e-01 6.404007819308933369e-01 6.502106959720037604e-01 7.574797828114010478e-01 8.064012840304201069e-01 6.327007670432831521e-01
3.966000000000000000e+03 2.228889072846198249e-01 2.704916292169163294e-01 2.911159378874547121e-01 1.181597021304170853e-01 4.904809058608974870e-01 5.924720656987031431e-01 6.825119488014603775e-01 7.575075920993336043e-01 5.881238254798887288e-01 7.013689704800711855e-01
3.967000000000000000e+03 2.427248752975484092e-01 3.161714213905763016e-01 1.079875530421448016e-01 3.284541303683182201e-01 4.413894897355136182e-01 6.240015522863677777e-01 6.773083038562125457e-01 5.133347296010315475e-01 6.848919624064678802e-01 7.269092255789713075e-01
3.968000000000000000e+03 2.819037562551673926e-01 1.692839040447945143e-01 3.083850374964123287e-01 2.966712888201352705e-01 4.730495964322555813e-01 6.212607348006750074e-01 3.694390302112116609e-01 6.219729145237677947e-01 7.242684705807754808e-01 7.357079334911144075e-01
3.972000000000000000e+03 2.476805732246052660e-01 2.735800934775398652e-01 2.567710596961503278e-02 1.292682637523573652e-01 2.567336855517167171e-01 4.068004520636457344e-01 6.109406132664715328e-01 7.082320661312518917e-01 9.295143575106434852e-01 8.751573770893049664e-01
4.218000000000000000e+03 2.329600640930751532e-01 3.391239951776613415e-01 3.666470724492970068e-01 4.351504668138778120e-01 4.403804990946847409e-01 4.050629380049828310e-01 6.505281215968058417e-01 7.175699040618772617e-01 6.042284994963919020e-01 4.924851177340593966e-01
4.219000000000000000e+03 3.172562803456199787e-01 3.987878533595859420e-01 4.335803061199641206e-01 3.216163066999626619e-01 3.109048238800596331e-01 6.309754598930762404e-01 6.644077416901577049e-01 5.603838306996138385e-01 4.054947206920431202e-01 5.697828804478728415e-01
4.220000000000000000e+03 3.772920164935041343e-01 4.658532062257291773e-01 3.416245839424627007e-01 2.482832207767014798e-01 5.403590016231556437e-01 6.732447457572034999e-01 4.859582656180438942e-01 3.582381254990024688e-01 5.343760808686178754e-01 5.621040597004481887e-01
4.221000000000000000e+03 4.490584864224186346e-01 4.100393884753021356e-01 2.953778093732383203e-01 4.320280301491804531e-01 6.148982370080539051e-01 5.035959545665102954e-01 2.605493207372063247e-01 5.265191893825443836e-01 5.466105430129710729e-01 4.776722359718378885e-01
4.222000000000000000e+03 4.314199109515924335e-01 4.068314480244450970e-01 5.128284487125351898e-01 5.292642408636554219e-01 5.247960490315958237e-01 3.094773159936884954e-01 5.365762583062323454e-01 5.874594112379644129e-01 4.647066917512978623e-01 2.835721011365109345e-01
4.271000000000000000e+03 2.243181245291555326e-01 5.565033068631425328e-01 8.553185539164059881e-01 1.000000000000000000e+00 2.808176557256387706e-01 1.040648201585082366e-01 3.472132404934010763e-01 7.036808877084692604e-01 2.204285618920941714e-01 1.961911632441805942e-01
4.272000000000000000e+03 5.187708065862424167e-01 8.217431011494669146e-01 1.000000000000000000e+00 2.429977652862788939e-01 8.195054932118596425e-02 3.269247154721688364e-01 6.904432939159267368e-01 1.699370656882285557e-01 0.000000000000000000e+00 3.663425524790219212e-01
4.273000000000000000e+03 7.894151256770044478e-01 1.000000000000000000e+00 3.512510329974780077e-01 1.773089872482053186e-01 3.909523427853010547e-01 8.469121024567973777e-01 1.041484726917360215e-01 0.000000000000000000e+00 3.185556060641676623e-01 2.400413330938858114e-01
4.274000000000000000e+03 1.000000000000000000e+00 5.364994083361694921e-01 3.717409185037160446e-01 4.818146459460804776e-01 1.000000000000000000e+00 2.930676198501431795e-01 0.000000000000000000e+00 4.463321665508399039e-01 2.126703115242178643e-01 0.000000000000000000e+00
4.335000000000000000e+03 4.521938304341807102e-01 3.694131418409983270e-01 4.429812886203113864e-01 2.027613559007924726e-01 6.425019382340959595e-01 7.631570697291468752e-01 2.462141525381509322e-01 4.551346283585235852e-01 4.164968495153822392e-01 5.776840760280061993e-01
4.336000000000000000e+03 3.383263673787870740e-01 4.558385205635542836e-01 2.077591654488420148e-01 4.548805043074483079e-01 6.276385325443640806e-01 1.489580808263525347e-01 3.211082358255246683e-01 3.467439258611453856e-01 5.243040034115417081e-01 8.454319168352886216e-01
4.337000000000000000e+03 4.010020790322970097e-01 2.540876407719545593e-01 4.326246429730645771e-01 4.303600804761941179e-01 4.868549064477160904e-02 2.143564885480302440e-01 1.642646222098468889e-01 4.507330375438494130e-01 9.027379388026729456e-01 8.076725730490272870e-01
4.338000000000000000e+03 2.208010987625186050e-01 4.206280563483271728e-01 3.899599419233932829e-01 1.084050906699274459e-02 7.913766792323022325e-02 0.000000000000000000e+00 2.693286911584855114e-01 8.449717095482178753e-01 8.273824420385570422e-01 9.987743288268972064e-01
4.442000000000000000e+03 3.573683145863689181e-01 2.606539444830057728e-01 4.304034696837220619e-01 2.058607765243465892e-01 2.570790367622048933e-01 4.951884797170266750e-01 6.018121251766282986e-01 7.274123903643380240e-01 6.196953422860130845e-01 5.926097034015495035e-01
4.443000000000000000e+03 2.547647774981391389e-01 4.539283067072830691e-01 2.207061148195628986e-01 1.991155675668410951e-01 3.991673742649210488e-01 5.809185138349078903e-01 6.828325838281653626e-01 5.819820617263845586e-01 5.563984977584175429e-01 6.782929044440270117e-01
4.444000000000000000e+03 3.979726016930582033e-01 2.628848423267932111e-01 1.890364736682570712e-01 2.704399263382908924e-01 4.381102151108832721e-01 6.323381099031196717e-01 4.607220897722825725e-01 4.836920598986633180e-01 6.559544436348565544e-01 7.311003655158021530e-01
4.445000000000000000e+03 2.568786937255641001e-01 2.580205401190487913e-01 2.822034921198889879e-01 3.247463995358586542e-01 5.247153080460993380e-01 4.167739034008688392e-01 3.724138244978479895e-01 6.224102625769233343e-01 7.599359691759303148e-01 7.197050946507487224e-01
4.446000000000000000e+03 2.343459911891284664e-01 3.113222789585918804e-01 3.058568531102430765e-01 3.551861761751575752e-01 2.862304477310217421e-01 2.676990904228467305e-01 5.096346051400152399e-01 7.056217369510697779e-01 7.147271160598077655e-01 7.447523288118773621e-01
4.447000000000000000e+03 2.832425102991253940e-01 3.361925332185242699e-01 3.416243114785000867e-01 1.979963410548201963e-01 1.613239233553676044e-01 4.392868432443666760e-01 6.256690421094133203e-01 6.638190360176445814e-01 7.586052555915210327e-01 6.755041591077638463e-01
4.461000000000000000e+03 2.661836126347959519e-01 2.136802011979571370e-01 3.496400780125076824e-01 2.577853593534680243e-01 4.713167525929993773e-01 5.175765114728393401e-01 6.110536424239764175e-01 5.444827035815591465e-01 6.869973076673894230e-01 7.095609661483429642e-01
4.462000000000000000e+03 1.941496067233016432e-01 3.617848849531804523e-01 2.375043007115780203e-01 3.128578211143352439e-01 3.699227948142301270e-01 5.369982322180695267e-01 4.030758248509384023e-01 6.195419485696684880e-01 6.945697798430096048e-01 7.879616755219223112e-01
4.463000000000000000e+03 3.048638419459565596e-01 2.565600794295656573e-01 2.716758933577967383e-01 2.242046343418521714e-01 3.603676918703953014e-01 2.652865143815671956e-01 4.730286981980512673e-01 6.077878926727845466e-01 7.907614299538089364e-01 8.244146047394558252e-01
4.464000000000000000e+03 2.177788370088814540e-01 2.841624921732051612e-01 1.881249619269143580e-01 2.175664837825370956e-01 1.139088230262139539e-01 3.465099916819737169e-01 4.580203216755976969e-01 7.133125104613068368e-01 8.439180629888247687e-01 9.439129608924710091e-01
4.647000000000000000e+03 3.092134123622689579e-01 2.160302309343709593e-01 1.398301798083832481e-01 2.040576369596643624e-01 7.163186953697765758e-02 2.985482859559418500e-01 6.564152067595635520e-01 7.958628092514964392e-01 8.065405372662746153e-01 8.666429162033099098e-01
5.081000000000000000e+03 6.913716376391894347e-02 0.000000000000000000e+00 8.477901419007478900e-02 1.731105278550287285e-01 5.695243811696323322e-01 7.271270619267287127e-01 8.281770952902156591e-01 7.297688336010381693e-01 8.657640403259225792e-01 8.804122397703704195e-01
5.082000000000000000e+03 0.000000000000000000e+00 1.261368420223142883e-01 1.315477828039406383e-01 3.524243563144404678e-01 5.194430227149586798e-01 7.447384916889823181e-01 6.005192429461421177e-01 7.858213856851563595e-01 9.166708543479353821e-01 7.453114735386978662e-01
5.083000000000000000e+03 9.711751053568562497e-02 1.552655402840354970e-01 2.893775297269063906e-01 3.064145594745577572e-01 5.185768638054375490e-01 4.620107687512111094e-01 6.558181422846439679e-01 8.291276785668156846e-01 7.083828824205349317e-01 7.409565575690932882e-01
5.084000000000000000e+03 1.667612920363010509e-01 3.387801909459930982e-01 3.152407170373633938e-01 3.793371237240684146e-01 3.680000695129125310e-01 6.429542668642425074e-01 8.117121365138116884e-01 6.790982342295009966e-01 7.733553236587940027e-01 4.008932497467097567e-01
5.085000000000000000e+03 3.472323165960277680e-01 3.935120579568867072e-01 4.259764648309986024e-01 3.188893138221085555e-01 5.966633751950886078e-01 8.957978083480795384e-01 6.801438259817004228e-01 7.979404771273466146e-01 3.154240210356520913e-01 2.098794552777432099e-01
5.086000000000000000e+03 4.069766067695481104e-01 5.009289136237959905e-01 3.893348661578990844e-01 4.998465377390883813e-01 8.602982628630901907e-01 7.766600514376886810e-01 8.626139885114394446e-01 3.135758546929375279e-01 5.406681553922740302e-02 2.728262013598619640e-01
5.087000000000000000e+03 4.835140337900924457e-01 4.551587003353496641e-01 5.419167835822833457e-01 6.622862499315144147e-01 7.211795956545682396e-01 9.579482901124862781e-01 2.139881675971756492e-01 3.113513176890785484e-03 1.282493550233027579e-01 4.613607424395055889e-01
5.141000000000000000e+03 1.073847550457504713e-01 2.324810165223226421e-01 3.313276888438309031e-01 4.004406100685106162e-01 5.478468418548402274e-01 7.064959932452450353e-01 9.420789202791256534e-01 3.557208447228477066e-01 6.515402492984160299e-01 6.439139944588447850e-01
5.142000000000000000e+03 2.078475484303737852e-01 3.446426239884299858e-01 3.692343024800963103e-01 3.626208710079725228e-01 5.371470380299013803e-01 9.175909967624046315e-01 1.589951642097151008e-01 5.773752494662169887e-01 5.956953796638985166e-01 6.349667258803003422e-01
5.143000000000000000e+03 3.241903503912457740e-01 4.037358195638081071e-01 3.684732621579788758e-01 3.922330177539138929e-01 7.831076848664472179e-01 6.277866104443245721e-02 4.905811460450567041e-01 5.548752250183909274e-01 6.179486719415222540e-01 5.202905423423588305e-01
5.144000000000000000e+03 3.763522614052047244e-01 4.067838975559582293e-01 4.010156031674235177e-01 5.672064019058666862e-01 1.105855895023697549e-02 4.575516925063504714e-01 4.682851578239716761e-01 5.844525318547338921e-01 4.542461923526889822e-01 6.173147759026635928e-01
5.145000000000000000e+03 3.741684206501354470e-01 4.275572298230869706e-01 5.595434642296976957e-01 2.582359087909136264e-02 3.602680008836022241e-01 4.199079166671537133e-01 4.960916205038436999e-01 3.961620532723236221e-01 5.895643362139180166e-01 7.181901697097848869e-01
5.146000000000000000e+03 3.829973151065630410e-01 5.460979957277262153e-01 3.531494416311840162e-02 2.542582997324979721e-01 3.071576197730316871e-01 4.316700868344509057e-01 2.384606803912533990e-01 5.315070339059048132e-01 7.247458007677032299e-01 7.951017341112847081e-01
5.147000000000000000e+03 4.848116911876387269e-01 1.244750110426057488e-01 2.561100620604194744e-01 2.227914040439895882e-01 3.254153172375428560e-01 1.393602102967869960e-01 4.179842378119540403e-01 6.860131566555136562e-01 8.425592453521354441e-01 7.728346695282974910e-01
5.148000000000000000e+03 1.540157600342612898e-01 3.275363812371743788e-01 2.555134783522255981e-01 2.662785749162314142e-01 1.033066522397262793e-01 3.976925452968261832e-01 6.573435292462942448e-01 8.494563197090646556e-01 8.403644482711747354e-01 6.951341383451328237e-01
5.237000000000000000e+03 2.664763571541394760e-01 2.023971346623537060e-01 2.065271676275245993e-01 1.010489286466769998e-01 2.839195106173996175e-01 4.076201733880814304e-01 6.906394107756524958e-01 8.010439925522255811e-01 8.192056461708552284e-01 7.726410765326784391e-01
5.240000000000000000e+03 1.176963007636528807e-01 1.843354917734438270e-01 1.217046625120490611e-01 2.736247465917191479e-01 4.553053737161550374e-01 5.582504463924671256e-01 5.841571625675593404e-01 7.630739463890515717e-01 8.573587091858345666e-01 7.990898778787386414e-01
5.252000000000000000e+03 1.958660687198560124e-01 2.685477922894634606e-01 2.487553094383298802e-01 2.378404169123672363e-01 2.422312269585755184e-01 2.938649807956166260e-01 5.621863933760078424e-01 7.493042640506211161e-01 8.330065985501806658e-01 8.201849678469552707e-01
5.536000000000000000e+03 2.768558289467394351e-01 4.566328317108432899e-01 3.311978631101525905e-01 1.723251440489271535e-01 5.687640931541871891e-01 7.172880620190505985e-01 5.375295081212482229e-01 6.889327798064927011e-01 4.158942652575567389e-01 5.548611082516824444e-01
5.537000000000000000e+03 4.266666088856529426e-01 3.840144342157640334e-01 2.020013271523971310e-01 4.287779942274228540e-01 6.218921331832985011e-01 5.279453437936695304e-01 6.527833405489290586e-01 3.717246249308692185e-01 5.142975437690870955e-01 5.067057728278845374e-01
5.538000000000000000e+03 3.762861838267382297e-01 2.907869140359262694e-01 4.599780152600784211e-01 4.814550023228293951e-01 4.718703771617754894e-01 6.877938921345956302e-01 2.684139908683279008e-01 4.968762830358687266e-01 4.584074539103982771e-01 5.739720279833573358e-01
5.540000000000000000e+03 3.802443366566482519e-01 4.289805693093294292e-01 2.740922327180934093e-01 3.328253774320049097e-01 1.669805756677338526e-03 1.982925203079661802e-01 1.567355843962559003e-01 3.924232549782588619e-01 9.429084202053455988e-01 8.959250861508044617e-01
5.541000000000000000e+03 3.938337369105456287e-01 3.258559750911936836e-01 3.396139679838976466e-01 2.117836699714074206e-02 1.268292472781692437e-01 5.905352935631795475e-02 2.536715328697285443e-01 9.370327768471115037e-01 1.000000000000000000e+00 7.109191413679121219e-01
5.542000000000000000e+03 3.081334292658974849e-01 3.791211215324487016e-01 4.474913450811043858e-02 1.077479237006488816e-01 0.000000000000000000e+00 1.722720558799082924e-01 9.484852585671114111e-01 1.000000000000000000e+00 7.286729193533101334e-01 7.255683499424944172e-01
5.543000000000000000e+03 3.392323070189779965e-01 1.240307422566114398e-01 1.075549842612035512e-01 0.000000000000000000e+00 7.398595543941603736e-02 9.502361496221941595e-01 1.000000000000000000e+00 6.787433116673349254e-01 7.301317677733344391e-01 7.575432714296574943e-01
5.544000000000000000e+03 1.237055743417707770e-01 1.702426167472432805e-01 0.000000000000000000e+00 4.491364293289901860e-02 7.720470844038896940e-01 1.000000000000000000e+00 5.822991580999511418e-01 6.735980565921139140e-01 7.707817698701924236e-01 8.292467997921437739e-01
5.545000000000000000e+03 1.438433262631480525e-01 6.132766190450840427e-02 1.552859457905180450e-02 4.968426467989381368e-01 7.740917471202863887e-01 4.670959107274049171e-01 5.360688835327890311e-01 6.870249536382460054e-01 8.469750403392861671e-01 7.735866337032116791e-01
5.546000000000000000e+03 4.926733097056650024e-02 6.842598243273249892e-02 4.339722739608384838e-01 4.907812663112036677e-01 2.805248866467727198e-01 4.017842049187952957e-01 5.431288448306805794e-01 7.627116259388575514e-01 7.585841412026729236e-01 8.396629455014303911e-01
5.550000000000000000e+03 1.936627359903758394e-01 2.047759810946896131e-01 1.890768850215111541e-01 3.067716982420895522e-01 3.757689814067541323e-01 7.296216524889839183e-01 7.103994913343822937e-01 4.424550062225173219e-01 7.817017752653211415e-01 7.827336776149650399e-01
5.748000000000000000e+03 1.812100455255427900e-01 2.155305060137200635e-01 1.376958718619614441e-01 1.695197089163159310e-01 2.947865823249452011e-01 4.646941545780216010e-01 6.849501392243259046e-01 8.539685856960416155e-01 9.385214067338446542e-01 7.146263862049886395e-01
5.749000000000000000e+03 1.992742628152950612e-01 1.943316439101135662e-01 1.595754607559548011e-01 1.967962049880311592e-01 3.301298582613188537e-01 6.321967656233304922e-01 8.046686405283496324e-01 9.023483603840763978e-01 7.075355609454462291e-01 6.616627554411173007e-01
5.764000000000000000e+03 2.187143415077091313e-01 1.815554405823125994e-01 2.638407296832652738e-01 2.876022642973792842e-01 3.973179997032444399e-01 5.336486054815222646e-01 4.811447430712588735e-01 7.244549879427794048e-01 7.559267626348327163e-01 7.627969654923573151e-01
5.765000000000000000e+03 1.537073250608806119e-01 2.753479175717262750e-01 2.447786232613824442e-01 2.397738632086540700e-01 3.525624967852458713e-01 3.508339820594501557e-01 6.017428112524028094e-01 6.715984701215830244e-01 7.507991715696821222e-01 8.708465157981598592e-01
5.767000000000000000e+03 2.083672640161975953e-01 2.112766816593519559e-01 1.556707991374862987e-01 7.907330107525709084e-02 2.906808739523019658e-01 3.875119071170067819e-01 5.055722639241221339e-01 8.214996104363504470e-01 9.326335175694795421e-01 8.846216530270053502e-01
5.900000000000000000e+03 3.180327653022158585e-01 4.385554782228614501e-01 1.649513217633330475e-01 2.466215529954369212e-01 3.315289983962405596e-01 2.896703070924423473e-01 4.727587192473718947e-01 6.973858342684071676e-01 7.896444123431860529e-01 6.580388002700541250e-01
5.901000000000000000e+03 3.952612080031630559e-01 2.294640087340790446e-01 2.485235744452028717e-01 2.392444945654436383e-01 1.956167174622707727e-01 4.121351464014202937e-01 6.288930325786505904e-01 7.570997896172529940e-01 6.413373188140311099e-01 7.050318896025615789e-01
5.902000000000000000e+03 2.300693117073793204e-01 3.075602710191325806e-01 2.541320628163349360e-01 1.585274801684467827e-01 3.263075800482528877e-01 6.156636036761441444e-01 7.233942731543018256e-01 6.079274594307785273e-01 7.231947608724523802e-01 7.074438601804131643e-01
5.962000000000000000e+03 8.155868074451060046e-02 2.504558034656829135e-01 2.886912254942989864e-01 3.667492112881527988e-01 3.596357220895867735e-01 5.576617794946536755e-01 6.157243453108126596e-01 7.206217020074273671e-01 8.123455834198319847e-01 6.825044490158408417e-01
5.963000000000000000e+03 2.145744884305260669e-01 3.001728653477065412e-01 3.251550600122298795e-01 2.199764971100486577e-01 3.832545991302703237e-01 5.170516075258174693e-01 6.053139726908780549e-01 7.401645870570031649e-01 6.395824129959384319e-01 6.858392490289814125e-01
5.964000000000000000e+03 2.684312438022727343e-01 3.451064146174658287e-01 2.056967945551443910e-01 2.562356636717286196e-01 3.753930394235115431e-01 5.368672847094299039e-01 6.576343945661815571e-01 5.717810176140192269e-01 6.638665607736358165e-01 7.073652817123857739e-01
5.965000000000000000e+03 3.085053245255884868e-01 2.516254793571530146e-01 2.440883117370468980e-01 2.552314822809729211e-01 3.998105654625805361e-01 6.048953847305942322e-01 4.493611703813591429e-01 6.032142217036267073e-01 6.996611726187403901e-01 7.385622196852581478e-01
5.966000000000000000e+03 2.337032711483931491e-01 2.860547614913406256e-01 2.471966617707463953e-01 2.763853779000581268e-01 4.679042906261693946e-01 3.689832924816316417e-01 4.952201686566325423e-01 6.472081274091139313e-01 7.495190749832383315e-01 7.556767818677080362e-01
5.967000000000000000e+03 2.503145871532473365e-01 2.741669591174780152e-01 2.493829886519444150e-01 3.044778120763345086e-01 2.263457218564504103e-01 3.926154287829858869e-01 5.255647154321474446e-01 6.818335954834351398e-01 7.561292487575113075e-01 7.894158906371441242e-01
5.968000000000000000e+03 2.457643001174480979e-01 2.823328451060950761e-01 2.837852578911660428e-01 1.462605548537889710e-01 2.598127453572969259e-01 4.411917793573227886e-01 5.810134367971270253e-01 6.980917793852248199e-01 8.136607782634281971e-01 7.565406408752043399e-01
6.064000000000000000e+03 2.516377834965481952e-01 2.560570961850406335e-01 1.810484398794492689e-01 2.787275119649241795e-01 3.226912868673413870e-01 4.776723118583839911e-01 5.745536618919729888e-01 6.932349926357984637e-01 7.989567990038717316e-01 7.292777460559699554e-01
6.065000000000000000e+03 2.389232593628562162e-01 2.367603109717811849e-01 2.716947112691290855e-01 2.255740622409106444e-01 3.557458924307523307e-01 5.188149301033230243e-01 6.132025442150220718e-01 7.591509297536539469e-01 7.383090898899971055e-01 6.794810111570048772e-01
6.067000000000000000e+03 2.815711897209767223e-01 2.667166176749381501e-01 2.395149447393351005e-01 2.704938304428670670e-01 4.287160297153424504e-01 6.557713215416103303e-01 6.069811417926144204e-01 6.080918683652104528e-01 6.696503054867097848e-01 6.520723426018817381e-01
6.068000000000000000e+03 2.605916689603258729e-01 2.996962568066948163e-01 2.830419554331188303e-01 3.190838685063047686e-01 5.472817109960456117e-01 5.889410342388767816e-01 5.322788076168510907e-01 6.384066508710480869e-01 6.448195543167913879e-01 5.887892074776521767e-01
6.069000000000000000e+03 2.888342861737197564e-01 3.360854296872904934e-01 3.302619246496217298e-01 4.024195386653174888e-01 4.882825199977942066e-01 5.037468587188786984e-01 5.727373059806554201e-01 6.124049554780878202e-01 5.532332121770695554e-01 5.581932897561399098e-01
6.070000000000000000e+03 3.208352995229110660e-01 3.765941388552879188e-01 4.117557675265274275e-01 3.643555448917350503e-01 4.146120188582019250e-01 5.553737270376065682e-01 5.432778953551140599e-01 5.142640171738149801e-01 5.109573743139971258e-01 5.721015152173745122e-01
6.071000000000000000e+03 3.635934918216741640e-01 4.538696291691901030e-01 3.891909565591446518e-01 3.275387712463040391e-01 4.821971852110682466e-01 5.434277102519439184e-01 4.370763756832574676e-01 4.825023839217152388e-01 5.448846045262644155e-01 5.208521377984322021e-01
6.072000000000000000e+03 4.262396683820018906e-01 4.334628925773776897e-01 3.518059934069839856e-01 3.717352833523422939e-01 4.674972783031708934e-01 4.150374236934769590e-01 3.929581634397228407e-01 5.172213732203249092e-01 4.670975585253586693e-01 5.830442209220150218e-01
6.073000000000000000e+03 4.136556035499134865e-01 4.082959793844908036e-01 4.001901857845383548e-01 3.684038921798885591e-01 3.601720083584188936e-01 3.741613471204997543e-01 4.465243956956960747e-01 4.384486350288788192e-01 5.649839038068545927e-01 6.095467346248827356e-01
6.406000000000000000e+03 1.134810960279677566e-01 1.758142987460538098e-01 1.140640481986656130e-01 1.611694531597340219e-01 2.612759011497921557e-01 4.706215639428880104e-01 7.031257754760869005e-01 8.796557143875216589e-01 8.983580653580716113e-01 8.611803252592221680e-01
6.408000000000000000e+03 1.253706838547108959e-01 1.567264179689501491e-01 1.030565706234708029e-01 1.605658223899329995e-01 4.073871022012781618e-01 7.051955630397661601e-01 7.204148726957908533e-01 8.135734677314917507e-01 8.729176085171225230e-01 7.564897266081950233e-01
6.409000000000000000e+03 1.346574454892607020e-01 1.470857729772473421e-01 1.273897548925807255e-01 2.490797221265710071e-01 5.115395563492206588e-01 6.327144929294425957e-01 7.181636245172299260e-01 8.025642151971372762e-01 7.439197194487814357e-01 7.559813398639868565e-01
6.410000000000000000e+03 1.325292283589234177e-01 1.738566929756291679e-01 2.195722689830805763e-01 3.302082144627133120e-01 4.594705999070518576e-01 6.451477287830768015e-01 7.171199491785676949e-01 6.710433579220761446e-01 7.523502083575093202e-01 7.089688297576896003e-01
6.840000000000000000e+03 1.927177633983478133e-01 2.375284723414709809e-01 1.781759393715758866e-01 1.608564304081806784e-01 1.700655992638696046e-01 5.976497353750070962e-01 6.878232675188589162e-01 7.746710108763971148e-01 8.112161336269266831e-01 7.966620335682111920e-01
