4.700000000000000000e+02 7.701862501946818984e-01 8.626219231212343130e-01 6.002280014226895055e-01 5.693538222006556682e-01 5.237862300887250466e-01 4.052357255335150565e-01 2.453606948366182650e-01 3.428187418656832852e-01 3.823432750779366951e-01 6.223822571219361777e-01
4.710000000000000000e+02 8.449056790968711983e-01 7.264865633613103446e-01 5.255117549638362862e-01 5.271114438592430229e-01 4.590456036492830405e-01 3.333137161643108803e-01 2.423431635320571209e-01 4.211267782854908326e-01 6.436726102374390468e-01 5.458465835151102841e-01
4.720000000000000000e+02 7.308970365570655048e-01 6.836309542606376910e-01 4.824506677003864152e-01 4.732824159284261256e-01 3.944503739223106931e-01 3.382428869058071719e-01 3.564659963109356733e-01 7.317213542857025077e-01 5.663038313909003474e-01 5.789023551294046888e-01
4.730000000000000000e+02 6.828497184372275264e-01 6.435942384018389362e-01 3.979925287704770831e-01 3.973978157027142633e-01 3.832443334377489963e-01 4.158803874630191966e-01 7.532977242278254826e-01 6.268981526644505919e-01 5.894545081257598351e-01 5.595867308091128089e-01
4.740000000000000000e+02 6.516393160757988356e-01 5.931380459495373403e-01 3.118154996589226347e-01 3.922377975671094696e-01 4.666812491595837553e-01 7.477145652601365766e-01 6.197758267661330756e-01 6.590601268654331379e-01 5.729833893551802282e-01 4.707223775184809500e-01
4.750000000000000000e+02 6.144739230179365741e-01 5.451471359450885679e-01 3.176376335996352052e-01 4.805857665930695077e-01 8.096895465430496985e-01 6.487144527366246471e-01 6.759949657679149571e-01 6.496552981381801262e-01 4.846645916240491236e-01 3.687109224767915472e-01
4.760000000000000000e+02 5.565589952391238882e-01 5.306245477580344705e-01 3.973405454861516639e-01 7.793815457449823070e-01 6.855335053938564904e-01 6.699335811505712224e-01 6.329755356804305233e-01 5.244571255335183091e-01 3.544480536939590420e-01 4.872137661631500971e-01
4.770000000000000000e+02 5.423944927105166514e-01 5.805281771091804766e-01 7.596299723994306419e-01 6.606444544857988932e-01 7.044226719036916773e-01 6.322753547538076946e-01 4.623297104749571895e-01 3.711689886973465469e-01 4.814137870893420712e-01 4.394140403062611888e-01
4.780000000000000000e+02 5.800347463129668091e-01 8.082630444938305736e-01 6.040609579051079425e-01 6.697292759953125119e-01 6.575632015469552449e-01 4.830455282400703543e-01 2.458659884204069668e-01 5.102933875274682229e-01 4.223648134758266615e-01 4.825808296420914245e-01
4.790000000000000000e+02 7.941092581632127612e-01 7.251908623234312179e-01 6.423907138160058761e-01 6.480271517369429191e-01 5.319063451659695740e-01 3.287258920786534366e-01 4.608979174471341533e-01 4.630710498814017972e-01 4.876606701653635190e-01 3.723522650713217419e-01
5.230000000000000000e+02 7.464746308874571357e-01 6.592489657099072087e-01 4.875829190992683748e-01 5.958789621472129205e-01 4.954878311643034494e-01 4.338281929497274092e-01 3.104322373959783610e-01 5.528443444350156222e-01 5.979131504713709466e-01 4.886089813291595862e-01
5.240000000000000000e+02 6.734187930714379267e-01 6.604864780651082956e-01 5.688098733422588538e-01 5.093643726632687274e-01 4.970807259041127302e-01 3.961659619153182210e-01 5.356428710233688273e-01 6.803039877291587878e-01 5.055488488329437091e-01 4.598027888124465168e-01
5.270000000000000000e+02 6.711591243000540885e-01 6.578519886065896660e-01 4.400983187897266613e-01 6.652084952990804378e-01 8.023468645502167540e-01 6.198879523631537491e-01 5.335219910630288886e-01 4.286944809472795770e-01 3.750230607875246203e-01 3.696456021815621162e-01
5.280000000000000000e+02 6.693986186304110575e-01 6.264919138521506392e-01 6.486385766667535080e-01 7.937193090612979507e-01 6.791400537831584483e-01 5.752978640360401075e-01 3.637739058884353338e-01 4.172437713219191435e-01 3.727495353870365347e-01 4.057882356307748739e-01
5.290000000000000000e+02 6.537503003496292209e-01 7.752930401296191931e-01 8.268947712179715026e-01 6.950630182340810093e-01 6.526691955315916394e-01 4.537700784305706558e-01 3.703179672203407158e-01 4.309249619155676725e-01 4.261521536908913221e-01 2.879263315288123626e-01
5.870000000000000000e+02 7.532299129643921232e-01 7.202621585802368998e-01 6.249046357926926198e-01 5.238950147946965785e-01 5.277639986987008314e-01 4.340184140289105041e-01 3.255343601876548032e-01 5.527490514299162605e-01 4.990912575100404092e-01 4.519549430930409062e-01
5.880000000000000000e+02 7.293194188298900427e-01 7.525154806488818515e-01 4.852978646115523875e-01 5.434213674661164672e-01 5.012185816162556540e-01 4.125194959587901722e-01 5.403442502914974632e-01 5.689932685531636780e-01 4.687495275273508288e-01 4.417854956374028252e-01
5.890000000000000000e+02 7.492469855520645927e-01 6.525587667846763917e-01 4.946940696325729525e-01 5.066328797190677857e-01 4.671089628453496956e-01 5.765367735180892961e-01 5.467466959958603434e-01 5.222521447467984856e-01 4.478412483234353036e-01 4.966516071594576087e-01
5.900000000000000000e+02 6.677663635003577847e-01 6.653203447848970997e-01 4.599811062871003164e-01 4.829662031685186263e-01 6.403448714649103701e-01 5.907892817524732498e-01 4.949392394899304048e-01 5.060689691862509942e-01 5.145343175549093040e-01 4.608999423822021102e-01
5.920000000000000000e+02 6.380053833880938718e-01 5.997564953921419306e-01 5.924679028343379228e-01 6.283374070900987762e-01 5.791469309654954101e-01 4.976161515899166221e-01 5.373677855221904442e-01 5.086951039075806591e-01 4.342650481528896322e-01 5.206082493987477244e-01
5.930000000000000000e+02 6.081702483921805902e-01 7.131940819311939350e-01 5.848790210772373266e-01 5.687279383865774252e-01 5.404949861508855369e-01 5.622337575909220897e-01 4.514608367499600705e-01 4.714709718954114281e-01 5.243107653074038366e-01 4.734974327147952744e-01
5.940000000000000000e+02 7.074120467018719660e-01 7.085358820072588104e-01 5.124387035373746402e-01 5.327583290221713508e-01 6.055051370654811471e-01 4.920136307253988317e-01 4.019659485162466739e-01 5.763777507343965656e-01 4.733687117829558089e-01 4.390005377554367927e-01
5.950000000000000000e+02 7.134714114376764504e-01 6.731644475822702312e-01 4.862944341135840287e-01 6.084283932231788761e-01 5.507501313670094545e-01 4.668280967707957307e-01 5.615902410395515743e-01 5.312886909427416704e-01 4.479615061707419299e-01 4.470663171569603800e-01
5.960000000000000000e+02 6.846670571062574151e-01 6.586088376923616705e-01 5.825471213002506587e-01 5.599965366085325469e-01 5.287417087139921756e-01 6.012906340980890274e-01 5.050015629931240424e-01 5.046703051089703740e-01 4.592484925737522206e-01 4.330149054553901755e-01
8.000000000000000000e+02 6.875058276051302375e-01 6.874104626700224818e-01 5.138259938356094514e-01 6.004641810800537272e-01 5.888097680801215317e-01 5.728816495559272415e-01 4.558402975421614878e-01 4.373311735984312110e-01 4.258236701509268141e-01 5.045836440465309991e-01
8.010000000000000000e+02 6.930870249861961208e-01 6.718578840798925533e-01 5.656841738436154676e-01 5.899502353244255870e-01 6.287702287382591626e-01 5.081598115820569195e-01 3.713965943808011372e-01 4.733379654022699667e-01 5.169954633672432243e-01 4.444631209798130533e-01
8.020000000000000000e+02 6.774817661513410361e-01 7.031593954997873430e-01 5.492536009893645987e-01 6.245693566936778574e-01 5.608511885496089144e-01 4.356573587159465744e-01 4.159430821167485748e-01 5.764844754603097865e-01 4.491755632040409507e-01 4.703802202718478931e-01
8.030000000000000000e+02 7.075436297126465046e-01 6.956274658007850498e-01 5.963976617576691730e-01 5.646886605559311434e-01 4.924252900404107458e-01 4.764362948287902966e-01 5.594289421147906616e-01 5.014537761441520969e-01 4.806277027143805447e-01 4.267346254609793998e-01
8.040000000000000000e+02 7.068325299985379617e-01 7.329258137572645104e-01 5.335230271836832738e-01 5.088212609349184179e-01 5.422564206578258661e-01 6.034222500085195673e-01 4.696889985513455490e-01 5.461875035164764913e-01 4.401560503537506053e-01 4.016737786455661374e-01
8.050000000000000000e+02 7.422901206878979030e-01 6.954059944222201750e-01 4.701909939800090199e-01 5.597814859320648928e-01 6.738901843398517055e-01 5.339953470601996877e-01 5.350827740778089092e-01 5.030842588943380544e-01 4.162821893129452500e-01 3.728866220200479642e-01
8.060000000000000000e+02 7.139165892146067671e-01 6.593616482888082775e-01 5.403508297289499884e-01 6.899845176003851499e-01 6.111139357548225348e-01 5.945946114649346415e-01 4.854529819731984719e-01 4.814485489229772264e-01 3.902063106039571627e-01 3.678872007742907124e-01
8.070000000000000000e+02 6.814571089191474584e-01 7.038196965222446311e-01 6.980626101207385581e-01 6.295671194912099145e-01 6.704121980549346826e-01 5.523066526793768416e-01 4.546323102535979599e-01 4.498002073653600830e-01 3.836406651249049116e-01 3.463859575635788168e-01
8.690000000000000000e+02 7.300045617181984969e-01 6.755131504517898344e-01 5.380320820377164637e-01 6.576487523038651029e-01 6.005795149248812637e-01 5.630221848892028591e-01 4.733419923063953982e-01 5.120796873356454615e-01 4.162585948867693064e-01 3.499645961786185255e-01
8.700000000000000000e+02 6.972378589291101658e-01 7.042147451635983879e-01 6.614260202737561878e-01 6.220578749242707817e-01 6.413189522043764024e-01 5.448885519193361615e-01 4.988763844683409276e-01 4.824163463423037923e-01 3.660958151987747655e-01 3.475250381724098170e-01
1.015000000000000000e+03 7.813643621732818678e-01 7.297139645537533692e-01 5.787301305456518108e-01 6.092282061981674213e-01 5.785989593419361698e-01 6.397547509742452787e-01 3.875832610343176721e-01 4.518453095119293050e-01 3.909158923521565132e-01 3.362887349853490027e-01
1.016000000000000000e+03 7.550798565622715008e-01 7.425736419244588493e-01 6.205681008364151152e-01 6.164182919037387576e-01 7.343539894275583624e-01 4.902352412059209352e-01 4.373293928478422243e-01 4.673464896802488888e-01 3.635607923824011878e-01 3.009896167637362008e-01
1.156000000000000000e+03 7.510696668859236924e-01 7.289898978940906327e-01 5.324687608077799394e-01 5.328726089106222696e-01 5.764406046967571751e-01 5.933284849518728477e-01 5.100922941946459677e-01 4.839707366149526568e-01 3.977491593103922862e-01 3.871115640247922429e-01
1.157000000000000000e+03 7.515490585768408449e-01 7.092145797499799231e-01 5.219257704959436861e-01 6.102143317460666516e-01 6.833115110396299485e-01 5.866994558640835633e-01 4.751393024938141973e-01 4.713023144633249895e-01 4.155167819721271583e-01 2.964848939172218811e-01
1.158000000000000000e+03 7.342451884812885021e-01 7.023675154738016069e-01 6.166667713802536088e-01 7.108166028662316061e-01 6.766618397515887784e-01 5.579175310561853562e-01 4.581103950053689311e-01 4.919920302487074681e-01 3.167556683887918223e-01 2.970014091354955532e-01
1.312000000000000000e+03 7.508250662448636703e-01 7.285021163007643352e-01 5.911754296360114402e-01 6.466921611501332823e-01 6.623393157742901716e-01 6.249113512522772584e-01 4.872529499014998655e-01 4.414535523529976579e-01 3.618480127686881098e-01 2.621277276341335005e-01
1.313000000000000000e+03 7.465167441921604086e-01 7.420732339092886987e-01 6.532092204781720923e-01 6.844118174176768710e-01 7.078981489063743693e-01 5.608388677856884774e-01 4.094459780782649938e-01 4.231497110260424854e-01 2.738933122147687582e-01 3.413123517950297781e-01
1.314000000000000000e+03 7.578499661145018385e-01 7.817315387667046478e-01 6.984455171577979016e-01 7.265032268938025339e-01 6.428199843806141622e-01 4.959719351253669695e-01 3.838553431457941700e-01 3.200347016546633561e-01 3.595175048060839651e-01 3.418998816926215323e-01
1.315000000000000000e+03 7.912801941140953366e-01 8.096582054829646324e-01 7.477590597675480844e-01 6.634571649654240622e-01 5.758548023261297333e-01 4.729972030919000203e-01 2.429934431849330168e-01 4.179696644790275584e-01 3.586735974851807951e-01 3.664576692611499764e-01
1.525000000000000000e+03 5.031394715762106395e-01 4.664188387926920254e-01 1.768601412593120148e-01 6.833649271949955306e-01 7.017079052723078636e-01 5.769933047872373155e-01 6.939590924385187209e-01 7.238673758345335330e-01 5.583507614786522577e-01 4.889959538333147337e-01
1.526000000000000000e+03 4.849208358507133831e-01 4.360850425512989847e-01 6.397310661049221414e-01 6.736753196532013765e-01 6.091785779597251871e-01 6.800538171511036900e-01 7.268062664023884345e-01 6.058325080102493487e-01 4.815746735076321117e-01 3.961932548548495747e-01
1.527000000000000000e+03 4.501310836356787193e-01 7.260405263501822359e-01 6.128431161392394744e-01 5.745720535780524107e-01 6.991098968269483516e-01 6.938595807313107100e-01 5.527007191934992791e-01 5.048864464641160676e-01 3.706398519485489262e-01 4.599549232384132491e-01
1.596000000000000000e+03 7.585858872575163003e-01 7.370299731322538239e-01 5.642135218906636496e-01 7.694193924290707587e-01 7.167634680957881699e-01 4.637975256566935767e-01 4.345510224550401812e-01 3.700733030931713241e-01 4.025438483594022121e-01 2.955714760963844556e-01
1.711000000000000000e+03 7.289614301636279103e-01 7.368873823091326436e-01 7.754011004848742061e-01 6.519604414613953125e-01 6.497505369654374974e-01 5.759182890735522475e-01 2.358710546780857786e-01 3.378436385823323507e-01 3.553459149484967661e-01 4.393286127884896697e-01
1.712000000000000000e+03 7.567836422103185745e-01 8.650614165295339442e-01 6.648416607064769890e-01 6.768023120477292265e-01 6.632710510946842053e-01 3.583514467660543490e-01 2.756205368649992660e-01 4.196187253694539931e-01 4.704231135792125706e-01 2.889073443601537505e-01
1.713000000000000000e+03 8.823123601739301103e-01 8.084876828883421629e-01 7.187420490730859202e-01 7.087076066782875827e-01 4.651810562795194448e-01 4.111956264604954558e-01 4.100827785058094310e-01 5.720105193231650453e-01 3.221581036189197222e-01 1.892819291128609582e-01
1.971000000000000000e+03 7.634932640292734218e-01 5.686594883807268852e-01 8.396489980425132504e-01 7.446059630246328886e-01 4.363144785138510229e-01 4.207665747565154657e-01 3.776719944365065640e-01 4.204154342045549608e-01 5.024063619123689817e-01 4.308896064708558349e-01
1.972000000000000000e+03 5.931202850651603464e-01 8.874933748828168767e-01 7.486912157311070848e-01 4.520923766205161010e-01 4.822385010721850218e-01 4.497012163236803750e-01 3.557386834164864009e-01 5.676437242496195079e-01 4.413622902700296002e-01 4.895222399340862784e-01
1.973000000000000000e+03 8.531466431453887944e-01 8.073622081520026583e-01 3.588382290716385925e-01 4.689743364599623376e-01 4.832158796649446142e-01 4.037348404740599972e-01 5.190904414645903797e-01 4.712452203301421561e-01 4.832024546756358285e-01 4.848508453760154158e-01
1.974000000000000000e+03 8.006535542372830161e-01 5.745209868736733672e-01 4.097636919406739686e-01 4.947084151245421113e-01 4.636171198328405962e-01 5.644090179610218305e-01 4.220616866623383423e-01 5.438911501197926102e-01 4.988533237281088661e-01 5.966503557566893434e-01
1.975000000000000000e+03 5.935877296140003034e-01 6.033673128686690701e-01 4.347867896176745295e-01 4.710196768826288016e-01 6.188974485377011225e-01 4.790141735381985844e-01 5.126966998981754564e-01 5.569657644808542196e-01 6.160553317364152459e-01 5.758217862879771998e-01
1.976000000000000000e+03 6.009515817020445461e-01 5.991500638009065183e-01 3.743372407002872326e-01 5.909519734040025174e-01 5.058797123185302391e-01 5.259259903450833606e-01 4.966545206817603586e-01 6.679540960591954235e-01 5.717247516937935536e-01 5.280300526239318781e-01
1.977000000000000000e+03 5.984663305629220886e-01 5.613838281058267654e-01 5.228808780568181547e-01 4.866454927005295361e-01 5.546300249856865872e-01 5.146042200793594645e-01 6.476156044651870669e-01 6.181892366837654640e-01 5.212618857789188542e-01 5.241889100811302216e-01
1.978000000000000000e+03 5.690491404631722316e-01 6.616150537201743731e-01 4.017683865379877428e-01 5.375158314453977182e-01 5.487709668594314971e-01 6.440113060936880629e-01 5.876148995622052507e-01 5.645866692649328389e-01 5.213686103306998110e-01 4.865459387841407635e-01
1.979000000000000000e+03 6.493175468431482411e-01 5.750032249524322792e-01 4.512255274864869214e-01 5.216434202175492807e-01 6.670810712313219870e-01 5.836518160093896457e-01 5.022984368260374755e-01 5.546580600885629986e-01 4.718330952698464587e-01 5.254796243654278332e-01
1.980000000000000000e+03 5.819862996100105823e-01 6.164257173399787515e-01 4.463847567573093200e-01 6.446016135612694375e-01 6.194749748974929249e-01 5.263346882013557604e-01 5.044548041322871601e-01 5.086805367426882052e-01 5.240510133749185506e-01 5.310927312031189507e-01
1.981000000000000000e+03 6.250088893226738440e-01 6.211737328034150352e-01 6.088298782755491301e-01 6.099257595381770702e-01 5.727703714340598440e-01 5.387341865250639961e-01 4.557357842138476944e-01 5.789764762603505366e-01 5.384782626063994160e-01 3.902610603912005649e-01
1.982000000000000000e+03 6.372698045353406560e-01 7.358026635622155753e-01 5.808767654099394884e-01 5.778363187539885537e-01 5.977262493092894147e-01 5.112154432980252627e-01 5.653009923079906907e-01 6.071465885177237398e-01 3.950760787604935542e-01 3.566582118574523896e-01
1.983000000000000000e+03 7.361555108102189049e-01 7.162416910416851135e-01 5.394227196693697213e-01 5.994804974539958975e-01 5.682420449827394471e-01 5.993623569890538239e-01 6.007570871157108527e-01 4.387026659881119728e-01 3.570289022584736682e-01 3.822376209474906972e-01
2.291000000000000000e+03 8.431219004100015679e-01 9.105218627435445189e-01 7.642414589209508557e-01 6.267154197974367236e-01 3.910994043316983748e-01 3.335509859258253829e-01 0.000000000000000000e+00 2.357886461399582856e-01 4.234168524244560916e-01 6.893836784673438300e-01
2.292000000000000000e+03 8.815376026515165941e-01 8.268833036436735728e-01 5.865747289707085033e-01 3.951208959780316277e-01 3.794743642719473620e-01 1.239523184329622690e-01 8.933152163776135468e-02 4.617534798098769100e-01 7.103096423469973386e-01 6.750627301289705562e-01
2.389000000000000000e+03 6.998335365794121632e-01 6.985633791769678691e-01 5.035555120357760872e-01 6.068207502130325004e-01 7.375959346689930918e-01 5.596250093861895314e-01 5.406495280373744272e-01 4.533397134135204731e-01 4.337295149743143896e-01 3.163118055347272639e-01
2.390000000000000000e+03 7.237491489184801896e-01 6.890934578053961035e-01 6.104316618247370707e-01 7.602053332842316768e-01 6.476913131091097675e-01 6.100539695382249938e-01 4.317777789777811348e-01 5.115674025560766891e-01 3.369697458658617029e-01 2.524465397048341053e-01
2.391000000000000000e+03 7.122615400753621318e-01 7.548233351167146221e-01 7.925916315190218997e-01 6.709415070789191970e-01 6.933325608408393848e-01 5.155053443540495994e-01 5.040650183798904838e-01 3.944896625398101042e-01 2.636019664831975029e-01 3.098309835296009784e-01
2.392000000000000000e+03 7.807921218761785243e-01 8.858113941807908009e-01 7.027814345329950196e-01 7.298492444536995860e-01 6.153903917897282083e-01 5.918903032291876753e-01 3.671047482897987213e-01 3.241674372195232356e-01 3.391254964923158810e-01 1.894969193515396721e-01
2.393000000000000000e+03 8.940858636745999677e-01 8.258712322031980246e-01 7.725422122844691764e-01 6.544591053657483615e-01 6.899492544084075973e-01 4.769569408138776279e-01 2.699955385275082942e-01 4.102679221359352146e-01 2.063126640942817835e-01 2.773091199003580032e-01
2.401000000000000000e+03 6.230551726323291239e-01 6.686198129163972714e-01 5.302999716729558388e-01 5.559334330359766430e-01 5.711294666447598312e-01 4.356911333835844502e-01 3.220770959160551006e-01 4.172735112532403035e-01 6.364160457730059228e-01 6.270481733976570604e-01
2.402000000000000000e+03 6.475162152118515424e-01 6.491234176985402060e-01 4.597382840582132646e-01 5.311811040539584639e-01 4.467150001831357575e-01 3.536867091173183653e-01 2.902646485131062382e-01 6.769956079236157942e-01 6.148009508751057783e-01 6.617139476427968958e-01
2.403000000000000000e+03 6.361322048617925606e-01 6.098975061551317189e-01 4.394430930927595291e-01 4.226151500497452029e-01 3.733537474226764630e-01 3.361580446683038459e-01 6.485354893595380865e-01 6.598356708339284671e-01 6.592545231054872668e-01 6.328958226008571941e-01
2.404000000000000000e+03 6.070199909538829264e-01 6.025919180726230229e-01 3.158983058595047910e-01 3.611185736377361399e-01 3.636157254271465411e-01 6.379919251820886927e-01 6.351838915904074456e-01 7.186185256959828349e-01 6.341700495875015609e-01 5.703357675601605781e-01
2.405000000000000000e+03 6.047907132237360095e-01 5.273391585538634851e-01 2.480856860546729326e-01 3.579330040140150659e-01 6.718601947205951053e-01 6.334762018073730738e-01 7.218184694487975728e-01 6.953745831531311650e-01 5.712531818040523790e-01 4.978844868271034008e-01
2.493000000000000000e+03 7.279067577872943007e-01 7.248795273625592284e-01 5.602746855372395807e-01 4.510982450958919143e-01 4.105863003938889921e-01 4.271185022574123247e-01 3.201683391106899812e-01 6.308716884602098007e-01 5.054773434043624558e-01 5.936372505187039739e-01
2.494000000000000000e+03 7.378095422908490519e-01 7.156808378226119371e-01 4.040198303797237767e-01 4.396080653330300403e-01 5.010993477479360747e-01 4.148800485986481323e-01 6.535901571923599107e-01 5.826227292400422142e-01 6.283416743767948898e-01 3.707145134815745813e-01
2.495000000000000000e+03 7.306647122821385842e-01 6.152993159602480056e-01 3.915262965194142852e-01 5.260301716893592827e-01 4.902012711389060473e-01 6.906003341392363826e-01 5.904647724246372409e-01 7.268335026431894663e-01 3.866753048679600346e-01 3.726481937437753911e-01
2.496000000000000000e+03 6.340462110221686265e-01 5.970796323314281340e-01 4.816533750105344014e-01 5.029953396193239668e-01 7.528043483379542877e-01 6.249383466782055807e-01 7.673612103035015730e-01 4.333267378944304915e-01 3.781967980653346273e-01 4.522385224245203394e-01
2.497000000000000000e+03 6.106541666606231100e-01 6.469409548376093833e-01 4.402529371975860695e-01 7.388652999799171228e-01 6.754055960939735481e-01 7.586976991499007061e-01 3.594161937141724938e-01 4.130598626768385850e-01 4.557981597966716536e-01 4.215208209683968810e-01
2.498000000000000000e+03 6.489461194149340750e-01 6.141101871091503295e-01 7.192022185996534978e-01 6.585180545922563189e-01 8.011208879971033481e-01 4.154331043848619176e-01 3.224586508271160556e-01 4.959105304800060510e-01 4.161058994968526714e-01 4.479453203994577803e-01
2.499000000000000000e+03 6.269427545320058748e-01 8.025470715550272471e-01 6.328914256597764076e-01 7.863347640591051846e-01 4.678469313909441873e-01 3.952745608062043781e-01 4.460269376657742812e-01 4.590872033550416065e-01 4.528346696958277517e-01 4.236463506616582886e-01
2.658000000000000000e+03 9.329096302290997844e-01 6.391826282931183378e-01 3.431587462391662569e-01 5.173719203119899746e-01 4.071352384391418999e-01 3.887062486545811990e-01 4.784961954407664919e-01 5.309612721497247723e-01 3.657340028701111523e-01 6.803496826091878225e-01
2.660000000000000000e+03 5.779117905678925471e-01 6.339154287627580819e-01 3.353590993591191172e-01 4.470420842505151704e-01 5.749349416685833880e-01 5.343518444088776187e-01 3.167333036344294195e-01 7.944867861657175512e-01 5.164594343872730420e-01 6.541019924194433344e-01
2.661000000000000000e+03 6.199040038056987667e-01 5.260345671882054042e-01 3.315334677938880925e-01 5.385592131127259208e-01 5.493366650098648885e-01 3.533276504093915138e-01 8.002266262387613960e-01 5.415839758807605708e-01 6.473669290540288168e-01 5.869974464695641991e-01
2.662000000000000000e+03 5.291746529015703970e-01 5.273418379293902669e-01 4.490709575113741026e-01 5.193681522966400177e-01 3.735340122809598373e-01 7.550821562904336259e-01 4.678467626521781164e-01 6.981144388248710086e-01 5.785620227200685139e-01 5.995761514364826850e-01
2.663000000000000000e+03 5.413707948932203751e-01 6.161502160751943791e-01 4.453343444298387133e-01 3.704674316023439662e-01 7.924901703139631826e-01 4.995534536246071800e-01 6.985993826594035783e-01 6.339820354322918128e-01 6.057566604416355638e-01 3.914794113857711921e-01
2.664000000000000000e+03 6.113222512454575819e-01 6.050866737577538235e-01 2.502113279385816402e-01 7.526752683261734855e-01 5.252159996611041048e-01 6.772881228453380142e-01 5.983689633122504237e-01 6.549033664825547607e-01 3.705731685678705922e-01 4.792674431137401436e-01
2.676000000000000000e+03 7.359559450519994606e-01 6.657593353292806659e-01 4.026290897830709370e-01 4.356103701630195113e-01 5.431415477223242583e-01 6.568987022785288676e-01 4.077683892578061187e-01 6.477141387668364780e-01 4.929274595269557135e-01 4.388439719844924314e-01
2.677000000000000000e+03 6.740001009398934873e-01 5.995676637882709770e-01 3.638006118887535112e-01 5.467850581843801683e-01 7.126324129837984245e-01 4.683767684011654331e-01 6.533655545837586676e-01 5.510904302705045277e-01 4.452735837321150636e-01 4.986484108601276777e-01
2.678000000000000000e+03 6.101503544428974468e-01 5.674990028116750906e-01 4.890337842003286695e-01 6.972109541285507195e-01 5.145433189087704751e-01 6.608557591623471783e-01 5.123492067813789630e-01 4.872587944437126173e-01 5.030324702016718552e-01 4.912347372263871081e-01
2.679000000000000000e+03 5.606302383757132413e-01 6.238502055992312112e-01 6.342792398238774609e-01 4.799218361307609482e-01 6.735763096442474174e-01 5.116210874715707568e-01 3.862619666445046840e-01 5.240586719670558002e-01 4.689036704064479810e-01 6.355819552301147368e-01
2.680000000000000000e+03 6.058500984431346437e-01 7.133075670653625799e-01 3.623332606093683794e-01 6.233446168049641134e-01 5.184730592438608898e-01 4.022421823665428553e-01 4.282287149811789817e-01 4.790397516975066217e-01 6.208257747908642044e-01 6.205123073674300160e-01
2.907000000000000000e+03 7.007714611669610960e-01 6.611635842546970121e-01 5.966088339638399018e-01 3.338929586906040914e-01 3.620086397283640012e-01 3.465236368826925539e-01 3.766619549833740699e-01 6.359994567268145715e-01 4.997157857040735451e-01 8.096121647534555432e-01
2.909000000000000000e+03 6.475592238680206725e-01 4.054038239667241972e-01 1.550037955117870569e-01 3.020267659457306908e-01 3.784603738178986543e-01 5.363385015115365029e-01 3.877646325705519370e-01 8.526891327234166207e-01 8.151377830701086458e-01 7.924163197420643900e-01
2.910000000000000000e+03 4.068239425545476795e-01 3.933913725338301637e-01 1.299134574375511997e-01 3.340492567005736158e-01 5.294773804709708154e-01 3.898710507165931705e-01 8.511089455873560583e-01 8.677565044025349339e-01 7.800682285634479296e-01 8.018196827875840871e-01
2.911000000000000000e+03 3.894077548177822257e-01 3.691953070749101062e-01 1.565604691605479992e-01 4.652404979819484421e-01 3.724451899982136327e-01 7.583747137160332663e-01 8.577106818771097485e-01 8.170219090297122788e-01 7.815325481371521166e-01 6.120349044191734089e-01
2.912000000000000000e+03 3.911832652565300772e-01 4.126731183790836033e-01 3.573334206746732744e-01 3.516304322191323717e-01 7.763751633782715045e-01 8.002362653757904010e-01 8.342948075888985127e-01 8.519361047860843916e-01 6.041882163549721074e-01 3.631431447926654621e-01
2.913000000000000000e+03 4.384816483772466800e-01 5.534591512947172331e-01 2.354048226556211543e-01 7.444137036776014016e-01 8.331633047533675285e-01 7.959735049697411746e-01 8.993064335279649102e-01 6.596852556698340475e-01 3.453858038583707546e-01 2.706297312157942558e-01
2.914000000000000000e+03 5.936689595453726875e-01 5.113952415348493874e-01 7.733458389556955304e-01 8.455463722559775075e-01 8.798599110649406585e-01 9.004405334039916609e-01 7.031985693569949847e-01 4.043569155819939365e-01 2.834708292966758303e-01 0.000000000000000000e+00
2.915000000000000000e+03 5.665570616994307640e-01 8.720030711967730053e-01 9.147636902245034340e-01 9.038784286822583169e-01 1.000000000000000000e+00 7.542134473374649817e-01 3.782887262964327313e-01 3.457692011983899971e-01 0.000000000000000000e+00 7.184905518523865275e-02
2.916000000000000000e+03 8.705666752798864039e-01 9.504662398539319712e-01 9.655201249605368519e-01 1.000000000000000000e+00 8.353035826982064815e-01 4.689228864253749962e-01 2.781827013220268818e-01 0.000000000000000000e+00 6.492128224769359857e-02 1.558019986980949956e-01
2.922000000000000000e+03 7.896477960380184902e-01 4.903435003076393461e-01 3.033001340905999710e-01 4.749796947954141868e-01 4.279841820031722310e-01 3.949990057419567324e-01 5.258375001603151633e-01 7.785034146734081117e-01 5.221339773447033483e-01 6.477575654895886270e-01
2.923000000000000000e+03 5.040761710598260503e-01 5.159840613841022439e-01 3.821911648300333475e-01 4.143008639040255958e-01 4.245024199355444949e-01 5.393567647158032941e-01 7.967263575580330048e-01 5.613568160475589375e-01 6.519453585665490047e-01 7.231110390269328558e-01
2.924000000000000000e+03 5.101359532769174088e-01 5.482965870631584249e-01 2.792189441242931558e-01 3.873860078972236054e-01 5.434627552083752811e-01 7.360148312811951588e-01 4.748450306031662405e-01 6.887577322387455903e-01 7.136393833990279933e-01 5.767866020411037686e-01
3.052000000000000000e+03 7.411808257715755133e-01 5.726640969085320387e-01 3.931834752543336142e-01 4.857212122270631594e-01 2.838646703426168649e-01 4.684401434157835498e-01 5.796681575504887274e-01 5.520147093821062834e-01 6.521342802046737885e-01 6.364235518585741325e-01
3.055000000000000000e+03 5.777089418011642774e-01 4.114078921155043811e-01 3.870361037150923389e-01 5.869455101895565408e-01 5.410361360780627793e-01 6.877643303781102446e-01 6.871968279839515414e-01 5.487195548923819999e-01 5.222594103511717378e-01 6.139466969151059494e-01
3.056000000000000000e+03 4.428609478283169754e-01 5.790510609488274119e-01 5.326693938848543475e-01 5.316101565879056690e-01 7.293449332917940620e-01 6.838747267155392828e-01 5.034015365446052881e-01 5.723891090818382654e-01 6.246556188737332205e-01 4.173402956990168167e-01
3.075000000000000000e+03 6.032156711803415838e-01 5.529938012554745930e-01 7.397003072842709415e-01 7.292616862828347202e-01 7.534084731173080751e-01 5.580252164517791602e-01 5.965201643618319727e-01 2.747718672914308269e-01 3.814253109755600946e-01 4.672316833556897087e-01
3.076000000000000000e+03 5.529422927051711456e-01 7.917686602961948594e-01 6.822868039151486208e-01 7.111491008121324509e-01 5.785391737522550537e-01 5.883681450990064787e-01 1.109981265086097957e-01 3.899547669912872827e-01 4.488470961714540741e-01 5.789175490185554107e-01
3.077000000000000000e+03 7.482361323684294518e-01 7.398843060142489270e-01 6.374376738641249762e-01 5.286779213009695777e-01 5.891493674264607350e-01 1.707139908629922709e-01 2.415662812984601115e-01 4.503985708817155875e-01 5.546626690047795627e-01 6.503318745943850177e-01
3.078000000000000000e+03 7.258193575831395350e-01 7.369841970970667511e-01 4.549203660146363681e-01 5.714046022149533721e-01 2.063526849285319820e-01 3.121963652211117157e-01 3.646443105499887483e-01 6.048092808260462361e-01 6.596822373020323482e-01 6.384016624327794043e-01
3.079000000000000000e+03 7.085012839273125973e-01 6.019762827360010116e-01 4.810965849196957578e-01 1.912302603595939787e-01 3.254832899311100869e-01 3.907442399322788029e-01 5.439514756607382040e-01 7.059609322738790160e-01 6.288312848909236585e-01 7.588876735639724647e-01
3.080000000000000000e+03 5.865417097312463079e-01 6.139660370722134219e-01 9.813940518378042044e-03 2.967494149129155101e-01 3.973556924015858027e-01 5.311328924622794601e-01 6.711986502602969029e-01 6.640900469850899990e-01 7.542990660681248016e-01 7.826963720145253545e-01
3.081000000000000000e+03 6.022732096136288460e-01 3.151633984731326277e-01 1.477352506506524055e-01 3.717090479399675629e-01 5.457439387359761529e-01 6.436815145518975934e-01 6.251737018891366793e-01 8.170881869862822722e-01 7.866490352842918643e-01 5.987276121132970585e-01
3.321000000000000000e+03 5.211460467521449313e-01 5.756263090718186648e-01 5.853324844210188171e-01 5.772424058524313617e-01 5.335575314530990321e-01 5.398355699727084289e-01 4.543957673990904889e-01 4.694425791136270787e-01 6.450632787712423655e-01 6.016419412205228356e-01
3.322000000000000000e+03 5.683204117277944611e-01 6.868420522398620554e-01 4.890028574021892394e-01 4.986300255577698626e-01 5.536060559648460222e-01 4.650322040572136273e-01 3.635505699513999489e-01 6.896331333570807631e-01 5.894722622151903346e-01 5.334052414521632812e-01
3.323000000000000000e+03 6.724070167941499365e-01 6.327085652762715062e-01 4.056813694341455112e-01 5.277551549922152585e-01 4.898384749720010589e-01 4.014641853688613593e-01 6.718609118390626023e-01 6.352145225515370974e-01 5.240346082189081267e-01 5.139434395449750115e-01
3.324000000000000000e+03 6.375110225715922008e-01 5.928411564412012780e-01 4.629975345025758027e-01 4.857012120268094924e-01 4.451612479554356572e-01 6.736071595584073313e-01 6.222040025294435228e-01 5.765531618619573750e-01 5.177636046171296691e-01 5.050196928549447462e-01
3.392000000000000000e+03 7.639133102780552020e-01 7.320142164538703256e-01 6.102509519162391260e-01 6.695409275877378663e-01 5.660133951690344833e-01 5.830121810688896344e-01 4.330598388781367603e-01 3.986746867171635511e-01 2.750327812101821534e-01 4.590563903359697884e-01
3.393000000000000000e+03 7.382691751564194327e-01 7.414961849943240146e-01 6.611579919367712721e-01 5.774827114408231932e-01 6.484798206760734596e-01 4.989389844760190318e-01 3.310311181283745463e-01 3.065909666217633833e-01 4.749010548178975166e-01 4.662953677098087280e-01
3.394000000000000000e+03 7.346836731727738323e-01 7.608999490833219248e-01 5.276523828037619213e-01 6.378656639647244386e-01 5.460905778490838802e-01 3.969898103578752835e-01 1.855894515115391052e-01 5.225478275293929942e-01 4.686046606546197535e-01 5.546593491153939404e-01
3.395000000000000000e+03 7.587147343345159722e-01 6.824575138088323500e-01 6.139499789177096378e-01 5.518705264393281018e-01 4.548161176484206147e-01 2.881853130145933806e-01 4.884144044212662128e-01 5.250546480817177564e-01 5.731925527670509446e-01 4.815067034916978295e-01
3.396000000000000000e+03 6.967753218448338171e-01 7.459806409278300077e-01 5.204033129223679666e-01 4.755479675428234132e-01 3.558479722253774513e-01 5.472502232106071229e-01 5.040897970685014329e-01 6.558747386030563398e-01 5.015127070297157319e-01 4.428430211080930934e-01
3.602000000000000000e+03 6.333524298158255128e-01 7.470173577968302059e-01 6.691158472390794643e-01 6.978165100435099744e-01 6.249416331209578512e-01 5.587650131563952627e-01 3.726094382259831361e-01 3.706077968114487864e-01 3.031813811857474450e-01 5.359782511785289305e-01
3.603000000000000000e+03 7.189778870751364348e-01 7.425146258118084930e-01 6.383847564082274495e-01 5.861626076054345935e-01 5.744930759985398261e-01 3.999136340184766825e-01 2.335992737767890182e-01 2.949008715027086058e-01 5.197462438027494747e-01 6.420320880999635937e-01
3.606000000000000000e+03 6.149786830639710766e-01 5.903779962844771800e-01 2.524344376556415526e-01 2.747233615542909457e-01 2.097466479502377301e-01 4.694887745954717251e-01 6.361330566080051208e-01 5.400448765528241823e-01 6.855304832587518771e-01 1.000000000000000000e+00
3.607000000000000000e+03 5.637689251745355845e-01 4.516976002788146149e-01 8.949627810242852255e-02 1.702173614214885777e-01 4.564490898032265709e-01 5.869844304336373497e-01 4.252892906390053351e-01 7.117943722407955587e-01 1.000000000000000000e+00 8.071200290352674722e-01
3.678000000000000000e+03 1.459044939176473432e-01 0.000000000000000000e+00 5.728967534561069108e-02 6.080500740527782222e-01 9.279448599500234041e-01 7.637843386805253099e-01 9.748708309000699845e-01 1.000000000000000000e+00 7.734323350978256073e-01 5.759061112729316756e-01
3.679000000000000000e+03 0.000000000000000000e+00 2.668135115045460193e-01 4.026147051410165489e-01 7.652799729245044480e-01 6.682534317857202755e-01 7.819596570273843472e-01 9.392682983325223445e-01 7.388882502502148730e-01 4.768550193827466588e-01 8.199649705010437772e-01
3.680000000000000000e+03 2.104231733560478490e-01 4.645435488367829491e-01 5.551145747634282923e-01 4.921155615391289428e-01 6.529298975419604023e-01 7.193786414340102020e-01 5.511545607461492136e-01 3.670605611532735124e-01 7.138870478109680118e-01 8.749941942749727142e-01
3.681000000000000000e+03 3.990475748581507887e-01 5.829298917589376128e-01 2.557478068304916419e-01 5.037730652760473715e-01 6.186292702525835185e-01 4.309771852451305119e-01 9.015013736741013528e-02 6.652040865113272305e-01 7.952371399776428929e-01 9.242730698970681447e-01
3.682000000000000000e+03 5.226491437079479052e-01 4.144054100154949127e-01 3.071737657337754168e-01 5.025016559534104532e-01 3.646420438559437871e-01 8.716686859425344658e-02 5.268661692425208321e-01 7.891666270732424771e-01 8.746788816691584145e-01 9.179441939827356345e-01
3.696000000000000000e+03 5.550546965293552404e-01 3.302935529985022156e-01 1.797043458568862995e-01 3.435396849281028842e-01 6.455174961968213054e-01 6.154010499771789267e-01 5.054833973673721337e-01 8.455887268056403450e-01 8.025656506412224278e-01 6.195510330974847157e-01
3.748000000000000000e+03 7.200167846779111924e-01 4.972821054138616970e-01 4.884324800912853703e-01 5.023814189668326380e-01 5.598075575782176516e-01 3.529095083565739754e-01 2.419017837687165717e-01 4.693197603880939761e-01 6.867226959753101045e-01 7.775145974886369382e-01
3.750000000000000000e+03 6.226962551042951599e-01 5.792490754973638190e-01 4.444772563061689108e-01 3.596480157019356638e-01 3.231548701622654063e-01 4.089243334993568624e-01 7.459909955747691113e-01 8.637961509587387399e-01 5.967452798256170921e-01 5.442028285887531291e-01
3.814000000000000000e+03 8.488625636601271340e-01 5.093244160219365657e-01 3.162152864715829237e-01 4.712474988681208954e-01 3.771002346262681271e-01 2.973360180900208039e-01 7.164802677534816144e-01 6.609392972837251357e-01 5.324404571462069136e-01 6.375009561701766581e-01
3.816000000000000000e+03 5.404361694659993720e-01 5.718138338202676252e-01 2.616303351101348373e-01 3.290571223260430611e-01 7.358635188807116645e-01 6.428883351088556797e-01 5.344953298880731341e-01 7.086518903826649618e-01 5.125651544851863584e-01 6.400290395736487614e-01
3.817000000000000000e+03 5.670584927444631829e-01 4.797983793635975380e-01 1.898276924107594743e-01 6.913283680896424865e-01 6.597865803095238624e-01 5.339237863709445087e-01 6.877390234200927432e-01 5.388709591371124707e-01 6.336592335839433821e-01 5.338028827427989675e-01
3.934000000000000000e+03 8.076812069399568195e-01 8.476590875127193447e-01 6.657506480359977052e-01 3.502446005017503805e-01 3.904581377766473405e-01 4.491826468711210274e-01 3.785828333696043546e-01 6.162803725104426533e-01 4.461885837299260360e-01 4.319694878012763639e-01
3.935000000000000000e+03 8.567162505944799777e-01 7.972892524807668746e-01 3.005007468938189485e-01 4.370175552533406282e-01 5.407133942066952859e-01 4.804116013398044838e-01 6.554614180147965152e-01 5.295306706280908937e-01 4.659695003766999855e-01 3.450184219994579804e-01
3.938000000000000000e+03 5.922332901943349048e-01 6.573304604124476924e-01 4.862008643087556425e-01 7.159157370374554796e-01 5.909167637075645185e-01 5.245730203482149578e-01 2.847256549476769316e-01 5.038499553958623034e-01 5.242545408105062643e-01 5.568558601260960028e-01
3.940000000000000000e+03 6.352253401710652447e-01 7.638836843102814189e-01 5.045233668567340457e-01 5.405811178217828639e-01 3.793529048715426066e-01 4.680824165547500804e-01 5.193972461036777677e-01 6.051485726384936426e-01 4.618845342844895563e-01 5.604018988373095089e-01
3.941000000000000000e+03 7.462449236161705635e-01 6.503205921047172655e-01 4.685572910308719030e-01 3.737482997196094336e-01 5.030333955210288810e-01 5.395375729564036993e-01 5.711110283948660493e-01 4.963716993447520043e-01 5.613423550092412340e-01 5.212000269551159137e-01
4.407000000000000000e+03 7.714800908305097238e-01 7.819251846032458930e-01 2.560661223665099406e-01 1.861730642534048796e-01 4.734596139440399032e-01 3.471820490179213237e-01 4.001383921473815608e-01 6.764052020057251813e-01 7.420379605712886795e-01 5.919944615717019909e-01
4.409000000000000000e+03 5.604225804855884618e-01 4.075533707372886449e-01 4.681366628281051767e-01 4.541035960627265999e-01 5.598463072710362365e-01 7.446521402592531924e-01 9.647478214424848320e-01 7.281349400723940990e-01 3.824769636570549136e-01 4.568029084091794201e-01
4.411000000000000000e+03 6.539350807329651349e-01 5.898027214993778466e-01 5.200915775959202847e-01 7.895755431806595892e-01 9.833351523078540657e-01 7.599717463762442060e-01 3.526750118152320868e-01 5.193238027303862525e-01 2.438987031569636033e-01 2.363836008138431310e-01
4.412000000000000000e+03 6.028977705246936214e-01 6.702386013246376395e-01 7.880457043125318473e-01 9.533367243547299363e-01 8.083901154187024263e-01 4.157761892067423082e-01 4.721390642041811692e-01 2.550690106073297270e-01 2.193951453298720600e-01 4.569264316144871496e-01
4.413000000000000000e+03 6.796602605855464052e-01 8.514612405386344784e-01 1.000000000000000000e+00 7.985797236581215763e-01 4.738520960341098265e-01 5.239734904243686930e-01 1.297259561052966914e-01 2.355527735464975347e-01 4.670393738589853072e-01 3.373725680103937252e-01
4.414000000000000000e+03 8.279277065552024251e-01 9.772815519258688521e-01 7.929931504440460577e-01 4.699299148841080132e-01 5.669501713161131384e-01 2.274673910866951143e-01 8.529457793207891048e-02 5.096115284537903189e-01 3.251843528777119130e-01 5.180628129600710619e-01
4.415000000000000000e+03 9.568608280239851993e-01 8.648537068574331244e-01 4.242674827645899205e-01 5.843742500877457946e-01 2.985600638240885063e-01 2.192212077346080423e-01 4.877400701228258861e-01 3.706555387838323945e-01 5.441309751389236116e-01 4.947823369892397349e-01
4.416000000000000000e+03 8.628626912688024397e-01 6.304232237048352783e-01 5.718021537432387280e-01 3.379932735672932509e-01 2.966981992500654641e-01 5.568065433793332186e-01 3.089661323096729029e-01 6.312869132947749318e-01 5.238699883203313812e-01 5.930103927768874961e-01
4.417000000000000000e+03 6.537822237156012406e-01 7.215010692327791242e-01 2.630625389308861029e-01 3.304287057288673446e-01 6.288647402736244896e-01 4.034561312331813587e-01 6.514248609767155918e-01 6.019979901334463479e-01 6.259071456060683047e-01 5.311894138595434356e-01
4.418000000000000000e+03 7.010230933423166055e-01 4.846569763606934367e-01 1.975584851099453088e-01 5.960326204622735657e-01 4.258285722196881729e-01 6.352209668816706234e-01 5.514520286864805776e-01 6.752373441082452077e-01 5.196967411023343253e-01 6.220887578286830033e-01
4.420000000000000000e+03 4.497828222325607195e-01 6.430218662921652895e-01 2.754686252024226567e-01 6.114242621186515292e-01 5.633291670581809241e-01 6.214514627788192414e-01 4.696853207559728571e-01 6.554036397473107511e-01 6.160623198083664542e-01 5.719837372303917533e-01
4.469000000000000000e+03 5.224126644408675357e-01 4.535979589212211782e-01 3.265604517199942602e-01 4.581570964942602853e-01 7.101309315933850286e-01 5.870115091761759496e-01 4.862282644660309572e-01 7.373024349058412419e-01 6.091616432768781619e-01 6.094675626595426055e-01
4.470000000000000000e+03 4.628132812884596659e-01 5.204228758874772653e-01 3.452190863473748594e-01 6.654233139188818758e-01 6.020645696990336582e-01 4.924562106938931150e-01 7.237947363613128626e-01 6.492014933226677442e-01 5.990043914508879075e-01 5.263383551739179156e-01
4.476000000000000000e+03 8.305664455119281531e-01 8.030436171327468564e-01 7.484526866301040027e-01 6.795456291727763887e-01 6.981781459682123714e-01 6.610662461401302092e-01 2.227962563829102571e-01 1.535907482919174893e-01 1.960146558472753153e-01 4.662445828682998950e-01
4.477000000000000000e+03 8.048238707773606171e-01 8.362776641476530326e-01 6.812916748739885620e-01 7.081945334967073569e-01 7.335648309374590559e-01 3.327669021001980476e-01 1.012763098076242818e-02 2.207731219672433576e-01 4.880517830177266703e-01 4.948869913764987194e-01
4.478000000000000000e+03 8.189777975576286728e-01 7.757070237441693328e-01 6.901246093497535039e-01 7.200030128911814042e-01 3.820874399178799674e-01 1.356310745834151954e-01 7.329207525128393630e-02 5.399560659937108209e-01 5.015269271569823273e-01 6.116994955664720734e-01
4.479000000000000000e+03 7.745140022783250089e-01 7.910842704559296612e-01 7.194623837068376826e-01 4.018160259615229379e-01 1.973481815463226929e-01 2.001610483365997006e-01 5.170999460643822543e-01 5.672985032140734907e-01 6.386965678667421153e-01 5.448554709007599195e-01
4.480000000000000000e+03 7.853720272871910213e-01 8.071563493860268723e-01 3.257871753357037825e-01 2.245439903063140563e-01 2.581239034405347632e-01 5.611541184706037022e-01 5.490072542686211809e-01 7.231867254038537585e-01 5.628726814975906212e-01 5.218207611263463441e-01
4.481000000000000000e+03 8.131540893582849261e-01 5.673421570406589343e-01 1.325776048576403632e-01 3.010057200130799027e-01 6.406580223362313697e-01 6.083696553410949948e-01 7.839713248343308516e-01 6.541368655985863034e-01 5.542104025450044213e-01 3.998226656687829395e-01
4.617000000000000000e+03 5.249508931269142309e-01 5.087729490220499473e-01 1.634380498460598907e-01 4.868151577167793564e-01 3.523499520479713709e-01 6.742209644732745089e-01 5.713106647537847804e-01 6.766820410693537013e-01 8.272245993353400939e-01 6.229795854447874870e-01
4.618000000000000000e+03 5.062704801212585259e-01 4.096182571202660050e-01 3.719420772111208806e-01 3.232663671102015690e-01 6.819362077051004389e-01 5.550080346244298246e-01 6.337817222997151889e-01 8.954237652323253638e-01 6.079820070185006919e-01 5.752486115715880199e-01
4.619000000000000000e+03 4.118554355479316920e-01 5.351468700456423200e-01 1.582174085736274272e-01 6.202798634259037991e-01 5.502512354143623829e-01 5.935689158709106517e-01 9.109152526635886371e-01 6.297258234410098021e-01 5.462977123032811688e-01 6.356644665548867312e-01
4.620000000000000000e+03 5.228690183350450660e-01 3.989878266997241019e-01 5.233047916884533413e-01 4.994485932664957661e-01 5.914256191735701718e-01 8.233569724020339820e-01 5.588076402842033774e-01 5.606929336598187597e-01 6.139181155729834805e-01 5.166304198184598073e-01
4.621000000000000000e+03 4.328092503646239209e-01 6.682497296224073624e-01 4.271789858202745815e-01 5.800861462058167772e-01 8.662804860370760807e-01 5.796620177289172338e-01 5.209633610721891017e-01 6.799788690743121533e-01 5.198438888667414881e-01 3.500839391053630623e-01
4.723000000000000000e+03 8.494203530152510950e-01 8.146786349750958500e-01 4.035368844485363038e-01 5.826259061447893739e-01 4.796220570531223859e-01 6.112024860108418167e-01 2.599732516365306778e-01 5.352432777961563248e-01 4.129048299745886053e-01 3.894437431126440141e-01
4.726000000000000000e+03 8.036185021205456414e-01 7.377678795817735891e-01 8.328272893928997389e-01 5.683185969428973250e-01 7.673941716548234870e-01 6.257300303555345389e-01 5.655837811695452189e-01 3.347145194436239590e-01 1.584710018458529712e-01 2.559860865006786113e-01
4.740000000000000000e+03 5.505308757506534034e-01 5.265428184164769876e-01 3.328851141755414522e-01 5.750824721054783595e-01 5.725855941790300996e-01 5.385599776352710810e-01 6.252733558470473518e-01 5.998653359583450140e-01 6.383765160705265895e-01 5.498094472919479170e-01
4.741000000000000000e+03 5.287590934825846523e-01 5.272314366577378619e-01 4.921116881983893521e-01 5.399182852630891594e-01 5.573365414569619869e-01 6.102040319919375122e-01 5.442722782126112602e-01 6.864607537101016232e-01 5.371378953799705869e-01 5.331481143442821091e-01
4.742000000000000000e+03 5.376769074647774760e-01 6.398692233042080346e-01 4.640248616742115306e-01 5.377567373508684856e-01 6.419327557788793159e-01 5.567086623333824535e-01 6.761124631565542664e-01 5.807891829546736329e-01 5.291836345269357311e-01 4.268363314035728551e-01
4.743000000000000000e+03 6.245120292248400595e-01 6.086041956847719758e-01 4.411875359202083180e-01 6.005319414638989883e-01 5.707781064781730640e-01 6.471875923519915252e-01 5.130074253445494614e-01 5.555263956462915820e-01 3.999854573120631973e-01 5.492638051519107556e-01
4.745000000000000000e+03 5.998323297784682318e-01 6.611582162659699335e-01 4.637719669755041574e-01 6.411355867859921398e-01 5.514081864791879894e-01 5.095467875080612608e-01 3.074206942155139344e-01 5.815442608301105709e-01 5.118980026198308719e-01 5.907814254510770358e-01
4.746000000000000000e+03 6.508340148026015015e-01 6.173199648372400539e-01 5.811070746299529244e-01 5.268841497633401927e-01 5.356098920379395167e-01 3.566605992151700710e-01 5.286101649864796137e-01 5.463484154996032238e-01 5.873445047422759524e-01 5.398891526254192552e-01
4.747000000000000000e+03 6.170521645875787220e-01 6.983989956420186829e-01 4.494994349014012069e-01 5.185065324710917967e-01 3.895651908562336452e-01 5.450673681422181227e-01 4.898240107200931281e-01 6.401812435050263650e-01 5.374596949264172085e-01 5.510782715570516910e-01
4.748000000000000000e+03 6.851514646847265411e-01 6.101780318441498707e-01 4.346347478242237328e-01 3.776784275643770838e-01 5.739536357995440596e-01 5.091805610230433210e-01 6.106265115090730999e-01 5.785854015362668079e-01 5.464412631270786358e-01 5.404270525121006585e-01
4.752000000000000000e+03 6.559687007298299344e-01 6.382507236539767259e-01 6.067748775331318623e-01 5.957494151477343847e-01 6.334718655262113751e-01 5.897774318614844580e-01 4.432533611425779063e-01 4.382078429358007843e-01 4.229777771478115955e-01 4.972647093489556136e-01
4.873000000000000000e+03 5.569322993575145375e-01 6.237934110812038968e-01 6.439122536568447908e-01 5.472839008872545374e-01 5.336688892475366375e-01 6.319782064198382621e-01 5.436982393696274674e-01 4.767854617515412952e-01 4.568822413464103116e-01 5.524613280112886660e-01
4.874000000000000000e+03 6.165439872497777696e-01 7.319527879600422615e-01 4.635119599194773010e-01 5.077743249814276050e-01 6.553706755270133355e-01 5.479330276520453236e-01 3.850720344059854194e-01 4.801197534149535540e-01 5.436600979189711857e-01 5.103559160758277535e-01
4.875000000000000000e+03 7.118121179614321781e-01 6.162861177174763228e-01 4.169620153160790155e-01 6.233175919084668060e-01 5.728211590490051019e-01 4.192277251351855250e-01 3.913160404011866711e-01 5.821466430372239653e-01 4.990833201883188575e-01 5.654141044020077889e-01
4.876000000000000000e+03 6.235621472293134682e-01 6.005920823331097891e-01 5.804601115471779149e-01 5.641866798092066704e-01 4.635319648904888679e-01 4.437457667939909700e-01 5.517693560166404554e-01 5.481118074547768337e-01 5.741867695646736269e-01 5.438436890919565725e-01
4.877000000000000000e+03 5.859819788464508683e-01 6.789617496680165898e-01 4.658008134114163257e-01 4.270598601415568907e-01 4.512872238607648634e-01 5.385436787114417090e-01 4.611626301489196167e-01 6.016528682418117446e-01 5.217703265597333218e-01 6.845756354522398723e-01
4.878000000000000000e+03 6.629499780527031705e-01 6.147395445385933632e-01 3.137835906392370533e-01 4.280588605331557828e-01 5.593514562422164937e-01 4.775987452507640119e-01 5.491444821506813456e-01 5.530362633047382070e-01 6.850568383047879184e-01 5.584742628165938472e-01
4.879000000000000000e+03 6.198495253234642677e-01 5.310500057168456856e-01 3.376929544017747697e-01 5.481108078268884798e-01 5.183069569030093193e-01 5.697415514483925580e-01 5.082863447877782326e-01 7.607893055123621240e-01 5.637762483031557581e-01 5.143081929769250937e-01
4.972000000000000000e+03 7.465842725152824766e-01 6.685822597999512285e-01 5.420843058724359453e-01 6.578454024580502324e-01 5.045145034526599126e-01 2.523845921945012116e-01 2.489887994850588648e-01 5.457451148217782322e-01 5.850123057907279378e-01 5.756149628467133184e-01
5.046000000000000000e+03 6.807052674458150543e-01 5.608325320151708038e-01 8.037338230405457473e-01 6.454393405884072399e-01 7.548939130767402528e-01 5.586635506711224997e-01 6.600191063004419156e-01 5.334680549207301281e-01 3.498733679319065426e-01 1.858233927615899617e-01
5.051000000000000000e+03 7.929832105019882782e-01 8.898268909417554884e-01 6.981567441317568790e-01 5.538411740765660785e-01 3.183743963531686094e-01 0.000000000000000000e+00 6.539518131298838188e-02 3.113241009597105813e-01 6.946035080505283954e-01 8.015906954566648368e-01
5.052000000000000000e+03 8.324970189378950725e-01 7.488467434199058692e-01 4.436673312325480345e-01 2.833268402262490437e-01 0.000000000000000000e+00 1.316440045961702887e-01 1.342904008486982270e-01 7.336290456098324420e-01 7.948003282364517474e-01 9.205162222268534755e-01
5.053000000000000000e+03 7.204381742010829148e-01 5.965118589287189410e-01 1.324108341208467821e-01 0.000000000000000000e+00 1.474854897156808731e-01 2.042342016903703483e-01 7.194257944731131671e-01 8.649240090320338137e-01 9.369927198679364189e-01 8.585133182272667307e-01
5.056000000000000000e+03 2.114320336255667565e-01 2.739601579588832325e-01 2.802116173514922898e-02 6.472262995361263149e-01 8.342897049829756106e-01 1.000000000000000000e+00 1.000000000000000000e+00 6.015320923876336101e-01 5.422269717332591776e-01 6.431765627989722844e-01
5.057000000000000000e+03 2.527516124391681052e-01 2.656793324538044843e-01 4.781912912218663769e-01 7.011442180455674800e-01 9.278602099330274244e-01 8.273013420204889945e-01 4.385445617255908091e-01 4.944318153658121551e-01 5.686659270533923616e-01 7.342053742296708041e-01
5.058000000000000000e+03 2.653104061236400968e-01 5.788274021711159456e-01 5.798773495311623227e-01 8.184289102869872767e-01 7.878691750322303067e-01 4.000668126672477509e-01 3.337617856084649781e-01 5.534971148199746560e-01 6.919099953434595385e-01 5.778657718624284900e-01
5.059000000000000000e+03 5.188443782852839581e-01 6.228923382615465520e-01 6.889755119370232217e-01 6.601321927358363428e-01 3.335134693379800952e-01 2.857316939517415277e-01 3.774876238593560251e-01 6.694983648796347664e-01 5.000104700862840756e-01 7.765117828443623971e-01
5.060000000000000000e+03 5.990246737727662474e-01 7.417371045934366691e-01 5.714358286688600019e-01 2.960561365021616154e-01 2.837218573675844846e-01 3.858484684258543518e-01 6.115350673437448537e-01 5.067033892852066401e-01 7.663515421258239035e-01 6.346100139446969601e-01
5.064000000000000000e+03 4.654309239574079826e-01 5.439181022471216709e-01 6.035574878870368920e-01 5.180555575555779724e-01 9.113676149445162356e-01 7.171710173951076905e-01 4.290881559138034484e-01 3.930154662974775226e-01 5.629469146332471974e-01 4.813730582695285865e-01
5.065000000000000000e+03 5.433694788583952606e-01 7.017444773637572242e-01 4.215647170942063982e-01 8.568310759653491315e-01 7.350029019251154150e-01 4.484298435113162618e-01 2.662539470995069490e-01 5.981985000427546550e-01 4.621884499060446849e-01 4.465221221443079203e-01
5.115000000000000000e+03 5.516174815098642270e-01 5.518378402945777195e-01 4.002170081115631328e-01 5.177563334607452328e-01 4.382446617418793156e-01 4.601415967770084436e-01 5.273519100499409751e-01 4.097563634767129037e-01 7.519022407075341974e-01 7.807923135922212321e-01
5.116000000000000000e+03 5.226061904715082473e-01 5.384005313816279115e-01 3.720325052561250234e-01 3.731041160979755023e-01 4.353311388736897380e-01 4.860529978735640966e-01 2.368171622759041861e-01 7.777337258922645269e-01 7.529781404068038864e-01 8.144810961508371916e-01
5.117000000000000000e+03 5.199942134896126111e-01 5.306269222105326477e-01 2.119267990253810019e-01 3.835258867159299090e-01 4.752392178582421911e-01 2.621971725132855591e-01 7.458591801174343505e-01 7.919988177472094826e-01 8.007448394553398074e-01 6.929498796353713574e-01
5.118000000000000000e+03 5.139917704902171591e-01 4.280665009586293590e-01 2.259735358300457020e-01 4.220017787518051122e-01 2.530358079076944766e-01 6.803382395714029363e-01 7.663983514628807114e-01 8.484229451348722639e-01 6.699519383945888862e-01 6.825336963048633798e-01
5.119000000000000000e+03 4.257071916856608462e-01 4.382763504098647900e-01 2.746169460809303464e-01 2.153628608177304005e-01 6.718620361408120800e-01 6.987259554485827362e-01 8.437620859386419925e-01 6.983455272578534823e-01 6.598853577507425294e-01 6.661598983197487556e-01
5.120000000000000000e+03 4.216444871982500398e-01 4.547945719086442518e-01 0.000000000000000000e+00 5.884368479080912540e-01 6.697561575216091079e-01 7.415353557515507177e-01 6.181776239887619706e-01 6.680854397233610964e-01 6.260976496276441372e-01 7.007396392308163913e-01
5.169000000000000000e+03 8.632160630470230300e-01 9.145928781311067901e-01 2.299329903800913510e-01 4.015273292053710974e-01 4.711078458540814418e-01 3.967080375520618540e-01 5.292859922514701054e-01 4.788921551845676250e-01 5.936130662125657098e-01 4.027719623487633904e-01
5.170000000000000000e+03 9.193228913995811213e-01 5.186800502058188655e-01 3.702611078924001320e-01 5.186407371199086569e-01 4.941215797605090221e-01 6.106265674764411733e-01 4.781492126331300385e-01 7.067853378332183967e-01 4.388793863755153790e-01 3.663558472143239042e-01
5.172000000000000000e+03 6.361376570643814121e-01 6.842357502703494410e-01 5.112523892607969689e-01 7.184923108414424942e-01 6.410989290857957990e-01 7.952962688898306265e-01 5.113634383137133366e-01 4.574018042273346740e-01 3.756509198438238162e-01 2.778967283847266767e-01
5.173000000000000000e+03 7.011775530286569191e-01 6.826141750796198560e-01 7.293447272176132312e-01 6.548307132906783234e-01 8.684397535733108242e-01 5.705062683123118816e-01 4.185537109608510331e-01 4.300556740640458786e-01 2.832470265537924137e-01 2.820313177498431911e-01
5.179000000000000000e+03 8.160502684489094882e-01 7.928571647636382114e-01 5.431698213221461957e-01 5.718610903752066044e-01 5.353480198041473681e-01 4.102240039786618220e-01 3.384595882936403677e-01 4.174546222959981123e-01 4.611700329579743185e-01 4.745482373272237875e-01
5.180000000000000000e+03 7.951560045096704998e-01 7.022077114344135174e-01 5.481692356132559230e-01 5.539680921297449601e-01 4.809984445502635264e-01 4.267675911518318266e-01 3.630917710455062175e-01 5.281881124776047765e-01 4.961845895136490214e-01 4.865839064409348547e-01
5.181000000000000000e+03 7.170226653618488877e-01 7.067215434886484626e-01 5.282282365758673714e-01 5.044507792631022225e-01 4.992741914271920933e-01 4.487249882051416727e-01 5.138703736689139712e-01 5.704667254519262265e-01 5.106185904328836012e-01 4.530580697269548374e-01
5.182000000000000000e+03 7.200305104183505334e-01 6.927095651539820764e-01 4.659783579586878055e-01 5.202910716704542970e-01 5.198470768169619616e-01 5.713324317826320442e-01 5.688963918164071654e-01 5.859503315837176762e-01 4.729942668918783455e-01 3.775863120801229433e-01
5.325000000000000000e+03 7.219937141990223628e-01 7.275694724490028298e-01 7.453461225106886578e-01 7.248872566492597924e-01 6.342178479149077619e-01 5.192440146306053217e-01 4.549771954977314126e-01 3.359698729921655747e-01 2.851797387395935135e-01 4.079800863198074778e-01
5.566000000000000000e+03 3.715592045615743744e-01 3.920975805779141066e-01 6.647238114165313072e-02 6.801704775638013345e-01 5.923539480246492461e-01 5.080024336584731959e-01 8.374877062433028208e-01 6.673801525175444560e-01 7.164829410136328569e-01 7.146784653089999217e-01
5.567000000000000000e+03 3.810697331829814294e-01 3.199752762880406221e-01 5.650438720053136965e-01 5.134421126211027309e-01 4.789628906767607330e-01 7.357328608620581356e-01 5.760056170267138231e-01 7.329702500802501852e-01 6.781173295385714006e-01 6.465933205022288410e-01
5.568000000000000000e+03 3.336851656207600048e-01 6.597922110493316117e-01 3.897894940255876572e-01 4.299900810688879749e-01 7.304525881034653612e-01 5.460382225965223491e-01 6.933934303002560195e-01 7.108089115355291643e-01 6.235059172017967111e-01 5.017648372195409046e-01
5.569000000000000000e+03 6.315039456746903701e-01 5.487668586963724282e-01 2.915086615103814616e-01 6.683935400085998513e-01 5.441220054018112151e-01 6.452551221262416981e-01 6.674544846154316646e-01 6.502941733085414455e-01 4.688237806667691077e-01 4.313071770598677634e-01
5.705000000000000000e+03 6.721644502341080907e-01 7.933994269459787585e-01 8.530699442065201588e-01 7.883213318232670241e-01 4.958752989905899633e-01 3.874850479770429734e-01 2.797795790112519998e-01 4.352125794359184008e-01 3.416603211595038436e-01 4.501246141270629497e-01
5.706000000000000000e+03 7.946026803581190956e-01 9.020977831239991307e-01 8.112387350470235958e-01 5.153814174795288139e-01 4.566533041637880208e-01 3.769428050905101468e-01 3.850437984812819514e-01 3.877574516091603640e-01 4.683743741132503358e-01 3.406823614500675834e-01
5.710000000000000000e+03 7.285504249232133134e-01 7.098968277754854617e-01 6.572967514881292717e-01 6.128071970444657346e-01 7.636686321240047093e-01 5.398096306002686529e-01 3.929914368253958901e-01 4.270608399796760324e-01 3.773459870218152656e-01 3.298359852490033717e-01
5.931000000000000000e+03 7.126451599084361321e-01 7.177509910356210110e-01 7.024334386414879949e-01 4.268284257537847681e-01 3.393636952113925909e-01 5.763674992106390116e-01 4.681284711693619038e-01 6.623963761289213270e-01 4.910079843063709926e-01 3.935810968331525661e-01
5.944000000000000000e+03 8.335827934968470521e-01 7.753174667176909729e-01 7.375439746172718358e-01 6.017235202109371128e-01 6.620642649431225379e-01 3.509818810036102188e-01 3.450896812302333139e-01 1.723077240091944740e-01 4.206226640386763749e-01 5.086579258043187890e-01
5.945000000000000000e+03 7.879746567746235275e-01 8.376843940044251813e-01 5.990375680472967979e-01 6.848852149381456922e-01 4.339645171479050156e-01 4.445869369950579686e-01 4.870474253398080627e-02 4.922638179671098846e-01 5.430589903637763616e-01 4.260957614014178052e-01
5.948000000000000000e+03 8.726537637228294342e-01 7.007619228361026131e-01 6.352734713094719821e-01 4.001182812657586019e-01 7.158613974558835080e-01 7.903807176661949985e-01 6.238835585222826108e-01 3.098345394960708710e-01 1.814952197120999755e-01 3.484742203016363282e-01
5.950000000000000000e+03 8.030515565769524855e-01 6.084617455634745431e-01 7.958168821801266946e-01 9.120408555707958387e-01 7.866532128140846236e-01 3.808321005398278003e-01 1.385406601614431465e-01 4.572338154730350990e-01 3.728572967010683747e-01 2.606286783872319157e-01
6.286000000000000000e+03 7.362180815542682666e-01 7.345034673722018459e-01 3.783094177985193984e-01 3.887819221722530472e-01 4.108991439914298494e-01 4.870750441717050516e-01 4.370555494762117799e-01 7.445097917180287794e-01 5.779218596107124073e-01 4.670721356287543258e-01
6.287000000000000000e+03 7.479469704005958786e-01 5.995467597544823501e-01 3.307479853921244106e-01 4.423606784340414766e-01 5.638327492575253563e-01 5.136848407375107506e-01 8.094731392081345733e-01 6.693192270707317704e-01 4.925878145776474981e-01 3.628573027070549628e-01
6.288000000000000000e+03 6.321151371587244716e-01 5.711652887406797330e-01 4.001793789851464944e-01 5.893909685781177910e-01 5.938801257791723742e-01 8.235640556557379810e-01 7.126015861363964587e-01 5.730813631619776638e-01 3.817055081654784354e-01 3.540273711676071855e-01
6.289000000000000000e+03 6.046550977576586883e-01 6.132112966353484573e-01 5.754945066679101329e-01 6.138166655077453848e-01 9.004390617941273600e-01 7.397089415990669714e-01 5.783146031822269384e-01 4.403497419086339071e-01 3.689264956148483598e-01 2.545904437960266331e-01
6.290000000000000000e+03 6.355586453594739282e-01 7.202344487229895842e-01 5.949655134064977258e-01 8.935267619102883474e-01 8.072133792830781251e-01 6.201209322359535481e-01 3.890603239069513886e-01 4.173295741739663223e-01 2.536894325340540157e-01 2.827700089316015908e-01
6.291000000000000000e+03 7.412196891855421521e-01 7.467496354150001681e-01 9.589277089069367932e-01 8.235583922210001351e-01 7.060767831870068401e-01 4.829633255978876272e-01 3.806138528472046700e-01 2.999019333015830457e-01 2.986622622952146977e-01 1.973523777447010741e-01
6.292000000000000000e+03 7.789706723030506152e-01 1.000000000000000000e+00 8.991864840756244037e-01 7.494506178631252791e-01 5.907417670420819222e-01 4.981664482909478053e-01 2.495221621543467772e-01 3.722067042910764401e-01 2.226226400498647062e-01 1.696118665076388199e-01
6.293000000000000000e+03 1.000000000000000000e+00 9.602636904361881998e-01 8.069442768140208111e-01 6.396614047075157572e-01 6.048236150586039361e-01 3.889404978960033232e-01 3.453826919044074018e-01 2.825217771498296226e-01 1.914584130891191782e-01 2.181758397199312638e-01
6.490000000000000000e+03 8.410122321947819390e-01 7.188685352118487915e-01 5.416148798535920239e-01 6.000097083908683127e-01 6.280213590889253128e-01 6.366034868472457697e-01 3.486917563807438447e-01 4.298078658388494455e-01 3.869239152804176962e-01 3.227047286032239115e-01
6.491000000000000000e+03 7.527265583086081291e-01 7.266187943048314501e-01 6.218679020971046301e-01 6.732683215210063521e-01 7.422078671763037150e-01 4.690768259513672933e-01 4.209358293501627157e-01 4.725610971533327764e-01 3.572009913092333289e-01 2.958151291071342559e-01
6.492000000000000000e+03 7.704973033702250396e-01 7.913722464208752250e-01 7.311259175533486587e-01 7.968020454129546293e-01 5.907972355207417037e-01 5.453901206992360917e-01 4.988592541799802826e-01 4.530589754946678371e-01 3.408360985475920590e-01 9.241918900262030556e-02
6.493000000000000000e+03 8.229620049129335868e-01 8.575309286383206997e-01 8.750876867154423477e-01 6.478692323062948955e-01 6.609251210325031156e-01 6.031163864408018993e-01 4.646667848467250783e-01 4.280866661695241215e-01 1.138369275699706445e-01 1.535771053576197032e-01
6.494000000000000000e+03 8.815533194464018063e-01 9.518718863006371267e-01 6.934908106841419784e-01 7.148632117867214086e-01 7.198618350996032200e-01 5.758633172852030135e-01 4.321920493871331814e-01 1.642353172962915664e-01 1.812935264296809124e-01 2.045433757975057554e-01
6.495000000000000000e+03 9.700208484457512048e-01 8.403247987020072696e-01 7.858000691342577060e-01 7.787035684222728404e-01 7.012568694806226022e-01 5.578049946682702709e-01 8.742026211835512983e-02 2.506655025639115131e-01 2.436026624398341667e-01 2.123640134227186838e-01
6.497000000000000000e+03 9.487593077156820653e-01 9.786980926865882502e-01 8.845694555651968383e-01 7.781932144183629774e-01 4.328918080773955235e-01 4.050693173692382354e-01 3.451441632937608528e-01 3.655797713684747485e-01 1.655040675540234152e-01 1.729947318301788550e-01
6.511000000000000000e+03 6.145952225185477014e-01 6.688013381854550632e-01 4.525528570696001340e-01 5.266021382912399185e-01 6.482707730312593508e-01 5.659640530181105911e-01 3.919206248466712283e-01 5.737435016997944892e-01 4.681696093841704043e-01 5.485947818768784900e-01
6.512000000000000000e+03 6.622253643459781181e-01 6.154542651200244352e-01 4.496142765928076157e-01 6.246174737756944317e-01 5.993074469657722059e-01 4.332464863902364960e-01 5.270278877791944039e-01 5.021909129602376565e-01 5.472327231433604666e-01 5.093232187804546118e-01
6.515000000000000000e+03 7.115952616685166099e-01 6.889600730695989439e-01 4.135430546295947862e-01 6.014463584393582307e-01 5.446420106517815274e-01 6.125545079083284383e-01 5.437696053631723148e-01 5.298583082921111131e-01 4.242950148120007703e-01 4.180322048009842417e-01
6.596000000000000000e+03 7.251458291509731424e-01 7.340805517979109851e-01 5.419355434471969657e-01 5.475150424918824310e-01 7.415798068428210987e-01 4.067112515270259188e-01 3.547889010727458547e-01 5.509682914160303202e-01 4.544551699541563017e-01 3.954012124670559514e-01
6.597000000000000000e+03 7.378451748108647568e-01 6.946391720327345087e-01 5.079567863981805376e-01 7.392986935543779392e-01 4.684487960503141424e-01 4.311753457559543423e-01 5.313281604324964214e-01 5.121545631632100637e-01 4.029719506671102791e-01 4.461262577438521726e-01
6.598000000000000000e+03 7.073038388033785484e-01 6.770832377373279254e-01 7.495205784894078960e-01 4.881958320164442311e-01 4.989492941409198745e-01 5.823649870796658856e-01 4.865470650590935087e-01 4.577265543395309111e-01 4.628585514915755095e-01 4.213967256985524101e-01
6.679000000000000000e+03 7.744979550529601520e-01 7.939659081421540643e-01 6.425332897354095740e-01 5.149287106775377598e-01 4.409520557913857997e-01 4.046074911372278260e-01 1.931513379184918999e-01 5.441967219842566150e-01 4.296750185083981211e-01 5.855682293966117946e-01
6.680000000000000000e+03 7.779708213998914879e-01 7.459508810976824833e-01 4.467940324398497753e-01 4.393627895798601912e-01 4.478469096708742603e-01 2.799113043863846739e-01 4.995875840223180653e-01 4.665270047442064416e-01 5.952633717335573671e-01 6.184469755553071435e-01
6.681000000000000000e+03 7.472496947852719229e-01 6.318395774541007981e-01 3.739824686227792294e-01 4.618224072276607695e-01 3.399695107056489585e-01 5.487556344201696135e-01 4.161911741488519834e-01 6.745219033325920988e-01 6.445130933398652839e-01 5.127982512182968078e-01
6.684000000000000000e+03 6.535921621181909336e-01 5.581274432631434523e-01 6.434791798706338550e-01 5.949911864426230546e-01 8.200331487525696073e-01 8.225395520337276389e-01 6.527389632026239230e-01 3.641141760381640391e-01 3.113481138649673019e-01 2.934899106803852686e-01
6.685000000000000000e+03 5.776524670427704011e-01 7.529993258273041112e-01 5.545141114000435856e-01 8.035124373613524718e-01 8.748196634434199925e-01 6.660877285746555909e-01 2.684618573338433678e-01 3.367885103891368748e-01 2.843695521384102531e-01 4.326403817032153931e-01
6.686000000000000000e+03 7.506019522302609381e-01 6.984932758782307349e-01 8.143633349744578975e-01 8.590271867709162734e-01 7.224532261063526528e-01 3.544790800127657904e-01 2.368989473508454346e-01 3.092282987690356255e-01 4.390032985277416144e-01 3.233129110258758931e-01
6.687000000000000000e+03 7.216499441374217838e-01 8.885768821915732696e-01 9.156914340701240995e-01 7.429885993716378589e-01 4.388071538604244592e-01 3.568572919596488813e-01 2.343168492107904066e-01 5.148779387183483047e-01 3.421837461311283968e-01 3.275066088785576479e-01
6.688000000000000000e+03 8.914437550974491087e-01 9.583968553317497863e-01 7.797473860302288617e-01 4.810071690251306320e-01 4.464590932711984261e-01 3.599823287116041270e-01 5.171457080847154941e-01 4.069395659599996384e-01 3.508532732508499175e-01 2.621571282977467887e-01
