1.000000000000000000e+02 3.568846798383361052e-01 4.622891141651027103e-01 4.223230804040278841e-01 3.842783816600472413e-01 3.640201404331578350e-01 3.252583401413866038e-01 4.299358860891046574e-01 5.351660692013640030e-01 5.379886843300120125e-01 6.298474685088326641e-01
1.010000000000000000e+02 3.545863234779054740e-01 4.199371014930839419e-01 4.430672066924624120e-01 3.729508967222888716e-01 3.519571943434524619e-01 3.319599326957450858e-01 5.224118226638807538e-01 5.187091918891920672e-01 5.520971043776352616e-01 5.944215077831053184e-01
1.020000000000000000e+02 3.061678064320822457e-01 4.370147469624482972e-01 4.317357131984441154e-01 3.592838125375917291e-01 3.556153910042404998e-01 4.350574195254681142e-01 5.020418368132254505e-01 5.317682873702004320e-01 5.165258042919672610e-01 6.110503596721866826e-01
4.690000000000000000e+02 3.077326799207751318e-01 4.785399859935221545e-01 5.811784780250565108e-01 4.295407334541521682e-01 3.939751513189589383e-01 3.563261981716236426e-01 4.223919641049376783e-01 4.117586020151560722e-01 4.569820619937997042e-01 6.127745696269001341e-01
5.260000000000000000e+02 2.960114549938945294e-01 3.658680409210831597e-01 3.766218460747288166e-01 2.896894538665924501e-01 4.482560909275137284e-01 5.777675131024637700e-01 5.651345948536155017e-01 5.590678661551065076e-01 4.963174208196009518e-01 5.789873287103000088e-01
5.300000000000000000e+02 3.531956438537531273e-01 5.566348915873574610e-01 5.078809305383308326e-01 4.461392054414866637e-01 3.441542144851666429e-01 3.270197119922391149e-01 4.424220253990070462e-01 5.168107849451021307e-01 4.275909172214355514e-01 5.099073715864226308e-01
5.310000000000000000e+02 4.764551165256875054e-01 5.142670512457309107e-01 5.125967297531578426e-01 3.762004967635438901e-01 3.769165307736835890e-01 3.716904403251788391e-01 5.246730970653366022e-01 4.196591263277276718e-01 4.572560313675839150e-01 4.113867580276935332e-01
5.320000000000000000e+02 4.413820706750881118e-01 5.290197183256860614e-01 4.659942438374943818e-01 4.208199282509813566e-01 4.327449110967660495e-01 4.820694357558941157e-01 4.323152357430845583e-01 4.645478283969587396e-01 3.755336893115665542e-01 4.338988630670941871e-01
5.330000000000000000e+02 4.487511653262528100e-01 4.785588444327681934e-01 4.942241024632990087e-01 4.626768919226773580e-01 5.229531982647632748e-01 3.637917962438986796e-01 4.707034555973655943e-01 3.662437236089149950e-01 3.878642090819595656e-01 4.821309952359636442e-01
5.340000000000000000e+02 3.892641193222572960e-01 5.005897163367527547e-01 5.249423045960265322e-01 5.426180918235863349e-01 4.089749022111119903e-01 4.021794482994285325e-01 3.582375766972700215e-01 3.751403339331370601e-01 4.294961612915105253e-01 5.296390902156440372e-01
5.910000000000000000e+02 2.437897159795158475e-01 3.548345326545780942e-01 3.467506015287732390e-01 4.201497567180039194e-01 4.426498590595380200e-01 4.025871374938030933e-01 4.927990511588219436e-01 5.854070845995662520e-01 5.788203224662744617e-01 6.573045688355269034e-01
5.970000000000000000e+02 2.421454423951528712e-01 4.219947923216136321e-01 4.046189662814211885e-01 3.370584491823425677e-01 4.570175288534304991e-01 4.161821793888039744e-01 4.967795013567075091e-01 5.378653800810540009e-01 5.566447715761619897e-01 6.338754656835822177e-01
6.630000000000000000e+02 4.706416375105855754e-01 5.629661102300324016e-01 5.920646725547288325e-01 4.946185456607720132e-01 4.843896599269833514e-01 3.798625514257830127e-01 4.034728235733920365e-01 3.202290716768759760e-01 3.284411627984494264e-01 4.089590533991790955e-01
6.650000000000000000e+02 5.319452749653156287e-01 5.713783452778000704e-01 5.818096980788413086e-01 4.741098369594997641e-01 3.996518691143431390e-01 2.439351393189287676e-01 3.223252143500591749e-01 3.677377132096229517e-01 4.009815155964236988e-01 4.891682798708578694e-01
7.960000000000000000e+02 4.102537717625770464e-01 4.305999680434710597e-01 4.269414774569353366e-01 3.756201328327145039e-01 3.267424403280909107e-01 3.305593458864090617e-01 4.337573798290338956e-01 5.071577015408149647e-01 5.382085061930832470e-01 6.635460107200928936e-01
7.990000000000000000e+02 3.085500577901981178e-01 3.920181856150553035e-01 4.149699313618102625e-01 3.553494491913608000e-01 4.062246319286301199e-01 3.990678678895781539e-01 5.426053642885830808e-01 5.259440861021537073e-01 5.157389549968153242e-01 6.397438431726274466e-01
8.130000000000000000e+02 4.368099959300166812e-01 5.205917303541610641e-01 5.324037451059675519e-01 4.738676028809233887e-01 4.603442974393865406e-01 3.417716351622199222e-01 4.727651537087764200e-01 3.568465941559845755e-01 3.974044048127272633e-01 4.605343351850938460e-01
8.150000000000000000e+02 4.597361275745819320e-01 5.443432423139569210e-01 5.505423164222450483e-01 4.261547907664174351e-01 4.568271936504552655e-01 2.726946193805012131e-01 3.890479512158195874e-01 4.069726293464243638e-01 4.123427793008238029e-01 4.972766992485156967e-01
8.180000000000000000e+02 4.068602923816025951e-01 5.355428862321846006e-01 4.300133447867551251e-01 3.793187332465840500e-01 3.637209153933446126e-01 3.078928899149234177e-01 4.257262823437529820e-01 4.854142597804201875e-01 5.064551073730471087e-01 5.826466614509759889e-01
8.190000000000000000e+02 4.319783123944934133e-01 4.242104753127985406e-01 4.359684784795228030e-01 3.690659459407859555e-01 3.321743839338460180e-01 3.229649697348970783e-01 4.643871871226899484e-01 4.812826517127135051e-01 5.042925051960934768e-01 6.785321463046036783e-01
8.710000000000000000e+02 2.958439013998660494e-01 4.754577673430750995e-01 4.618068606880789129e-01 4.429675566098345008e-01 4.273620348259522528e-01 4.311546607838823153e-01 4.941076875781996169e-01 4.652690722960927672e-01 4.894872845539888773e-01 5.102297836341949111e-01
1.011000000000000000e+03 4.790033826692096097e-01 5.706962533718398234e-01 4.718975601355566707e-01 3.767020858938179839e-01 3.449865572259143698e-01 2.707528938961465403e-01 3.812906796594632275e-01 4.244167016877952170e-01 4.483592952471169846e-01 6.235830867391551902e-01
1.014000000000000000e+03 3.657445038999387332e-01 4.561224110270640231e-01 4.285124244272786043e-01 3.715062824068806613e-01 3.836883785172540140e-01 3.565848788318384810e-01 5.673503578844606432e-01 4.580714119749974000e-01 5.021883376968090396e-01 5.814790704337260419e-01
1.017000000000000000e+03 3.407195286429493541e-01 4.646701004566993753e-01 4.692599679624885889e-01 5.304541580542363466e-01 3.957657644605341307e-01 4.004534145753214647e-01 4.946330297594803693e-01 4.755878640579372929e-01 4.567526116513942469e-01 4.615695035646994460e-01
1.018000000000000000e+03 3.688982690375169349e-01 4.732331170650736496e-01 5.760355860767909508e-01 4.168940077864414229e-01 4.361138372274265818e-01 4.224357762593322074e-01 4.716346585822111526e-01 4.439878304678465115e-01 4.047488191327607843e-01 4.614870735836978377e-01
1.019000000000000000e+03 3.823964495838633737e-01 5.740792655724501481e-01 4.859302102114279598e-01 4.597601999795297156e-01 4.616034859704811200e-01 4.018246040116939533e-01 4.420663992649678242e-01 3.922838610807581339e-01 4.088747256195909285e-01 4.521002433950580546e-01
1.020000000000000000e+03 4.927582760012801932e-01 4.917035977705904726e-01 5.210427111797706345e-01 4.831640783117343019e-01 4.420586551912394913e-01 3.673028679993072809e-01 3.849408063232837018e-01 3.962399741305553946e-01 3.995035082993171893e-01 4.713915597292917536e-01
1.022000000000000000e+03 4.408571723136286424e-01 5.445180399091446022e-01 5.287484862397318075e-01 4.391986662267509112e-01 3.546113815804052272e-01 3.116972491453749439e-01 3.824423660592690677e-01 4.097997506799175294e-01 4.690980635550813238e-01 5.293697347723771429e-01
1.024000000000000000e+03 4.397409755240164198e-01 5.033149166328373392e-01 4.517529422224097480e-01 3.805451849455063207e-01 3.407333222212317048e-01 3.164565838928825592e-01 4.541241259094364602e-01 4.594986106437636830e-01 4.612053729456756512e-01 6.210828617974982757e-01
1.025000000000000000e+03 4.149047894904362432e-01 4.605347755349572525e-01 4.552188054686114316e-01 3.694499322238375960e-01 3.634339669833185904e-01 3.809920340032852404e-01 4.583670927508365911e-01 4.527600793058942363e-01 5.596542866467056898e-01 5.351309041938148159e-01
1.026000000000000000e+03 3.637992328031745548e-01 4.599594310041065226e-01 4.419166063929387822e-01 3.858434409254324904e-01 4.175048292802928107e-01 3.801127296008743328e-01 4.459868410308098219e-01 5.546680862823188951e-01 4.739109748083519258e-01 5.482408034425029220e-01
1.316000000000000000e+03 3.915787778991782764e-01 5.233468413202468916e-01 4.942206753116733520e-01 3.954184746393454852e-01 3.711125248424808620e-01 2.421469423268991505e-01 4.410813700106708257e-01 4.621899610400803660e-01 5.112479727269284568e-01 5.782994737242103112e-01
1.317000000000000000e+03 4.284268223185101476e-01 4.914511702567912477e-01 4.591019872216713926e-01 3.878074498578242268e-01 2.843006028210691150e-01 3.542233658832614207e-01 4.509791226896389671e-01 4.974309205502457920e-01 5.103212108292181082e-01 5.655164165208846905e-01
1.597000000000000000e+03 3.372758103454889800e-01 4.367778450241181498e-01 5.774520461538986682e-01 5.182347626566274901e-01 3.752017627721346282e-01 4.003257903801409334e-01 4.097133722025751990e-01 5.141600561992293317e-01 4.530271355571147129e-01 4.515058070262044643e-01
1.718000000000000000e+03 4.252613854330528631e-01 5.789608416458909002e-01 6.933785802186488434e-01 5.132735042296787675e-01 3.731909436926647006e-01 3.272197205880464366e-01 3.785828631711791181e-01 3.364514955716235156e-01 3.492858664546529268e-01 4.318982247622877857e-01
1.719000000000000000e+03 5.048118827333182290e-01 6.865313615787844714e-01 5.721321258994391812e-01 4.080600133666822948e-01 3.819542397360941033e-01 3.037907957576003182e-01 3.318832263362143098e-01 3.390990875334616850e-01 3.871409785242435619e-01 4.531866308732537818e-01
1.720000000000000000e+03 6.314250670069337934e-01 5.837055509093124206e-01 4.929774515271908575e-01 4.261814901294220803e-01 3.708889970555766524e-01 2.616187690136364541e-01 3.446988269391186299e-01 3.891671360342792707e-01 4.157466746267176050e-01 4.599529376640684730e-01
1.969000000000000000e+03 7.170392761680383087e-01 6.003209096052449789e-01 4.027742902110037493e-01 1.469559966488999947e-01 4.994678408841442541e-01 4.333405375654273417e-01 2.870104795001481857e-01 3.688860677259037657e-01 4.334233886000364855e-01 5.068525829335592814e-01
1.970000000000000000e+03 5.384949599233723738e-01 4.311987360708262607e-01 2.779200146731497512e-01 5.390711599504784957e-01 4.926218532645056380e-01 2.127668215351469772e-01 3.796309015746989757e-01 4.414188294219327791e-01 4.686555726667975819e-01 6.741988843542640053e-01
1.987000000000000000e+03 4.367934362315067931e-01 6.059453907646707993e-01 6.637422697054741194e-01 5.222725258610289023e-01 5.034037229716391559e-01 5.474979346300733463e-01 2.818944436587889069e-01 2.422701848999068153e-01 2.843204833216074756e-01 3.753973720317685947e-01
1.994000000000000000e+03 2.539576548256960442e-01 3.724979205571246621e-01 3.962314758668765147e-01 3.039063077916305811e-01 3.942529569303288572e-01 3.130555688988267971e-01 5.121030400118002923e-01 5.133719636622424698e-01 5.962279296191289601e-01 8.218855866285246226e-01
1.995000000000000000e+03 2.220861906574406464e-01 3.652341630546226403e-01 3.423861361775963341e-01 3.599514201042089967e-01 2.968164557298100248e-01 3.778513793360822048e-01 4.565670491484379312e-01 5.429922658581489703e-01 6.978294308000140278e-01 8.192361188946487571e-01
1.996000000000000000e+03 2.185295392376898349e-01 3.204517228888589808e-01 3.931345192632112462e-01 2.740642858057694697e-01 3.618765152075483216e-01 3.206812663680559394e-01 4.942976272868962462e-01 6.575285191839378429e-01 7.000071231507329905e-01 7.407366819164975524e-01
1.997000000000000000e+03 1.704323820904825315e-01 3.672985053204128603e-01 3.230651311177512586e-01 3.361319137418375402e-01 3.107074285246554379e-01 3.650866651834723253e-01 6.203243306567451931e-01 6.609533154101280283e-01 6.268317831872554091e-01 7.275209017580821502e-01
2.293000000000000000e+03 4.089743586448255641e-01 4.420684954260646893e-01 3.093891222861362977e-01 2.427002271428736202e-01 7.879154496799394003e-02 1.288668068444255577e-01 4.829018798863031203e-01 7.982797051604511029e-01 8.086994249555446990e-01 6.542202061559729831e-01
2.394000000000000000e+03 4.205682754904803144e-01 5.496951765547055668e-01 5.027614345582354094e-01 5.036919473829772897e-01 3.934346637348934972e-01 2.831688317635612795e-01 4.522614865162168374e-01 3.340605544145276995e-01 4.412444816938851377e-01 5.456228581720941051e-01
2.395000000000000000e+03 4.607359793576978890e-01 5.022740062294985819e-01 5.522647866370247183e-01 4.128224246769927053e-01 3.262916862950003272e-01 3.717179894545536434e-01 3.149536522782904746e-01 4.254767275267863358e-01 4.828221462713461754e-01 5.642898196850826276e-01
2.396000000000000000e+03 4.086521467321617695e-01 5.472858013973469493e-01 4.768974520913984994e-01 3.497478807313079141e-01 4.076975034963131184e-01 2.144555299288148642e-01 4.149331279679324691e-01 4.704503481046967694e-01 5.005216643706476010e-01 6.082429771290461806e-01
2.397000000000000000e+03 4.553061695323875613e-01 4.762405672026456260e-01 4.218164085380834982e-01 4.228795986132178331e-01 2.596008851080996438e-01 3.251019763284632158e-01 4.607286480545170204e-01 4.864908768602655420e-01 5.393070258616327051e-01 5.784368034338511766e-01
2.481000000000000000e+03 3.325316347530288263e-01 4.524487914170065572e-01 4.580736287961661435e-01 3.722895566689138902e-01 3.632712035060910449e-01 3.501954517763402608e-01 4.707259600321508919e-01 5.207300344952119353e-01 5.234143305942122737e-01 6.143496058463326914e-01
2.482000000000000000e+03 3.255794674961496327e-01 4.358250504418751947e-01 4.149069171225410746e-01 3.502585611936085974e-01 3.514202210370955815e-01 3.530779050946825648e-01 4.842470385296029911e-01 4.824948687426132143e-01 5.184610215388217869e-01 7.473235477995608944e-01
2.483000000000000000e+03 3.168202389237499417e-01 4.052700078172582487e-01 4.061430310267759580e-01 3.505824959367216942e-01 3.662624572564130432e-01 3.818415965175312454e-01 4.541462537986480363e-01 4.877933510798463934e-01 6.541774960246922177e-01 6.462966677646588831e-01
2.484000000000000000e+03 2.907073878110562615e-01 4.040552437186855084e-01 4.138371959298158265e-01 3.734802105467002753e-01 4.022465900999659394e-01 3.578378206165476194e-01 4.690469673038965004e-01 6.427882358668440821e-01 5.663151163273295596e-01 5.634337466255745497e-01
2.485000000000000000e+03 2.853456996130259160e-01 4.073708208200747527e-01 4.287620470655282290e-01 4.023572437355773523e-01 3.749897501453977600e-01 3.692086776615189914e-01 6.333739659400233757e-01 5.432863930801264951e-01 4.836453313324302616e-01 5.747719623291075441e-01
2.486000000000000000e+03 2.892115062652826363e-01 4.211315926689770395e-01 4.529142977789172297e-01 3.770589021656431394e-01 3.857250128546291790e-01 5.575146187844027823e-01 5.249770573661727280e-01 4.542446183500934431e-01 4.946174359160835365e-01 5.666428024338241443e-01
2.487000000000000000e+03 3.134981149894868757e-01 4.514563609610474093e-01 4.411838547192227233e-01 3.982782237652437995e-01 5.706203672419644102e-01 4.464985873634069735e-01 4.389996984335798325e-01 4.764319835961650096e-01 4.964834245488799480e-01 4.799502695854368506e-01
2.505000000000000000e+03 3.462401872660897939e-01 4.485492315142621811e-01 5.049150482418479635e-01 4.561148956390702613e-01 3.238577925140085911e-01 2.603395971649976604e-01 4.950483012145571182e-01 5.025673246884726497e-01 5.022526823166285626e-01 5.989969696709243063e-01
2.506000000000000000e+03 3.391424735469948382e-01 4.946330614863552189e-01 5.022371028689575079e-01 3.348109055128077327e-01 2.918628929570782904e-01 4.059650430365864260e-01 4.863437277947981752e-01 4.796823544577714094e-01 5.224993705096028229e-01 5.863604662836954251e-01
2.507000000000000000e+03 3.879406183856542456e-01 4.905800999719376887e-01 3.999370166292034456e-01 3.026468768100483153e-01 4.233273254789727269e-01 3.935128861776048814e-01 4.591650981215508187e-01 4.995697980224682033e-01 5.086901644335731776e-01 5.960665891387380011e-01
2.659000000000000000e+03 2.408901672264672500e-01 3.125765746665421507e-01 3.907389619752766330e-01 2.598956245989359481e-01 2.977489376375860308e-01 4.184121360272997636e-01 5.396737578345873754e-01 4.670793729386725768e-01 8.095751594944458063e-01 7.491505190576642770e-01
2.665000000000000000e+03 1.868726388191244980e-01 2.425775181748330567e-01 5.300803106808880116e-01 3.238690944687586115e-01 5.099919706000712871e-01 4.746634421351701438e-01 6.196120458149354526e-01 4.442300435468728437e-01 5.917586246252024562e-01 6.388874782131035435e-01
2.667000000000000000e+03 4.149952627801279936e-01 3.928090899567628913e-01 5.466964881397223808e-01 4.897872188046260011e-01 5.567881004159171976e-01 3.233150688092829572e-01 5.672536072778443517e-01 5.425968834785588335e-01 2.605292098478344531e-01 4.190501458647686306e-01
2.672000000000000000e+03 4.192625213982845156e-01 6.298130037216687072e-01 6.230534166592676115e-01 2.492567381048742259e-01 3.473721592062806729e-01 2.583904846725899040e-01 3.164853642137797629e-01 3.419266581602752320e-01 4.732717284913566247e-01 6.880485201979709142e-01
2.739000000000000000e+03 4.270151312583119751e-01 4.838055522509381867e-01 4.786622562845808115e-01 3.681879454753391734e-01 3.460069897814208595e-01 5.003619549432094527e-01 4.341732229496342854e-01 4.540146919517649704e-01 4.415765212637891013e-01 5.361102699620065026e-01
2.742000000000000000e+03 3.271989858396866513e-01 4.281819045897511389e-01 5.612784939065121881e-01 3.857593731126319203e-01 3.772056493749540995e-01 3.033115466265979276e-01 4.305995185469729813e-01 4.985551470582598177e-01 4.666868683901984061e-01 6.666279035946722775e-01
2.743000000000000000e+03 3.024560859345677977e-01 5.326366487353204615e-01 4.295387705943703449e-01 3.675245836923251574e-01 3.128872288090827625e-01 3.120944714561949551e-01 4.643229381876475825e-01 4.251749764133525011e-01 5.715374989322528076e-01 7.071891614817319427e-01
2.744000000000000000e+03 4.070830703947058704e-01 4.041875065255525201e-01 4.046299048322896663e-01 2.954112773218026677e-01 3.083443498438898644e-01 3.368772290609965414e-01 3.722567107204205472e-01 5.272813451124095385e-01 5.996253369322677163e-01 7.768939572422852713e-01
2.745000000000000000e+03 2.731469650139873862e-01 3.877636663066232892e-01 3.517435895694276948e-01 2.993264100488286505e-01 3.397964885876575969e-01 2.411931782387080336e-01 4.919603630163182362e-01 5.652505232278735026e-01 6.726665673716968330e-01 8.242768193007899979e-01
2.830000000000000000e+03 3.137063419058931379e-01 4.826980710018541898e-01 4.515283370460072554e-01 5.095614911712914585e-01 7.720906580536058827e-01 6.558765910102117846e-01 4.805599273686125272e-01 2.947525764446529695e-01 3.419976407291888121e-01 2.988619123577944126e-01
2.831000000000000000e+03 3.992211829117668365e-01 4.666624192108350666e-01 5.693003676996247764e-01 7.834896074934160071e-01 6.846874714211407253e-01 4.210526337162685540e-01 2.865369518279951566e-01 3.314834073354798183e-01 2.611675869712639653e-01 3.284229917993037873e-01
2.832000000000000000e+03 3.744675744535715389e-01 5.673027953772254994e-01 7.894168461233872502e-01 6.925293114530315375e-01 4.594171304561342484e-01 1.887399801352126760e-01 3.181166536649427390e-01 2.361449366347412593e-01 2.819652262265088805e-01 4.923036583747413819e-01
2.917000000000000000e+03 5.424607870508132423e-01 6.613396872222626621e-01 7.569548431647162845e-01 6.343985586324580872e-01 4.028733579654086849e-01 3.069914444832307909e-01 1.017069606403424725e-01 2.136897710498541492e-01 3.378696626115090251e-01 3.954820828763469520e-01
2.918000000000000000e+03 6.072213047331171953e-01 7.552313598860610488e-01 6.845314576059841061e-01 4.500416597030451604e-01 3.782645137560514681e-01 2.276790461932777510e-03 2.114750834974820359e-01 3.396115580198287298e-01 3.644926713730083367e-01 4.673203954745607236e-01
2.919000000000000000e+03 7.004255194350780256e-01 6.801133288227626528e-01 5.214051018383346614e-01 4.149591818831108725e-01 8.518360519681193732e-02 1.146355001436760446e-01 3.374789307462747190e-01 3.575156892693657218e-01 4.225626606411657105e-01 6.353900450018075130e-01
2.920000000000000000e+03 6.062975785350128710e-01 5.212946133250270231e-01 4.809340316885825639e-01 1.259042178455743732e-01 1.742372091577810422e-01 2.433946430491359392e-01 3.433516873071887909e-01 4.077924495620611212e-01 5.702696444976449452e-01 8.486426103313406966e-01
3.054000000000000000e+03 1.591862138096139245e-01 3.168361262231650377e-01 1.997926432205447134e-01 3.014541600653917186e-01 4.299314056068512802e-01 3.941227933118993110e-01 6.696549394950260803e-01 6.979974301846271212e-01 6.289050837609825306e-01 7.600279881405704874e-01
3.071000000000000000e+03 2.816564814447839460e-01 4.248841191165032560e-01 5.313558672851211861e-01 2.419327704266455437e-01 2.235224433998277971e-01 1.713508369796481190e-01 5.969405174916966317e-01 6.129582402486495329e-01 6.550091832545000825e-01 6.577468920085286497e-01
3.072000000000000000e+03 2.941883636675023950e-01 5.012117530704075508e-01 3.058534630991797676e-01 2.178472770627444266e-01 1.858828388038583079e-01 4.956306860691428451e-01 5.834090739336785791e-01 6.231472130493306283e-01 5.582641821414253691e-01 7.034183033966701082e-01
3.073000000000000000e+03 4.033466809718522783e-01 3.195462622780863571e-01 3.110920073829647192e-01 2.129130912562826883e-01 5.162548744505348619e-01 5.161096421735392736e-01 6.260020590198525081e-01 5.473998710297378612e-01 6.280822273359463193e-01 4.664497977777338211e-01
3.074000000000000000e+03 2.017227241506391877e-01 3.223543523574219360e-01 3.048524968550399006e-01 5.205474309418587353e-01 5.322541165069307745e-01 5.618012623729932153e-01 5.405188971590906277e-01 6.204276801231166649e-01 4.013012932279304557e-01 6.073694778769976876e-01
3.207000000000000000e+03 3.107057079336101313e-01 4.580186826273557332e-01 3.386818642051274697e-01 3.224880986852620701e-01 2.855432827096875403e-01 3.704253434945820045e-01 5.322690956688979069e-01 6.036098466256585304e-01 5.822739380019141819e-01 6.591762872582370703e-01
3.306000000000000000e+03 3.034552578609148732e-01 5.249743130322215290e-01 5.473029584674750092e-01 3.365153771242476721e-01 4.797344663470737292e-01 4.427676307504268549e-01 5.453248751160338914e-01 4.181532718002456406e-01 3.957794531478895927e-01 4.909826089087692691e-01
3.307000000000000000e+03 4.421099466490578389e-01 5.505461797927526657e-01 4.220602051461456727e-01 5.042096088161444056e-01 4.839720951213624667e-01 4.902667111021725144e-01 4.172614721573457697e-01 3.857336699620000364e-01 4.397714430265408647e-01 3.524091894525849256e-01
3.308000000000000000e+03 4.900055840516661099e-01 4.544213419957687239e-01 5.810596728418693235e-01 5.320652558738158122e-01 5.531269170738114527e-01 3.709302279229926835e-01 4.056717512201528097e-01 4.552503729299096080e-01 3.283585760231593764e-01 3.111380662146807641e-01
3.309000000000000000e+03 3.866349146963259376e-01 6.015683935547080363e-01 6.067016521770846049e-01 6.001850610824531751e-01 4.463418540319654682e-01 3.610584498222993988e-01 4.848743818015704421e-01 3.371964299879522398e-01 2.916484899278363740e-01 3.395420505519476939e-01
3.310000000000000000e+03 5.384895875371239482e-01 6.156788291905783694e-01 6.531376877712126161e-01 4.874199340954551984e-01 4.243061962449350411e-01 4.378858973470047267e-01 3.432630801263996667e-01 2.863104816056866730e-01 3.083941162798201074e-01 3.250182779446522674e-01
3.325000000000000000e+03 1.817395219110820581e-01 3.575146343072931332e-01 3.498895987259323936e-01 2.673645184125838514e-01 5.141942518299144060e-01 5.006516126960574020e-01 5.569614627745020918e-01 5.898687994327738160e-01 6.222208344842725669e-01 6.120060765887819221e-01
3.326000000000000000e+03 2.211945046745199539e-01 3.373776055243409844e-01 3.277292788588476169e-01 4.912992496369552597e-01 4.889574275347297050e-01 4.511307891137493198e-01 5.592529630874574220e-01 5.887178924135318958e-01 5.158815468417010663e-01 5.859605690838159964e-01
3.327000000000000000e+03 2.118542569970888190e-01 3.288697766612983520e-01 5.260159985435272079e-01 4.832981472678787305e-01 4.601940692503485031e-01 4.719101766297299494e-01 5.738886512223896341e-01 4.884198928311745402e-01 5.046119766314145494e-01 5.021358907480648615e-01
3.380000000000000000e+03 4.889444235575470810e-01 6.037936441366545948e-01 4.969525988867792288e-01 4.605846467777005016e-01 4.731420763680301289e-01 4.845549314638129546e-01 3.822333949188291835e-01 3.390962664678183747e-01 3.467929514640116229e-01 3.835211941935822710e-01
3.397000000000000000e+03 3.186201431432226228e-01 3.900449553106265510e-01 3.459804723468101750e-01 2.005586571003112883e-01 4.115910903321712833e-01 4.157326043866395593e-01 6.313925718482856775e-01 5.780776479373868071e-01 5.662043420984196329e-01 6.454218703608491925e-01
3.398000000000000000e+03 2.566418971072024768e-01 3.336485401056891176e-01 2.722447042339067313e-01 3.948822068263192486e-01 4.108142165034626148e-01 5.358963927868466426e-01 5.461374229206887865e-01 5.280455749317409797e-01 5.472708294483230596e-01 7.375614702791850608e-01
3.399000000000000000e+03 1.862304601570375917e-01 2.589581160150357109e-01 4.243278913251004036e-01 3.836140011532722105e-01 5.096939632195593983e-01 4.261979477834176855e-01 4.808441870701112841e-01 4.978180562048197810e-01 6.252630559015842637e-01 7.556938842502074483e-01
3.683000000000000000e+03 1.127162063276124573e-02 2.635234583147154086e-01 3.465976125767237792e-01 1.857301202306327892e-01 0.000000000000000000e+00 4.072886066420195461e-01 7.270862576164848212e-01 9.102929675096120832e-01 1.000000000000000000e+00 6.351539367408647330e-01
3.684000000000000000e+03 1.212678656729057197e-01 3.372165593136099981e-01 2.632669525734556148e-01 1.303099035169529886e-02 4.073739688953666449e-01 6.500024493949437820e-01 9.128122791231672029e-01 1.000000000000000000e+00 5.410350839679027857e-01 3.687084275205622652e-01
3.685000000000000000e+03 1.937124910184107873e-01 2.540596264283104255e-01 1.120916079645601221e-01 3.847660146898315148e-01 6.189981470095202720e-01 8.501194746896173493e-01 1.000000000000000000e+00 4.951596014203476503e-01 2.803860368495988964e-01 5.721607172662347418e-01
3.686000000000000000e+03 1.366191094788983817e-01 1.476439077135252853e-01 4.542511967617864910e-01 6.255105223239735279e-01 8.482983302385005420e-01 1.000000000000000000e+00 4.919050844809139678e-01 2.521951805347306674e-01 5.086303987535231164e-01 3.095648785359261246e-01
3.687000000000000000e+03 2.985707206871579880e-02 4.682309158529898152e-01 6.645524909564965998e-01 8.539134785307859188e-01 1.000000000000000000e+00 4.326558966267789463e-01 2.387462924397771302e-01 5.107588094797748113e-01 2.703064980834078979e-01 1.441057981584039360e-01
3.688000000000000000e+03 3.850535612392277374e-01 6.621364201081871848e-01 8.569986540444760603e-01 1.000000000000000000e+00 4.815367092692097728e-01 1.462152354687021316e-01 5.251275888227801003e-01 2.557840929034574384e-01 1.160771232232402361e-01 0.000000000000000000e+00
3.689000000000000000e+03 6.194674871475992495e-01 8.568585445433921643e-01 1.000000000000000000e+00 5.376660335609576569e-01 2.443900965070158748e-01 5.039009824467994836e-01 2.710607143943190578e-01 1.114248372031467760e-01 0.000000000000000000e+00 1.845396520812334629e-01
3.690000000000000000e+03 8.478591688182350872e-01 1.000000000000000000e+00 6.290223359564511840e-01 3.303310215708460951e-01 5.915495055212210973e-01 2.306780854360038768e-01 1.287638733227172705e-01 0.000000000000000000e+00 1.889458639548511065e-01 3.100355218862823614e-01
3.691000000000000000e+03 1.000000000000000000e+00 6.563826043925115039e-01 4.509516274073625541e-01 6.510937836329314665e-01 3.324593987696042863e-01 5.959970438501446810e-02 0.000000000000000000e+00 1.991965055213860414e-01 3.028318797272624430e-01 6.145707361381461675e-01
3.693000000000000000e+03 4.143043558189798969e-01 7.116397282096732502e-01 4.867504538588408036e-01 2.249053316589123830e-01 3.267874147284988932e-03 1.244750368107914729e-01 3.205390126385911920e-01 6.057536457798269325e-01 6.548767019488996866e-01 7.099858831728367292e-01
3.694000000000000000e+03 5.985226287354589170e-01 4.519234258696419038e-01 2.821801579477153377e-01 0.000000000000000000e+00 1.306071037105879795e-01 1.663610545001603935e-01 5.635839657186040297e-01 6.120236674456427384e-01 5.975229110838603530e-01 9.436790782743029737e-01
3.695000000000000000e+03 3.288697346598412063e-01 2.797467923108625243e-01 1.105910693487101720e-01 1.367744567502824360e-01 1.877421650745247639e-01 4.646529624499998734e-01 5.886430256317660703e-01 5.668331763021323688e-01 8.340380062208254675e-01 1.000000000000000000e+00
3.749000000000000000e+03 8.554519227810628013e-02 3.588752613001391367e-01 3.485460216149716128e-01 3.422816742535057521e-01 2.267473243004290151e-01 1.947222117562732169e-01 4.457043025339278430e-01 7.349183913696276660e-01 8.683373281411866929e-01 8.304070445716500437e-01
3.751000000000000000e+03 1.372793329773080162e-01 3.181078192394343751e-01 2.294976120613000936e-01 1.315325160255625403e-01 2.483364252357537216e-01 5.473416587959215596e-01 7.707461693638896216e-01 6.270446814611527753e-01 6.248625065895051511e-01 9.217773444622051615e-01
3.752000000000000000e+03 1.609342634496314928e-01 2.127195033867270435e-01 1.983056430422559802e-01 2.213865548632193425e-01 5.092731721015392177e-01 6.706797173041201265e-01 5.783985746838160580e-01 5.719898769920974679e-01 7.904274665056802984e-01 7.081047336987710272e-01
3.912000000000000000e+03 3.431377909350814548e-01 4.804571235368289561e-01 3.627809594258524784e-01 3.163419585533370215e-01 2.983620536336154538e-01 2.820773416245958565e-01 3.124661967225735859e-01 4.936377922204265856e-01 7.162148320585175476e-01 7.964711688779171350e-01
3.936000000000000000e+03 3.771456502809148459e-01 2.887187138759965133e-01 3.327286848859301593e-01 3.632409772214951760e-01 3.727421093674193053e-01 5.497203780827254471e-01 5.359419941839862478e-01 5.598601965148364279e-01 4.870149366783102507e-01 6.854375805554681067e-01
3.937000000000000000e+03 1.501034540090031288e-01 3.257478519643893788e-01 4.114357177261793730e-01 3.639887084127926276e-01 5.396435053284175387e-01 4.332658677583887119e-01 5.318940035324459803e-01 4.477184401934957148e-01 5.898934743329343755e-01 7.564981371479839733e-01
3.939000000000000000e+03 2.252608901413701847e-01 3.578360840858630376e-01 4.971792414616172384e-01 3.669971670123317042e-01 3.717204531133915801e-01 2.272712316516458941e-01 4.765097103593539107e-01 5.814214188232398328e-01 6.581192924275580669e-01 6.897221301248629421e-01
3.942000000000000000e+03 2.373781094570015515e-01 3.653586689715112024e-01 2.773824412469229617e-01 3.197310643008501319e-01 4.080715064216940968e-01 4.697460480249404657e-01 4.924655001070787352e-01 6.373644185161163600e-01 6.434356255097850585e-01 6.766086713034457079e-01
3.943000000000000000e+03 2.295444054506885767e-01 2.713863565244692966e-01 3.708166183744074362e-01 3.915286165462196211e-01 4.602916535734331571e-01 3.770813636011314252e-01 6.107660889665424975e-01 6.113277779520311928e-01 5.767162558997014354e-01 6.492179508391917597e-01
3.944000000000000000e+03 1.130662976671320957e-01 3.437233762755281252e-01 4.164798932825995448e-01 4.238035167110538182e-01 3.576174489972133164e-01 4.928215069218551680e-01 5.653772522415150270e-01 5.238526184035237065e-01 5.364917647239060283e-01 7.760823984339706438e-01
4.405000000000000000e+03 2.914660625864988752e-01 5.474952261223949845e-01 5.156824678944065266e-01 4.986174301635190043e-01 2.066195193112870809e-01 3.381869831067402243e-02 4.442338643348672789e-01 4.313522616212359106e-01 5.545500744781449720e-01 8.260590918936544513e-01
4.406000000000000000e+03 4.063847918470358533e-01 4.668803267441212768e-01 4.960701374976538847e-01 1.757265455828067036e-01 3.198216403817087661e-02 2.903414698127666504e-01 3.584279365213662305e-01 4.899961758838188852e-01 6.941861943276720348e-01 9.309409583013039668e-01
4.408000000000000000e+03 3.642008742205875005e-01 2.661737109737877249e-01 1.583256006825509710e-01 3.105909774534917345e-01 2.607014655173644502e-01 3.569033770386730309e-01 6.672467493516472947e-01 8.221172549864439461e-01 7.235373740862434122e-01 5.873808531278352785e-01
4.410000000000000000e+03 2.514370516101748637e-02 3.649773095253954769e-01 3.331716238154927567e-01 3.644420995157973131e-01 5.811271964214690389e-01 7.675343624512621643e-01 6.982885146400177323e-01 4.677633302634309209e-01 5.817655656108218221e-01 4.752903558316696753e-01
4.421000000000000000e+03 1.858074945663487354e-01 2.247168809437781745e-01 3.972369759462370808e-01 3.123450619423830954e-01 4.181710695393750510e-01 3.288538312199513203e-01 5.772890261070598994e-01 6.372308426408656024e-01 6.438541793628029808e-01 8.031981833616187449e-01
4.424000000000000000e+03 1.817565328815650971e-01 3.881180643683392328e-01 3.387018166922662332e-01 4.053729670905961702e-01 4.576816542600045667e-01 4.352513167432572883e-01 6.051042504307212466e-01 4.056657650519390201e-01 5.344401519076427132e-01 7.911423424269007354e-01
4.425000000000000000e+03 2.167594070663861616e-01 2.927679483424060480e-01 4.036224172380848962e-01 3.919292273782240543e-01 3.795631991771915570e-01 4.520445223871676910e-01 3.116978603411098558e-01 4.510359858042575221e-01 6.450043739688783306e-01 9.631382332353354281e-01
4.426000000000000000e+03 1.181357661414524085e-01 3.565741094137974132e-01 3.981688054342474858e-01 3.257345269567045731e-01 4.022007242446850039e-01 1.256181166226131851e-01 3.679279331559791033e-01 5.763494473462753565e-01 8.131620258035325843e-01 9.457508478578340316e-01
4.482000000000000000e+03 1.893246461860789431e-01 2.138106301511284446e-01 2.511123253688657408e-01 4.586212638207456394e-01 4.983235237544219598e-01 6.662280826913778986e-01 6.634637177961779653e-01 6.587282496488292560e-01 5.533460996416162958e-01 5.056459211132589004e-01
4.607000000000000000e+03 3.191044604351663261e-01 4.200835371454572087e-01 4.800830441623240019e-01 4.237088587260895989e-01 2.691827042714927676e-01 2.169551888602337386e-01 2.420313986143607377e-01 5.907980767878423523e-01 7.023995403117748726e-01 7.283443950577628279e-01
4.608000000000000000e+03 3.450645006772297130e-01 5.060944021926612191e-01 5.128153832411186386e-01 3.282339117595101108e-01 2.996320903327893137e-01 1.679508037809792631e-01 6.288172352679602950e-01 7.384422331094756542e-01 6.841370174244215674e-01 1.890500666415578790e-01
4.609000000000000000e+03 4.357902706889171252e-01 5.323150959800575510e-01 4.295218215772182990e-01 3.521668316874556059e-01 2.494708111951499108e-01 6.063418937602150782e-01 7.857142726170184277e-01 7.141666794576339017e-01 1.678615618292247369e-01 2.563759002890901306e-01
4.610000000000000000e+03 4.744642096374829809e-01 4.653093452111656259e-01 4.591557598682493024e-01 3.166441023359267692e-01 6.659495025296424675e-01 8.003552352502782963e-01 7.712743822575532926e-01 1.654141341841076085e-01 2.416814012652685473e-01 2.598826806473141238e-01
4.611000000000000000e+03 3.835832899298520227e-01 4.767722056197619129e-01 4.125949729719027848e-01 6.879526612113001649e-01 8.222234316169496626e-01 7.593345963170097246e-01 1.491199981834050725e-01 2.267035504361942511e-01 2.277090570742250630e-01 4.704516395311365562e-01
4.612000000000000000e+03 3.910599711149563840e-01 4.297398979197643576e-01 7.157339562615869788e-01 8.285944160407328063e-01 7.777203767262734768e-01 3.880143145672864530e-02 2.100687079139069158e-01 2.059515059068065257e-01 4.222839212846895007e-01 4.212329900155523665e-01
4.613000000000000000e+03 3.115450517292681631e-01 6.796600256330261880e-01 8.037412815957148959e-01 7.522144129836701998e-01 7.957536693745867473e-02 7.021775759558242236e-02 1.538632085104514324e-01 3.854955796043627592e-01 3.469883811677174079e-01 7.041035583242239992e-01
4.614000000000000000e+03 5.812736356230240320e-01 7.555190335072076158e-01 7.360472549795660235e-01 9.211945718607342237e-02 1.029479061437024584e-01 0.000000000000000000e+00 3.446807294199477623e-01 2.993915897481262411e-01 6.102178534868751836e-01 6.596887500697794504e-01
4.615000000000000000e+03 6.847462428517275823e-01 7.124913458470494287e-01 2.089009205608959585e-01 1.375136292915661307e-01 6.344079374940969629e-02 2.456869969500561079e-01 2.745968347863049219e-01 6.059447078417309340e-01 5.888361657746307154e-01 7.601975557337581346e-01
4.616000000000000000e+03 6.257888237666435760e-01 2.230901329180771941e-01 2.352792626274072263e-01 8.685031383241875735e-02 2.746161641882993165e-01 1.495766175895127392e-01 5.956387163743261937e-01 5.699019130406983713e-01 6.720551541548938079e-01 9.859701785137281460e-01
4.724000000000000000e+03 4.151006922613653671e-01 3.624545702242401579e-01 4.569275956474288525e-01 3.421476046202346910e-01 5.127209190514925297e-01 2.815766003859748179e-01 5.689580992278040483e-01 5.350423652334521663e-01 5.530495158958471658e-01 4.541604400892212956e-01
4.727000000000000000e+03 3.466435007296685966e-01 5.838879277988636707e-01 4.458428294536517233e-01 5.690248105098560938e-01 5.236123194738011577e-01 5.120719589238903469e-01 3.888561383237230662e-01 2.922045866114773016e-01 4.241597950109765591e-01 4.147199405549296669e-01
4.728000000000000000e+03 4.933972010690195198e-01 4.461190337344324019e-01 6.015464384982731616e-01 5.292185945944634096e-01 5.304217679499608762e-01 2.923352598480476461e-01 2.633249367197477708e-01 4.016002877986185604e-01 3.537737761479450294e-01 5.310395006247964345e-01
4.739000000000000000e+03 3.683075382670461528e-01 2.652843452341658304e-01 2.717017948550936035e-01 2.284599823786490347e-01 3.808690478723105177e-01 3.813424513052815490e-01 5.124913527386912859e-01 6.265240984516018408e-01 6.363222789124799439e-01 8.346865272796933910e-01
4.750000000000000000e+03 1.983263697776770362e-01 2.629833913111470078e-01 4.050924942803132978e-01 3.528314740698387242e-01 4.719887261756386398e-01 4.434761286143175107e-01 5.803513064269631982e-01 6.173620690601290262e-01 5.848819149541681917e-01 6.419830836034219335e-01
4.751000000000000000e+03 1.120036895808750876e-01 3.822858925063476465e-01 3.927654222507245274e-01 4.448176269254717763e-01 4.291522371148607795e-01 4.698085317725067545e-01 5.822010049448317348e-01 5.419993994388895286e-01 5.382915350268312471e-01 6.602937172196834403e-01
4.753000000000000000e+03 2.180804138402582804e-01 4.287373835702586455e-01 4.231651832857729056e-01 4.121763142450229900e-01 4.390829818779318217e-01 3.605306808259141071e-01 4.299328183864082886e-01 4.963869058950565183e-01 6.113217447882691724e-01 6.650930837698959541e-01
4.754000000000000000e+03 2.974545088877533772e-01 4.022121007801739423e-01 4.457635227778949383e-01 4.187181154863545696e-01 3.581370701732162209e-01 3.034594499912436905e-01 4.550543611556063239e-01 5.749258902048725028e-01 5.642094019795972359e-01 6.434002488070608150e-01
4.755000000000000000e+03 2.822133379693244626e-01 4.353458345664851237e-01 4.651179875522382101e-01 3.596219227200324053e-01 3.236326541038455629e-01 3.516375819038132233e-01 5.578753478008139366e-01 5.397542165766334721e-01 5.581864140883162628e-01 5.931568550814068086e-01
4.967000000000000000e+03 5.052557438666477330e-01 6.140867320760960979e-01 6.760233556220700546e-01 6.816788894549163924e-01 4.028691855079981621e-01 1.646280526427901514e-01 2.202867317780022316e-01 2.993545793358172169e-01 4.080723721830926132e-01 3.859814800953844660e-01
4.971000000000000000e+03 4.803832097428663572e-01 4.351646927034871770e-01 3.866575314466991764e-01 3.605426271971517993e-01 4.424586465620326536e-01 3.050460798944196750e-01 2.700655209826253733e-01 3.872226197566355776e-01 5.852283947398253527e-01 7.742809145826921036e-01
5.054000000000000000e+03 1.729590864372845260e-01 1.759670204857143316e-01 0.000000000000000000e+00 1.772580986436392628e-02 1.024387335578823832e-01 5.569913754250825910e-01 7.979894218773001535e-01 9.726065171683537791e-01 9.464956385257429217e-01 8.222181766853896567e-01
5.055000000000000000e+03 0.000000000000000000e+00 0.000000000000000000e+00 9.886584292578454169e-02 7.826974400515000763e-02 5.109186175432645083e-01 6.938492690240767313e-01 9.478905746857585468e-01 9.121452531410385589e-01 6.905714380434136990e-01 8.015614276747137223e-01
5.061000000000000000e+03 3.011257084344039492e-01 4.038575652487588208e-01 2.073876331758667813e-01 1.270933742464734617e-01 2.575725520389530732e-01 4.775331968307418018e-01 4.818091585790302278e-01 8.129510391572913885e-01 7.346233301435993734e-01 6.749325932776966130e-01
5.062000000000000000e+03 2.821677667828978997e-01 2.172527113331588211e-01 2.217234372445577306e-01 2.630392622406426129e-01 4.810252662881669417e-01 3.796291964139325570e-01 8.154975176266852088e-01 7.216929044987008268e-01 5.860917110018496468e-01 6.155080969629401766e-01
5.063000000000000000e+03 5.760785000239523196e-02 2.121070275391188087e-01 3.141263778738023760e-01 4.479352919768784802e-01 3.649546264703721898e-01 7.320768412358896748e-01 6.904959377801320741e-01 5.383391348698860490e-01 5.086883536663341365e-01 7.952549381953892826e-01
5.066000000000000000e+03 2.771871804529944527e-01 3.364437242664219951e-01 6.086450702120267398e-01 4.969254420187409482e-01 3.245048350790486480e-01 2.317660445280148862e-01 5.766473211259254272e-01 5.376698620778496140e-01 5.667782817323336886e-01 5.055533786308442634e-01
5.067000000000000000e+03 2.479236599774439775e-01 6.185098146472446379e-01 5.685073894829179020e-01 3.741506880623647890e-01 3.067271709918812927e-01 5.448021109580460930e-01 5.642832473235992463e-01 5.856672484319606076e-01 4.672055992717264461e-01 1.935698924180011271e-01
5.068000000000000000e+03 5.499178180461760101e-01 5.743629602042118476e-01 4.582262026573031277e-01 3.474822017187673695e-01 5.842414046854566001e-01 5.189502488782682388e-01 6.066635242479719858e-01 4.685456787977383408e-01 1.626276706440345776e-01 2.429525395753039940e-01
5.069000000000000000e+03 5.594575196481537116e-01 5.263446679135258544e-01 4.935020781656824784e-01 6.788538295030122072e-01 6.351560073241200310e-01 6.489489052099215449e-01 5.488382738425063856e-01 2.015434107932320140e-01 2.676800985004517131e-01 8.555363102729886954e-03
5.070000000000000000e+03 4.876001939957729792e-01 5.415257200133927196e-01 7.508487848838423240e-01 7.040066900574770692e-01 7.308685744528770067e-01 5.559636603896167539e-01 2.327139983791213507e-01 2.952292319016421862e-01 2.563200729524349464e-02 2.029815720276145208e-01
5.121000000000000000e+03 3.714170918292633572e-02 9.660281394028964741e-02 3.967831753462393585e-01 4.150098407055906602e-01 5.394508795214508767e-01 4.627814544974998556e-01 6.077468414748143921e-01 6.643578485545110768e-01 7.828025849491437871e-01 6.194706327388761480e-01
5.183000000000000000e+03 2.940904105178814287e-01 3.819217636547899697e-01 3.991824307874239919e-01 3.568746832085145648e-01 4.605189611893112378e-01 4.960089820961502416e-01 5.965561690017083807e-01 5.760258539795821697e-01 5.268897634628939564e-01 4.528455161138482121e-01
5.184000000000000000e+03 2.690118629506324521e-01 4.013162997639643237e-01 4.230030723240012502e-01 4.667539437726652141e-01 5.122295987646754423e-01 5.263948230888507718e-01 5.703286340406397148e-01 5.096917891858953054e-01 3.871792244767283675e-01 4.995692339144718330e-01
5.185000000000000000e+03 2.901165009835904307e-01 4.227905567243602225e-01 5.138996946473477490e-01 5.150786435998958579e-01 5.399020399651099922e-01 4.961085405572011053e-01 4.975996250956281619e-01 3.584726623058119288e-01 4.312487336908433222e-01 4.739569145323817012e-01
5.186000000000000000e+03 3.407626078721169294e-01 5.302240598521336112e-01 5.813889445282542923e-01 5.742093219166669593e-01 5.473226823430213939e-01 4.510386271283148285e-01 3.653194987822227513e-01 4.363972378648116601e-01 4.349573254352429030e-01 2.292576823942868713e-01
5.187000000000000000e+03 4.727978440906079327e-01 6.043295001529870314e-01 6.444580598683702366e-01 5.979859400717381090e-01 5.236276845422923598e-01 3.184543135389980573e-01 4.674743174658361200e-01 4.557581782177226315e-01 2.165478138607641323e-01 1.492743817383151428e-01
5.188000000000000000e+03 5.603318898697929873e-01 6.672226208103319012e-01 6.701633442813560437e-01 5.827848380701849962e-01 4.089213503305371700e-01 4.439681364087920135e-01 4.958484744935056643e-01 2.253061973109812821e-01 1.463964883691077634e-01 2.368166265374085921e-01
5.329000000000000000e+03 3.574961336298072001e-01 4.459215630302095779e-01 4.610195901516598305e-01 2.839763253179417024e-01 2.675900807205718324e-01 4.084673695181704201e-01 4.590377441169928852e-01 4.911731356762190637e-01 5.145681249228779564e-01 7.560502739823372620e-01
5.330000000000000000e+03 3.238071677076723165e-01 4.434040797129291667e-01 3.471803784150097605e-01 2.670363482096780317e-01 4.118195642735393291e-01 3.472750097798452118e-01 4.586047386649632629e-01 4.789968030184726944e-01 6.581349363459778612e-01 7.215219961618325462e-01
5.331000000000000000e+03 3.245283273723386652e-01 3.432428102618092502e-01 3.366183219422190231e-01 4.065081163235351180e-01 3.601578189449414213e-01 3.516679930316368163e-01 4.495851725863685977e-01 6.379389790575415997e-01 6.291230509920240355e-01 6.503222985871562889e-01
5.340000000000000000e+03 5.651592649961210135e-01 5.030866172862997754e-01 5.659630325281937990e-01 4.245245646082129176e-01 4.446906708078429693e-01 2.073758262325428314e-01 2.994764662283904144e-01 3.721490948856375769e-01 4.309513157168969877e-01 5.718011679045217344e-01
5.342000000000000000e+03 4.832113949045927503e-01 4.979343524427932155e-01 5.282519426653796701e-01 2.978864779309266519e-01 2.612935908915324790e-01 2.779584111691494885e-01 4.165897162233170303e-01 5.100115995697179772e-01 5.051495624834819731e-01 6.066286472060778978e-01
5.343000000000000000e+03 4.174112017324346224e-01 5.377977571747204477e-01 3.949798741177296124e-01 3.048478335928840877e-01 3.387805577819155700e-01 3.497143517514818001e-01 5.239350927107832012e-01 5.097186310824635136e-01 5.546734821582032238e-01 5.001882233125136690e-01
5.344000000000000000e+03 4.533844046945331163e-01 4.094249136184576199e-01 3.929857247988509106e-01 3.683170845750782796e-01 3.947690655681135308e-01 4.618058297302646276e-01 5.140266047148307482e-01 5.545479939181413576e-01 4.456128812230038538e-01 5.049183062340594219e-01
5.345000000000000000e+03 3.136557665516566118e-01 4.088345517482429581e-01 4.470057904289325701e-01 4.225758581140311998e-01 4.996065686472612732e-01 4.523524843244267624e-01 5.647390327699758350e-01 4.380481408192299364e-01 4.514928422155071175e-01 5.310449516805705317e-01
5.346000000000000000e+03 3.166156068617160813e-01 4.612740661742109061e-01 4.956751590056798218e-01 5.255392727713265044e-01 4.956035152078290817e-01 5.155886524353433531e-01 4.416900719117867746e-01 4.484603218940921288e-01 4.800212830168463229e-01 3.421563189522622839e-01
5.347000000000000000e+03 3.739080135122986315e-01 5.052339203928832845e-01 5.807903578251283339e-01 5.213390291386960085e-01 5.533184036577423193e-01 3.740276065010370576e-01 4.526485959387149260e-01 4.789404962736411031e-01 3.004544917779568558e-01 3.489340062006633936e-01
5.348000000000000000e+03 4.419984430072862458e-01 6.007837853381481352e-01 5.971903437152570326e-01 5.996492879340733495e-01 4.484407618180697996e-01 4.141761778425789853e-01 5.101278139712661641e-01 3.062951395680182931e-01 3.269656678092865976e-01 2.178229775387545974e-01
5.570000000000000000e+03 1.602224593908897210e-01 2.843976127570840284e-01 4.944053878029655014e-01 3.663825225306951983e-01 5.126165463436020975e-01 5.593305503615106922e-01 6.438614303997759469e-01 5.629804779859850505e-01 5.698549193849233863e-01 4.354215361286273844e-01
5.571000000000000000e+03 1.631707096877486329e-01 4.889674687058502278e-01 4.321211462175125750e-01 5.171763416981904893e-01 5.720134765020387091e-01 5.822994211130531061e-01 5.575951849589052545e-01 5.575263784962488645e-01 3.719429181895788639e-01 3.408040751549654135e-01
5.572000000000000000e+03 3.881609927968039386e-01 4.327298868792149311e-01 5.575361018825575332e-01 5.734371502039864454e-01 5.936351992354493845e-01 4.841027204430037867e-01 5.521231873275584956e-01 3.440254190961750669e-01 2.827058657634986538e-01 3.401100369537905510e-01
5.573000000000000000e+03 3.512570752702924293e-01 5.695545838892877022e-01 6.294235997154512541e-01 6.242304687537985064e-01 5.356963914786223580e-01 5.129644604181022860e-01 3.489592966067838198e-01 2.750016147325863858e-01 3.074340185235373557e-01 3.411801475108806603e-01
5.574000000000000000e+03 4.888075193963251075e-01 6.231527876006881517e-01 6.585498799489520882e-01 5.540373901682743574e-01 5.455813372102491510e-01 2.620231298839157397e-01 2.578473338035868201e-01 2.875984530436709874e-01 2.953498916857500434e-01 4.272978601926861186e-01
5.575000000000000000e+03 5.728666183801691680e-01 6.725901408432867212e-01 6.254041399110638055e-01 5.935998970240603523e-01 3.465272508729401180e-01 1.919154136060959304e-01 3.015913250151268654e-01 3.018789746579544353e-01 4.024667905288186742e-01 3.340228829574479197e-01
5.576000000000000000e+03 6.478304242519447032e-01 6.609682024547303136e-01 6.787501957571786537e-01 4.304060285497292027e-01 3.075986669745604529e-01 2.700921095622527690e-01 3.416124755376665489e-01 4.404336372417357315e-01 3.343563609637320577e-01 2.282458374512907895e-01
5.577000000000000000e+03 6.413012151674367667e-01 7.153965287456761635e-01 5.490324265069390641e-01 4.011129595748277876e-01 3.876742222135897697e-01 3.247173366737328148e-01 5.013141490695751656e-01 3.733025692553456065e-01 2.399219887297652232e-01 2.499807350440658160e-01
5.578000000000000000e+03 7.096315881154486860e-01 6.043274220761802873e-01 5.327238581754221158e-01 4.864641420736675603e-01 4.485073648809677072e-01 5.198503041029448601e-01 4.373872236313527950e-01 2.795728598012748312e-01 2.688053059182491378e-01 1.633487033076667372e-01
5.699000000000000000e+03 2.371512003820570869e-01 4.281594673779915428e-01 5.209150784162112080e-01 4.037823587558699301e-01 3.946399601414353753e-01 2.994751873966063904e-01 3.260750656457501728e-01 5.026787233006675404e-01 6.310675059405027598e-01 6.970289789799118951e-01
5.700000000000000000e+03 3.138962789771627682e-01 5.065349476904514869e-01 4.559828822883526533e-01 3.977750853776033102e-01 3.241175218571364924e-01 2.085936563557584666e-01 4.829347657562008678e-01 6.156243575923361355e-01 6.123330139595598576e-01 4.953344506504599454e-01
5.707000000000000000e+03 4.781013054164776066e-01 5.613558121282525848e-01 3.965630577326607620e-01 3.077891185485827075e-01 2.970585175633708164e-01 3.577107103298390323e-01 4.210574099353245892e-01 5.725555802011843554e-01 4.924384510609320365e-01 5.265201375587409416e-01
5.708000000000000000e+03 4.819601612296068316e-01 4.132776135468660406e-01 3.980787157852586078e-01 3.323020227030037410e-01 4.055509928807118358e-01 3.476420599081846419e-01 5.860620440249829644e-01 4.901911296566996423e-01 4.733372920904835301e-01 5.452219927545745026e-01
5.709000000000000000e+03 3.166970534949876126e-01 4.123820733238565683e-01 4.159207110236837202e-01 4.312614069197102662e-01 3.930598247205030482e-01 5.332134565634045753e-01 4.928487687219386681e-01 4.667099364501255399e-01 4.884780769698099934e-01 5.741576607710752178e-01
5.711000000000000000e+03 2.992698869131638073e-01 4.719096434510738902e-01 4.538059786542348872e-01 5.379267946825267988e-01 4.210688258799192840e-01 3.487385982172518939e-01 4.429531269495749490e-01 4.741978372343539916e-01 4.709807056513251045e-01 5.597498541997267818e-01
5.712000000000000000e+03 3.638195774444884512e-01 4.473318259395177021e-01 5.690680352656599661e-01 4.248999127114897467e-01 3.718202733902866708e-01 3.450028152140097726e-01 4.541693959854530283e-01 4.448154014327516670e-01 4.843340664532678197e-01 5.444125005228298564e-01
5.713000000000000000e+03 3.418462658589322412e-01 5.566253805069901750e-01 4.804275333702417439e-01 3.847171645970597353e-01 3.748261987495221659e-01 3.648517389499458252e-01 4.281827659851769052e-01 4.648481413303190979e-01 4.749896550153656638e-01 5.657528221839290827e-01
5.714000000000000000e+03 4.874393971019045924e-01 4.992344788422322099e-01 4.725299403605149884e-01 4.182019088025380471e-01 4.257543264293416896e-01 3.706230934528811360e-01 4.811523812317318738e-01 4.831545507906221948e-01 5.215285403408467246e-01 2.915195480576698306e-01
5.715000000000000000e+03 4.427982638059982934e-01 5.088447028139019279e-01 5.188397876057497804e-01 4.884547701870459169e-01 4.548103650949501531e-01 4.572653282602390790e-01 5.237926860153714337e-01 5.542650615808746295e-01 2.799069737994582807e-01 2.698617682752615377e-01
5.932000000000000000e+03 3.092928865416412210e-01 4.981477770549271322e-01 3.273051391599455240e-01 2.058801118476845937e-01 4.560765493756422373e-01 4.101285193849198984e-01 6.562774641047713908e-01 5.855093245619938935e-01 5.351832902302737782e-01 5.111157317959572621e-01
5.949000000000000000e+03 3.068461607895787147e-01 4.747705452903525636e-01 3.210262267114086243e-01 5.191259279743047905e-01 6.533845054604002778e-01 5.458302923074944690e-01 3.576563467311985045e-01 3.058597947859782451e-01 5.050006233402244415e-01 5.634437339813060941e-01
5.951000000000000000e+03 2.225929373251580856e-01 5.546846754405159174e-01 6.747623404219229570e-01 5.709480934821566933e-01 3.021774233467685034e-01 1.727331109384850905e-01 4.846795776830993829e-01 4.835437536937053360e-01 4.173536328499501402e-01 5.217023701019617432e-01
5.952000000000000000e+03 4.532473925652854563e-01 6.467376672359447243e-01 5.950146977027779283e-01 3.116240930903022011e-01 2.083951933263502310e-01 3.907867967640327178e-01 4.626664688137387960e-01 3.853112636174998440e-01 4.468570982127288982e-01 4.742912203841581631e-01
6.220000000000000000e+03 2.780122615276784392e-01 3.303407038462148337e-01 2.455941238403320792e-01 2.599270926549531180e-01 2.114080360018991411e-01 1.421179164427034125e-01 6.746145728432637600e-01 6.796210074398653100e-01 6.706011688057641473e-01 9.532346716826267663e-01
6.221000000000000000e+03 1.627489169935418811e-01 2.168229240063010710e-01 2.927844519730320449e-01 1.728270008593335016e-01 1.232740835104664673e-01 5.443345924848745909e-01 6.211298324832441597e-01 6.079729119779938573e-01 8.076482237151059174e-01 9.771358675823522688e-01
6.487000000000000000e+03 4.953936806468012821e-01 5.424879385128823506e-01 4.834478962207932051e-01 4.296213110247129041e-01 2.925275739043503576e-01 2.498892728769393501e-01 3.962460896914184461e-01 4.604550428991700528e-01 5.463125802462878156e-01 4.879324632988024102e-01
6.488000000000000000e+03 4.639159893197086770e-01 4.947653703938096892e-01 5.018877887020223305e-01 3.312567933681561660e-01 3.097906346926903032e-01 3.229397521308719488e-01 4.666587472056536456e-01 5.515079891232067544e-01 4.394932072716233318e-01 5.378507941235601830e-01
6.489000000000000000e+03 4.044991936593445025e-01 5.052143129378956488e-01 4.133143159029935565e-01 3.391554889419914343e-01 3.681018168971134097e-01 3.939415223845068037e-01 5.577897766356422204e-01 4.281434503287531723e-01 4.796838727860257001e-01 5.715426098064479987e-01
6.498000000000000000e+03 5.697998953134087996e-01 6.217224263589309352e-01 6.045154582426686130e-01 3.181261184449373225e-01 3.520156703090928096e-01 3.614394312099087903e-01 4.309588781191400209e-01 3.120993401891275498e-01 3.569550069301589135e-01 4.560994168510960622e-01
6.516000000000000000e+03 2.823854870208643564e-01 3.471416383497599734e-01 4.473152216980283979e-01 3.662935465743613617e-01 4.844253603599157909e-01 4.650061888166918123e-01 5.361751588318500739e-01 5.203019025051482949e-01 5.567367051948530765e-01 5.271376630087445392e-01
6.517000000000000000e+03 2.279393633293937127e-01 4.423931627460904736e-01 4.278897606318696756e-01 4.856473375090487044e-01 4.799634636315037173e-01 4.531607527445236649e-01 5.058352392946739995e-01 5.386629312878326026e-01 4.545374471196299004e-01 5.155601448559865574e-01
6.518000000000000000e+03 3.245162800027083239e-01 4.175036465176684697e-01 5.187676216312870903e-01 4.717634058127483376e-01 4.587620407307917980e-01 4.072241235213983623e-01 5.160851011706665270e-01 4.193139691376639999e-01 4.353350329797573970e-01 5.346334769241781748e-01
6.585000000000000000e+03 3.297814099270107158e-01 4.546002683925880472e-01 4.100891341554603886e-01 3.855793329604405018e-01 3.907106365274292115e-01 2.817844617644545968e-01 5.220125883255001265e-01 4.757417616022999729e-01 5.406716656656839204e-01 6.651209683744280232e-01
6.586000000000000000e+03 3.461446114770931892e-01 4.088207211469082059e-01 4.441424121723194784e-01 3.980023081140310892e-01 3.120225226803884366e-01 4.373317842973913905e-01 4.574746555690947236e-01 5.216052093191866357e-01 5.855021703886270634e-01 5.647847106548272711e-01
6.587000000000000000e+03 2.964298240211917235e-01 4.402395199539441695e-01 4.549713092011689053e-01 3.247758416183871844e-01 4.555809223548718534e-01 3.642179206516430456e-01 5.082438760739571570e-01 5.706519457913304949e-01 4.910233746589873216e-01 5.774530901925296611e-01
6.588000000000000000e+03 3.232504516057241872e-01 4.430885581048671362e-01 3.866253390339184359e-01 4.502233914653220315e-01 3.785366367450516134e-01 4.115235645173426215e-01 5.523709415557711555e-01 4.599467706729327698e-01 4.950554388070093625e-01 5.987236349927507195e-01
6.589000000000000000e+03 3.318450963286115885e-01 3.859959199228450988e-01 4.960410264975208539e-01 3.845596517457043340e-01 4.290348659844145929e-01 4.697225351931265669e-01 4.381748954600321877e-01 4.704408209493370907e-01 5.208828246748691271e-01 5.740725655381118120e-01
6.590000000000000000e+03 2.707663584874663854e-01 4.868255222550680883e-01 4.432136221779371388e-01 4.338768633946200048e-01 4.845356472267605130e-01 3.412677190242671688e-01 4.515798875691181546e-01 5.001264012880045629e-01 4.991818162244420209e-01 5.678675734381806173e-01
6.591000000000000000e+03 3.605321834863413621e-01 4.198770441526824548e-01 4.631470878653093370e-01 4.606230807701722219e-01 3.397413054625413320e-01 3.273947397544861304e-01 4.584354067694708657e-01 4.533032097321536003e-01 4.716871118437979127e-01 7.065853345105351790e-01
6.592000000000000000e+03 3.146784645433332028e-01 4.630933636770067641e-01 5.130456467434527656e-01 3.581913147785069085e-01 3.624829569313632316e-01 3.739192486186608821e-01 4.411099095658717051e-01 4.545155735534494590e-01 6.317587249106454417e-01 5.327497765903344007e-01
6.593000000000000000e+03 3.538927909407125205e-01 5.009109356741121566e-01 4.198721360546628367e-01 3.696061226477093675e-01 3.946220491840501943e-01 3.425412020423271864e-01 4.323569290085344519e-01 6.182573422344592728e-01 4.585042693730703722e-01 5.637567859733567666e-01
6.594000000000000000e+03 3.884975978057856327e-01 4.100435820172970702e-01 4.224597825002316953e-01 3.914630686531711534e-01 3.569685243250578233e-01 3.229091319667437565e-01 6.027531007240725103e-01 4.233744239691374922e-01 4.807451871996669124e-01 6.743755015959521648e-01
6.595000000000000000e+03 2.945509589493043312e-01 4.176041023807209318e-01 4.463110041251914795e-01 3.630661593595605474e-01 3.463226647466675079e-01 5.259078521520332838e-01 3.969532659969471911e-01 4.538188164837721472e-01 5.914417848115451903e-01 6.556837590849190489e-01
